channel_id,sequence,send_height,ack_height,block_delay
channel-779,1173,30385807,30385830,23
channel-6994,1326399,30385812,30385821,9
channel-75,845470,30385819,30385842,23
channel-4,167099,30385825,30385836,11
channel-6994,1326400,30385831,30385843,12
channel-75,845471,30385831,30385839,8
channel-0,4040969,30385841,30385849,8
channel-204,670891,30385841,30385849,8
channel-6994,1326401,30385844,30385853,9
channel-750,685918,30385849,30385860,11
channel-108,39879,30385854,30385870,16
channel-108,39880,30385861,30385870,9
channel-94814,3824,30385879,30385889,10
channel-72,516525,30385902,30385955,53
channel-874,293636,30385902,30385917,15
channel-783,104455,30385907,30385914,7
channel-122,668531,30385917,30385926,9
channel-1,408825,30385919,30385932,13
channel-6994,1326402,30385920,30385937,17
channel-72,516526,30385933,30385978,45
channel-6787,166874,30385944,30385948,4
channel-750,685919,30385949,30385961,12
channel-874,293637,30385951,30385955,4
channel-320,119317,30385957,30386019,62
channel-6994,1326403,30385957,30385968,11
channel-122,668532,30385957,30385960,3
channel-874,293638,30385962,30385968,6
channel-6787,166875,30385966,30385971,5
channel-5,184410,30385966,30385972,6
channel-0,4040970,30385979,30385993,14
channel-1,408826,30385987,30385994,7
channel-750,685920,30385989,30385993,4
channel-6994,1326404,30385992,30386005,13
channel-21113,25377,30385993,30386000,7
channel-98451,130,30386001,30386022,21
channel-1,408827,30386005,30386019,14
channel-208,1491340,30386010,30386023,13
channel-72,516527,30386014,30386048,34
channel-122,668533,30386022,30386025,3
channel-21113,25378,30386028,30386034,6
channel-72,516528,30386041,30386067,26
channel-1,408828,30386065,30386077,12
channel-143,128511,30386078,30386090,12
channel-4,167100,30386080,30386090,10
channel-98451,131,30386088,30386100,12
channel-326,538622,30386094,30386103,9
channel-199,133035,30386102,30386113,11
channel-208,1491341,30386109,30386119,10
channel-208,1491342,30386110,30386119,9
channel-85077,61394,30386112,30386119,7
channel-6994,1326405,30386120,30386131,11
channel-750,685921,30386131,30386146,15
channel-750,685922,30386139,30386143,4
channel-208,1491343,30386149,30386158,9
channel-326,538623,30386165,30386170,5
channel-4,167101,30386180,30386189,9
channel-75,845472,30386181,30386189,8
channel-6994,1326406,30386193,30386205,12
channel-42,1490114,30386205,30386215,10
channel-750,685923,30386213,30386218,5
channel-0,4040971,30386215,30386226,11
channel-38946,124384,30386217,30386237,20
channel-0,4040972,30386223,30386238,15
channel-92956,227,30386231,30386242,11
channel-6,66644,30386233,30386249,16
channel-6994,1326407,30386238,30386249,11
channel-8945,17767,30386238,30386262,24
channel-326,538624,30386245,30386251,6
channel-750,685924,30386245,30386250,5
channel-0,4040973,30386253,30386265,12
channel-115,20447,30386255,30386266,11
channel-412,64702,30386259,30386271,12
channel-0,4040974,30386265,30386278,13
channel-750,685925,30386278,30386295,17
channel-6994,1326408,30386281,30386291,10
channel-4,167102,30386283,30386294,11
channel-0,4040975,30386291,30386303,12
channel-326,538625,30386312,30386362,50
channel-326,538626,30386312,30386357,45
channel-326,538627,30386312,30386362,50
channel-326,538628,30386312,30386328,16
channel-326,538629,30386312,30386362,50
channel-326,538630,30386312,30386362,50
channel-326,538631,30386312,30386362,50
channel-216,94358,30386320,30386397,77
channel-750,685926,30386331,30386337,6
channel-6994,1326409,30386342,30386354,12
channel-85077,61395,30386342,30386351,9
channel-208,1491344,30386358,30386368,10
channel-6994,1326410,30386362,30386371,9
channel-122,668534,30386364,30386367,3
channel-75,845473,30386365,30386371,6
channel-750,685927,30386379,30386392,13
channel-6787,166876,30386388,30386393,5
channel-1429,140861,30386406,30386416,10
channel-98451,132,30386410,30386423,13
channel-6994,1326411,30386412,30386422,10
channel-19774,346250,30386414,30386421,7
channel-750,685928,30386421,30386432,11
channel-85077,61396,30386422,30386431,9
channel-85077,61397,30386426,30386438,12
channel-6994,1326412,30386427,30386440,13
channel-0,4040976,30386432,30386442,10
channel-208,1491345,30386453,30386465,12
channel-6994,1326413,30386463,30386473,10
channel-6787,166877,30386480,30386485,5
channel-0,4040977,30386496,30386506,10
channel-19774,346251,30386503,30386512,9
channel-750,685929,30386531,30386543,12
channel-1,408829,30386533,30386553,20
channel-75,845474,30386534,30386541,7
channel-232,49237,30386544,30386556,12
channel-783,104456,30386546,30386556,10
channel-874,293639,30386569,30386593,24
channel-874,293640,30386580,30386587,7
channel-0,4040978,30386590,30386600,10
channel-143,128512,30386591,30386606,15
channel-0,4040979,30386594,30386604,10
channel-750,685930,30386616,30386627,11
channel-92956,228,30386628,30386642,14
channel-169,117534,30386636,30386660,24
channel-0,4040980,30386639,30386652,13
channel-412,64703,30386676,30386683,7
channel-750,685931,30386677,30386689,12
channel-750,685932,30386679,30386693,14
channel-85077,61398,30386693,30386703,10
channel-0,4040981,30386694,30386702,8
channel-750,685933,30386700,30386715,15
channel-750,685934,30386703,30386722,19
channel-0,4040982,30386712,30386723,11
channel-874,293641,30386715,30386733,18
channel-199,133036,30386717,30386724,7
channel-750,685935,30386746,30386762,16
channel-750,685936,30386749,30386761,12
channel-75,845475,30386750,30386768,18
channel-0,4040983,30386750,30386764,14
channel-94814,3825,30386766,30386778,12
channel-750,685937,30386777,30386787,10
channel-750,685938,30386778,30386787,9
channel-2188,43951,30386783,30386788,5
channel-0,4040984,30386790,30386798,8
channel-208,1491346,30386794,30386803,9
channel-208,1491347,30386794,30386803,9
channel-208,1491348,30386796,30386803,7
channel-750,685939,30386798,30386808,10
channel-144,86711,30386814,30386825,11
channel-750,685940,30386818,30386832,14
channel-19774,346252,30386819,30386829,10
channel-0,4040985,30386826,30386846,20
channel-874,293642,30386832,30386850,18
channel-19774,346253,30386846,30386854,8
channel-2188,43952,30386854,30386860,6
channel-75,845476,30386877,30386884,7
channel-750,685941,30386882,30386891,9
channel-6994,1326414,30386895,30386904,9
channel-2188,43953,30386907,30386912,5
channel-6994,1326415,30386916,30386926,10
channel-320,119318,30386916,30386933,17
channel-0,4040986,30386918,30386932,14
channel-874,293643,30386940,30386951,11
channel-1,408830,30386943,30386957,14
channel-85077,61399,30386953,30386962,9
channel-144,86712,30386967,30386980,13
channel-85791,3789,30386993,30386998,5
channel-320,119319,30386997,30387013,16
channel-75,845477,30387010,30387016,6
channel-38946,124385,30387015,30387048,33
channel-6994,1326416,30387031,30387042,11
channel-122,668535,30387037,30387040,3
channel-0,4040987,30387040,30387050,10
channel-122,668536,30387041,30387045,4
channel-6994,1326417,30387043,30387052,9
channel-38946,124386,30387054,30387076,22
channel-2188,43954,30387060,30387065,5
channel-750,685942,30387075,30387084,9
channel-38946,124387,30387077,30387090,13
channel-0,4040988,30387086,30387097,11
channel-19774,346254,30387098,30387111,13
channel-6994,1326418,30387103,30387112,9
channel-0,4040989,30387104,30387124,20
channel-38946,124388,30387107,30387125,18
channel-6994,1326419,30387107,30387117,10
channel-38946,124389,30387113,30387130,17
channel-0,4040990,30387114,30387124,10
channel-208,1491349,30387119,30387127,8
channel-0,4040991,30387123,30387134,11
channel-750,685943,30387132,30387140,8
channel-0,4040992,30387136,30387150,14
channel-38946,124390,30387140,30387158,18
channel-208,1491350,30387152,30387165,13
channel-326,538632,30387162,30387180,18
channel-216,94359,30387162,30387264,102
channel-208,1491351,30387164,30387175,11
channel-6787,166878,30387172,30387176,4
channel-208,1491352,30387174,30387184,10
channel-6994,1326420,30387176,30387186,10
channel-0,4040993,30387182,30387193,11
channel-204,670892,30387192,30387199,7
channel-0,4040994,30387199,30387207,8
channel-750,685944,30387218,30387229,11
channel-85077,61400,30387222,30387232,10
channel-38946,124391,30387226,30387238,12
channel-199,133037,30387227,30387234,7
channel-85077,61401,30387227,30387237,10
channel-750,685945,30387230,30387243,13
channel-38946,124392,30387232,30387246,14
channel-75,845478,30387242,30387249,7
channel-874,293644,30387244,30387253,9
channel-750,685946,30387246,30387256,10
channel-0,4040995,30387247,30387261,14
channel-92956,229,30387248,30387260,12
channel-750,685947,30387253,30387264,11
channel-2188,43955,30387256,30387261,5
channel-122,668537,30387265,30387269,4
channel-75016,4676,30387273,30387293,20
channel-38946,124393,30387304,30387319,15
channel-199,133038,30387311,30387322,11
channel-38946,124394,30387313,30387355,42
channel-0,4040996,30387315,30387326,11
channel-0,4040997,30387316,30387326,10
channel-750,685948,30387344,30387348,4
channel-38946,124395,30387346,30387359,13
channel-38946,124396,30387359,30387383,24
channel-1,408831,30387360,30387370,10
channel-22172,2621,30387362,30387371,9
channel-0,4040998,30387364,30387372,8
channel-750,685949,30387364,30387370,6
channel-750,685950,30387365,30387370,5
channel-199,133039,30387367,30387373,6
channel-38946,124397,30387367,30387378,11
channel-208,1491353,30387369,30387380,11
channel-750,685951,30387372,30387383,11
channel-208,1491354,30387391,30387402,11
channel-0,4040999,30387391,30387401,10
channel-750,685952,30387397,30387407,10
channel-4,167103,30387398,30387413,15
channel-0,4041000,30387399,30387411,12
channel-750,685953,30387402,30387413,11
channel-6994,1326421,30387404,30387413,9
channel-0,4041001,30387409,30387419,10
channel-38946,124398,30387410,30387416,6
channel-199,133040,30387418,30387430,12
channel-22172,2622,30387419,30387429,10
channel-750,685954,30387420,30387430,10
channel-0,4041002,30387422,30387431,9
channel-38946,124399,30387424,30387441,17
channel-874,293645,30387425,30387447,22
channel-750,685955,30387428,30387437,9
channel-38946,124400,30387436,30387472,36
channel-750,685956,30387450,30387468,18
channel-92956,230,30387450,30387460,10
channel-0,4041003,30387451,30387460,9
channel-98451,133,30387461,30387471,10
channel-122,668538,30387463,30387467,4
channel-85077,61402,30387487,30387496,9
channel-0,4041004,30387496,30387505,9
channel-85077,61403,30387509,30387519,10
channel-750,685957,30387515,30387526,11
channel-0,4041005,30387518,30387529,11
channel-88,467270,30387520,30387534,14
channel-6994,1326422,30387521,30387532,11
channel-0,4041006,30387527,30387538,11
channel-750,685958,30387528,30387538,10
channel-85077,61404,30387530,30387540,10
channel-750,685959,30387532,30387544,12
channel-750,685960,30387542,30387547,5
channel-874,293646,30387546,30387566,20
channel-0,4041007,30387551,30387562,11
channel-0,4041008,30387551,30387562,11
channel-85077,61405,30387551,30387560,9
channel-6994,1326423,30387552,30387577,25
channel-0,4041009,30387554,30387566,12
channel-750,685961,30387561,30387571,10
channel-6787,166879,30387568,30387572,4
channel-1,408832,30387572,30387582,10
channel-0,4041010,30387574,30387589,15
channel-0,4041011,30387575,30387589,14
channel-2188,43956,30387576,30387581,5
channel-6994,1326424,30387579,30387591,12
channel-85077,61406,30387579,30387589,10
channel-750,685962,30387587,30387592,5
channel-6994,1326425,30387589,30387599,10
channel-85077,61407,30387589,30387598,9
channel-874,293647,30387590,30387596,6
channel-208,1491355,30387591,30387603,12
channel-85077,61408,30387602,30387613,11
channel-750,685963,30387605,30387618,13
channel-85077,61409,30387616,30387623,7
channel-6994,1326426,30387621,30387630,9
channel-0,4041012,30387625,30387635,10
channel-874,293648,30387629,30387635,6
channel-6994,1326427,30387630,30387653,23
channel-19774,346255,30387636,30387645,9
channel-85077,61410,30387638,30387648,10
channel-76971,12274,30387639,30387656,17
channel-6994,1326428,30387649,30387658,9
channel-750,685964,30387650,30387663,13
channel-0,4041013,30387651,30387660,9
channel-0,4041014,30387658,30387669,11
channel-75,845479,30387664,30387672,8
channel-208,1491356,30387668,30387678,10
channel-874,293649,30387694,30387712,18
channel-0,4041015,30387699,30387708,9
channel-85077,61411,30387709,30387719,10
channel-85077,61412,30387715,30387724,9
channel-0,4041016,30387719,30387730,11
channel-0,4041017,30387720,30387741,21
channel-85791,3790,30387721,30387727,6
channel-85077,61413,30387727,30387739,12
channel-19774,346256,30387728,30387738,10
channel-750,685965,30387730,30387736,6
channel-779,1174,30387731,30387977,246
channel-85077,61414,30387732,30387746,14
channel-0,4041018,30387744,30387755,11
channel-0,4041019,30387749,30387760,11
channel-208,1491357,30387750,30387761,11
channel-85077,61415,30387757,30387768,11
channel-750,685966,30387758,30387769,11
channel-4,167104,30387760,30387772,12
channel-75,845480,30387765,30387773,8
channel-0,4041020,30387768,30387780,12
channel-199,133041,30387769,30387781,12
channel-38946,124403,30387780,30387816,36
channel-1,408833,30387782,30387792,10
channel-38946,124404,30387786,30387804,18
channel-0,4041021,30387800,30387809,9
channel-0,4041022,30387804,30387811,7
channel-750,685967,30387809,30387821,12
channel-85077,61416,30387811,30387822,11
channel-874,293650,30387811,30387832,21
channel-85077,61417,30387813,30387824,11
channel-38946,124405,30387828,30387838,10
channel-38946,124406,30387836,30387852,16
channel-750,685968,30387840,30387849,9
channel-750,685969,30387842,30387859,17
channel-0,4041023,30387845,30387859,14
channel-0,4041024,30387845,30387859,14
channel-783,104457,30387851,30387858,7
channel-874,293651,30387852,30387860,8
channel-750,685970,30387857,30387867,10
channel-85077,61418,30387857,30387867,10
channel-144,86713,30387858,30387871,13
channel-42,1490115,30387859,30387866,7
channel-38946,124407,30387867,30387885,18
channel-0,4041025,30387869,30387885,16
channel-208,1491358,30387871,30387882,11
channel-0,4041026,30387873,30387887,14
channel-199,133042,30387877,30387886,9
channel-38946,124408,30387879,30387894,15
channel-38946,124409,30387881,30387896,15
channel-85077,61419,30387883,30387892,9
channel-113,301405,30387885,30387937,52
channel-750,685971,30387886,30387896,10
channel-874,293652,30387889,30387896,7
channel-6897,5660,30387889,30387896,7
channel-85077,61420,30387892,30387898,6
channel-38946,124410,30387896,30387906,10
channel-91017,2953,30387900,30387950,50
channel-94814,3826,30387904,30387917,13
channel-0,4041027,30387906,30387916,10
channel-42,1490116,30387907,30387914,7
channel-38946,124411,30387907,30387916,9
channel-92956,231,30387909,30387920,11
channel-6994,1326429,30387911,30387924,13
channel-874,293653,30387919,30387925,6
channel-75,845481,30387931,30387938,7
channel-326,538633,30387932,30387946,14
channel-38946,124412,30387940,30387957,17
channel-75,845482,30387941,30387949,8
channel-6994,1326430,30387944,30387954,10
channel-0,4041028,30387946,30387958,12
channel-750,685972,30387946,30387957,11
channel-6994,1326431,30387948,30387959,11
channel-6994,1326432,30387948,30387959,11
channel-98451,134,30387949,30387963,14
channel-874,293654,30387949,30387953,4
channel-1429,140862,30387953,30387962,9
channel-320,119320,30387955,30387967,12
channel-874,293655,30387958,30387988,30
channel-38946,124415,30387968,30387980,12
channel-122,668539,30387969,30387973,4
channel-750,685973,30387970,30388003,33
channel-750,685974,30387978,30387986,8
channel-38946,124416,30387980,30387994,14
channel-874,293656,30387985,30387991,6
channel-6994,1326433,30387989,30388001,12
channel-750,685975,30387992,30388006,14
channel-19774,346257,30388000,30388010,10
channel-91017,2954,30388007,30388033,26
channel-199,133043,30388010,30388023,13
channel-874,293657,30388024,30388030,6
channel-750,685976,30388032,30388047,15
channel-0,4041029,30388038,30388046,8
channel-4,167105,30388040,30388048,8
channel-38946,124418,30388040,30388051,11
channel-6994,1326434,30388041,30388050,9
channel-38946,124420,30388049,30388090,41
channel-85077,61421,30388054,30388065,11
channel-874,293658,30388055,30388060,5
channel-208,1491359,30388060,30388071,11
channel-750,685977,30388061,30388070,9
channel-412,64704,30388061,30388070,9
channel-38946,124421,30388061,30388073,12
channel-91017,2955,30388067,30388190,123
channel-85077,61422,30388067,30388074,7
channel-38946,124422,30388068,30388077,9
channel-38946,124423,30388072,30388085,13
channel-208,1491360,30388073,30388084,11
channel-750,685978,30388075,30388084,9
channel-0,4041030,30388078,30388084,6
channel-0,4041031,30388081,30388094,13
channel-2,130715,30388092,30388104,12
channel-874,293659,30388093,30388098,5
channel-208,1491361,30388094,30388106,12
channel-85077,61423,30388097,30388107,10
channel-89321,19614,30388100,30388118,18
channel-6994,1326435,30388117,30388126,9
channel-0,4041032,30388122,30388132,10
channel-874,293660,30388134,30388144,10
channel-6994,1326436,30388136,30388144,8
channel-38946,124426,30388140,30388153,13
channel-38946,124428,30388149,30388162,13
channel-1,408834,30388151,30388162,11
channel-38946,124429,30388155,30388171,16
channel-750,685979,30388158,30388162,4
channel-6994,1326437,30388164,30388175,11
channel-874,293661,30388170,30388177,7
channel-0,4041033,30388173,30388197,24
channel-412,64705,30388180,30388193,13
channel-6994,1326438,30388181,30388193,12
channel-38946,124430,30388194,30388207,13
channel-0,4041034,30388198,30388208,10
channel-6994,1326439,30388199,30388214,15
channel-98451,135,30388201,30388214,13
channel-874,293662,30388203,30388208,5
channel-412,64706,30388203,30388213,10
channel-75,845483,30388207,30388214,7
channel-38946,124431,30388208,30388220,12
channel-750,685980,30388211,30388216,5
channel-6994,1326440,30388216,30388230,14
channel-6994,1326441,30388218,30388230,12
channel-38946,124432,30388220,30388239,19
channel-38946,124433,30388230,30388266,36
channel-0,4041035,30388235,30388245,10
channel-6994,1326442,30388237,30388246,9
channel-38946,124434,30388237,30388249,12
channel-874,293663,30388238,30388246,8
channel-75,845484,30388243,30388249,6
channel-75,845485,30388246,30388252,6
channel-199,133044,30388255,30388266,11
channel-38946,124435,30388255,30388271,16
channel-208,1491362,30388259,30388270,11
channel-0,4041036,30388259,30388268,9
channel-874,293664,30388267,30388273,6
channel-412,64707,30388267,30388284,17
channel-143,128513,30388275,30388287,12
channel-0,4041037,30388282,30388312,30
channel-19774,346258,30388282,30388289,7
channel-0,4041038,30388283,30388291,8
channel-6994,1326443,30388284,30388293,9
channel-6994,1326444,30388290,30388302,12
channel-6994,1326445,30388297,30388308,11
channel-75,845486,30388303,30388310,7
channel-874,293665,30388304,30388311,7
channel-38946,124438,30388306,30388317,11
channel-38946,124440,30388318,30388337,19
channel-122,668540,30388319,30388322,3
channel-38946,124441,30388329,30388346,17
channel-85077,61424,30388332,30388341,9
channel-340,3214,30388335,30388344,9
channel-199,133045,30388338,30388346,8
channel-874,293666,30388342,30388348,6
channel-199,133046,30388359,30388371,12
channel-88,467271,30388362,30388375,13
channel-6994,1326446,30388362,30388372,10
channel-229,55071,30388367,30388377,10
channel-874,293667,30388379,30388384,5
channel-229,55072,30388381,30388390,9
channel-750,685981,30388386,30388393,7
channel-229,55073,30388396,30388406,10
channel-0,4041039,30388397,30388410,13
channel-0,4041040,30388402,30388411,9
channel-113,301406,30388404,30388456,52
channel-38946,124443,30388406,30388415,9
channel-229,55074,30388408,30388415,7
channel-89298,18784,30388411,30388418,7
channel-874,293668,30388411,30388415,4
channel-0,4041041,30388411,30388420,9
channel-229,55075,30388418,30388429,11
channel-326,538634,30388425,30388434,9
channel-19774,346259,30388425,30388437,12
channel-38946,124446,30388428,30388438,10
channel-0,4041042,30388432,30388444,12
channel-0,4041043,30388437,30388452,15
channel-750,685982,30388443,30388448,5
channel-1,408835,30388447,30388455,8
channel-874,293669,30388448,30388453,5
channel-340,3215,30388451,30388459,8
channel-229,55076,30388452,30388458,6
channel-38946,124447,30388471,30388485,14
channel-0,4041044,30388473,30388483,10
channel-38946,124448,30388483,30388500,17
channel-874,293670,30388484,30388494,10
channel-42,1490117,30388489,30388495,6
channel-259,314509,30388497,30388503,6
channel-199,133047,30388498,30388508,10
channel-326,538635,30388498,30388507,9
channel-72,516529,30388520,30388587,67
channel-38946,124452,30388520,30388532,12
channel-89298,18785,30388543,30388556,13
channel-320,119321,30388565,30388574,9
channel-199,133048,30388571,30388581,10
channel-0,4041045,30388571,30388580,9
channel-38946,124453,30388572,30388583,11
channel-19774,346260,30388584,30388595,11
channel-38946,124456,30388590,30388611,21
channel-75,845487,30388591,30388599,8
channel-21113,25379,30388592,30388599,7
channel-98451,136,30388599,30388614,15
channel-94814,3827,30388608,30388621,13
channel-38946,124458,30388610,30388631,21
channel-326,538636,30388616,30388621,5
channel-6994,1326447,30388621,30388629,8
channel-750,685983,30388628,30388639,11
channel-0,4041046,30388639,30388650,11
channel-0,4041047,30388654,30388662,8
channel-92956,232,30388655,30388666,11
channel-2188,43957,30388660,30388665,5
channel-6994,1326448,30388662,30388671,9
channel-0,4041048,30388666,30388675,9
channel-6994,1326449,30388666,30388676,10
channel-208,1491363,30388686,30388696,10
channel-874,293671,30388689,30388698,9
channel-750,685984,30388698,30388712,14
channel-85077,61425,30388705,30388714,9
channel-6994,1326450,30388712,30388720,8
channel-85077,61426,30388712,30388721,9
channel-6994,1326451,30388715,30388724,9
channel-208,1491364,30388717,30388727,10
channel-72,516530,30388727,30388771,44
channel-320,119322,30388729,30388749,20
channel-874,293672,30388729,30388737,8
channel-208,1491365,30388737,30388747,10
channel-6994,1326452,30388741,30388752,11
channel-6994,1326453,30388767,30388781,14
channel-1,408836,30388770,30388780,10
channel-874,293673,30388775,30388780,5
channel-204,670893,30388776,30388782,6
channel-750,685985,30388777,30388785,8
channel-0,4041049,30388791,30388804,13
channel-750,685986,30388795,30388804,9
channel-874,293674,30388803,30388810,7
channel-783,104458,30388806,30388815,9
channel-874,293675,30388816,30388820,4
channel-1,408837,30388817,30388828,11
channel-6994,1326454,30388820,30388827,7
channel-0,4041050,30388824,30388835,11
channel-0,4041051,30388833,30388844,11
channel-208,1491366,30388842,30388853,11
channel-874,293676,30388846,30388855,9
channel-0,4041052,30388846,30388858,12
channel-0,4041053,30388848,30388858,10
channel-1,408838,30388860,30388874,14
channel-199,133049,30388862,30388875,13
channel-6994,1326455,30388867,30388880,13
channel-750,685987,30388870,30388875,5
channel-0,4041054,30388871,30388881,10
channel-6994,1326456,30388875,30388885,10
channel-750,685988,30388876,30388888,12
channel-874,293677,30388881,30388893,12
channel-0,4041055,30388885,30388898,13
channel-0,4041056,30388885,30388898,13
channel-85791,3791,30388886,30388894,8
channel-259,314510,30388887,30388894,7
channel-0,4041057,30388888,30388902,14
channel-75,845488,30388894,30388911,17
channel-75,845489,30388896,30388903,7
channel-208,1491367,30388903,30388915,12
channel-874,293678,30388908,30388914,6
channel-783,104459,30388911,30388917,6
channel-750,685989,30388917,30388920,3
channel-89298,18786,30388930,30388938,8
channel-208,1491368,30388930,30388940,10
channel-0,4041058,30388940,30388950,10
channel-874,293679,30388941,30388946,5
channel-0,4041059,30388946,30388956,10
channel-1,408839,30388946,30388960,14
channel-0,4041060,30388948,30388961,13
channel-6994,1326457,30388950,30388959,9
channel-6994,1326458,30388956,30388968,12
channel-874,293680,30388977,30388987,10
channel-42,1490118,30388981,30388989,8
channel-750,685990,30388997,30389002,5
channel-0,4041061,30388998,30389007,9
channel-874,293681,30389016,30389023,7
channel-2186,40815,30389016,30389027,11
channel-89321,19615,30389028,30389055,27
channel-5,184411,30389029,30389041,12
channel-259,314511,30389037,30389045,8
channel-874,293682,30389041,30389047,6
channel-184,137476,30389050,30389060,10
channel-42,1490119,30389053,30389063,10
channel-783,104460,30389053,30389059,6
channel-0,4041062,30389062,30389068,6
channel-1,408840,30389066,30389078,12
channel-85077,61427,30389068,30389080,12
channel-874,293683,30389073,30389078,5
channel-750,685991,30389078,30389082,4
channel-750,685992,30389084,30389095,11
channel-326,538637,30389085,30389091,6
channel-208,1491369,30389085,30389093,8
channel-38946,124459,30389087,30389106,19
channel-85077,61428,30389099,30389110,11
channel-75,845490,30389104,30389112,8
channel-6994,1326459,30389108,30389121,13
channel-874,293684,30389110,30389115,5
channel-89321,19616,30389110,30389140,30
channel-6994,1326460,30389112,30389121,9
channel-0,4041063,30389117,30389123,6
channel-0,4041064,30389117,30389123,6
channel-92956,233,30389125,30389136,11
channel-6994,1326461,30389127,30389167,40
channel-89298,18787,30389132,30389141,9
channel-208,1491370,30389139,30389147,8
channel-89298,18788,30389142,30389150,8
channel-874,293685,30389146,30389152,6
channel-85077,61429,30389149,30389159,10
channel-6994,1326462,30389157,30389171,14
channel-6994,1326463,30389158,30389171,13
channel-6994,1326464,30389160,30389171,11
channel-75,845491,30389160,30389167,7
channel-750,685993,30389165,30389169,4
channel-98451,137,30389173,30389190,17
channel-6994,1326465,30389177,30389185,8
channel-6994,1326466,30389179,30389188,9
channel-1,408841,30389181,30389192,11
channel-874,293686,30389183,30389185,2
channel-85077,61430,30389183,30389191,8
channel-6994,1326467,30389186,30389198,12
channel-6994,1326468,30389192,30389225,33
channel-6994,1326469,30389205,30389216,11
channel-85077,61431,30389211,30389223,12
channel-6994,1326470,30389218,30389229,11
channel-6994,1326471,30389219,30389229,10
channel-874,293687,30389223,30389229,6
channel-208,1491371,30389231,30389241,10
channel-0,4041065,30389232,30389242,10
channel-85077,61432,30389232,30389242,10
channel-85077,61433,30389237,30389248,11
channel-15464,2666,30389252,30389295,43
channel-750,685994,30389254,30389261,7
channel-0,4041066,30389255,30389266,11
channel-75,845492,30389256,30389264,8
channel-85077,61434,30389265,30389276,11
channel-6994,1326472,30389267,30389276,9
channel-6994,1326473,30389272,30389278,6
channel-208,1491372,30389272,30389280,8
channel-0,4041067,30389286,30389298,12
channel-326,538638,30389290,30389314,24
channel-85077,61435,30389300,30389308,8
channel-75,845493,30389301,30389309,8
channel-750,685995,30389301,30389307,6
channel-204,670894,30389301,30389311,10
channel-42,1490120,30389304,30389313,9
channel-0,4041068,30389304,30389317,13
channel-326,538639,30389308,30389314,6
channel-85077,61436,30389311,30389321,10
channel-6994,1326474,30389312,30389350,38
channel-783,104461,30389322,30389328,6
channel-38946,124460,30389323,30389336,13
channel-783,104462,30389331,30389337,6
channel-75,845494,30389331,30389339,8
channel-767,14401,30389332,30389341,9
channel-783,104463,30389342,30389348,6
channel-85077,61437,30389342,30389359,17
channel-0,4041069,30389343,30389352,9
channel-0,4041070,30389345,30389357,12
channel-0,4041071,30389346,30389357,11
channel-2186,40816,30389350,30389360,10
channel-0,4041072,30389356,30389366,10
channel-85077,61438,30389359,30389367,8
channel-199,133050,30389364,30389395,31
channel-6994,1326475,30389366,30389388,22
channel-6994,1326476,30389366,30389374,8
channel-0,4041073,30389368,30389380,12
channel-326,538640,30389370,30389376,6
channel-6994,1326477,30389373,30389416,43
channel-85077,61439,30389374,30389384,10
channel-6994,1326478,30389376,30389388,12
channel-6994,1326479,30389386,30389395,9
channel-89321,19617,30389387,30389395,8
channel-19774,346261,30389391,30389398,7
channel-6994,1326480,30389398,30389411,13
channel-0,4041074,30389400,30389409,9
channel-199,133051,30389405,30389415,10
channel-85077,61440,30389405,30389415,10
channel-19774,346262,30389408,30389418,10
channel-874,293688,30389412,30389423,11
channel-6994,1326481,30389415,30389425,10
channel-122,668541,30389415,30389418,3
channel-326,538641,30389418,30389424,6
channel-0,4041075,30389419,30389431,12
channel-85077,61441,30389420,30389430,10
channel-85077,61442,30389427,30389439,12
channel-6994,1326482,30389427,30389445,18
channel-199,133052,30389431,30389457,26
channel-1279,67158,30389431,30389442,11
channel-85077,61443,30389431,30389442,11
channel-89321,19618,30389436,30389442,6
channel-6994,1326483,30389439,30389475,36
channel-89321,19619,30389448,30389462,14
channel-0,4041076,30389448,30389459,11
channel-6994,1326484,30389450,30389458,8
channel-89321,19620,30389460,30389468,8
channel-208,1491373,30389467,30389478,11
channel-208,1491374,30389472,30389483,11
channel-85077,61444,30389479,30389489,10
channel-38946,124461,30389487,30389506,19
channel-326,538642,30389493,30389499,6
channel-326,538643,30389493,30389499,6
channel-326,538644,30389493,30389499,6
channel-326,538645,30389493,30389499,6
channel-326,538646,30389493,30389499,6
channel-326,538647,30389493,30389499,6
channel-326,538648,30389493,30389499,6
channel-326,538649,30389493,30389499,6
channel-259,314512,30389512,30389517,5
channel-750,685996,30389525,30389530,5
channel-874,293689,30389534,30389540,6
channel-0,4041077,30389537,30389547,10
channel-6994,1326485,30389539,30389547,8
channel-0,4041078,30389545,30389558,13
channel-85791,3792,30389547,30389552,5
channel-6994,1326486,30389553,30389564,11
channel-21113,25380,30389564,30389575,11
channel-199,133053,30389570,30389582,12
channel-122,668542,30389571,30389575,4
channel-0,4041079,30389576,30389589,13
channel-21113,25381,30389581,30389588,7
channel-874,293690,30389581,30389587,6
channel-0,4041080,30389588,30389598,10
channel-72,516531,30389592,30389640,48
channel-6994,1326487,30389593,30389603,10
channel-1,408842,30389622,30389634,12
channel-874,293691,30389625,30389635,10
channel-874,293692,30389626,30389635,9
channel-0,4041081,30389628,30389638,10
channel-85077,61445,30389629,30389647,18
channel-326,538650,30389633,30389655,22
channel-750,685997,30389634,30389639,5
channel-85077,61446,30389637,30389647,10
channel-0,4041082,30389638,30389663,25
channel-208,1491375,30389643,30389654,11
channel-6994,1326488,30389645,30389686,41
channel-874,293693,30389663,30389668,5
channel-6994,1326489,30389672,30389695,23
channel-208,1491376,30389672,30389681,9
channel-750,685998,30389673,30389679,6
channel-85077,61447,30389676,30389689,13
channel-874,293694,30389680,30389686,6
channel-85077,61448,30389685,30389695,10
channel-208,1491377,30389690,30389698,8
channel-874,293695,30389695,30389700,5
channel-6994,1326490,30389707,30389751,44
channel-750,685999,30389717,30389727,10
channel-85077,61449,30389719,30389730,11
channel-326,538651,30389722,30389727,5
channel-87,182916,30389725,30389770,45
channel-874,293696,30389726,30389732,6
channel-0,4041083,30389737,30389746,9
channel-85077,61450,30389740,30389749,9
channel-1,408843,30389744,30389755,11
channel-204,670895,30389757,30389768,11
channel-874,293697,30389761,30389766,5
channel-750,686000,30389768,30389783,15
channel-2188,43958,30389772,30389778,6
channel-85077,61451,30389775,30389784,9
channel-6994,1326491,30389779,30389812,33
channel-0,4041084,30389780,30389789,9
channel-85077,61452,30389788,30389797,9
channel-874,293698,30389797,30389804,7
channel-208,1491378,30389797,30389807,10
channel-0,4041085,30389802,30389810,8
channel-6994,1326492,30389806,30389817,11
channel-750,686001,30389807,30389821,14
channel-85077,61453,30389815,30389824,9
channel-0,4041086,30389835,30389844,9
channel-874,293699,30389838,30389842,4
channel-326,538652,30389841,30389852,11
channel-0,4041087,30389856,30389870,14
channel-199,133054,30389862,30389875,13
channel-6994,1326493,30389869,30389881,12
channel-874,293700,30389874,30389880,6
channel-0,4041088,30389882,30389891,9
channel-750,686002,30389894,30389899,5
channel-85077,61454,30389895,30389925,30
channel-144,86714,30389901,30389912,11
channel-199,133055,30389905,30389917,12
channel-874,293701,30389905,30389916,11
channel-0,4041089,30389909,30389919,10
channel-0,4041090,30389929,30389939,10
channel-6994,1326494,30389934,30389943,9
channel-144,86715,30389946,30389960,14
channel-874,293702,30389946,30389952,6
channel-208,1491379,30389948,30389959,11
channel-0,4041091,30389953,30389961,8
channel-85077,61455,30389957,30389965,8
channel-0,4041092,30389980,30389989,9
channel-874,293703,30389981,30389990,9
channel-326,538653,30389986,30389993,7
channel-208,1491380,30389993,30390003,10
channel-75,845495,30389994,30390024,30
channel-750,686003,30389994,30390014,20
channel-144,86716,30390007,30390019,12
channel-5,184412,30390017,30390025,8
channel-6994,1326495,30390018,30390029,11
channel-874,293704,30390020,30390025,5
channel-113,301407,30390024,30390386,362
channel-85077,61456,30390028,30390036,8
channel-750,686004,30390036,30390041,5
channel-783,104464,30390039,30390045,6
channel-874,293705,30390052,30390058,6
channel-98451,138,30390055,30390069,14
channel-5,184413,30390059,30390071,12
channel-6994,1326496,30390061,30390073,12
channel-144,86717,30390061,30390078,17
channel-750,686005,30390064,30390088,24
channel-199,133056,30390070,30390082,12
channel-0,4041093,30390073,30390083,10
channel-42,1490121,30390086,30390098,12
channel-0,4041094,30390086,30390098,12
channel-874,293706,30390087,30390092,5
channel-85077,61457,30390096,30390111,15
channel-6,66645,30390098,30390110,12
channel-85077,61458,30390106,30390114,8
channel-0,4041095,30390114,30390124,10
channel-2,130716,30390116,30390125,9
channel-874,293707,30390120,30390130,10
channel-85077,61459,30390133,30390140,7
channel-199,133057,30390137,30390147,10
channel-85077,61460,30390137,30390150,13
channel-874,293708,30390164,30390169,5
channel-0,4041096,30390166,30390177,11
channel-19774,346263,30390180,30390196,16
channel-750,686006,30390190,30390203,13
channel-85077,61461,30390195,30390211,16
channel-88,467272,30390203,30390212,9
channel-85077,61462,30390203,30390214,11
channel-85077,61463,30390206,30390215,9
channel-85077,61464,30390238,30390248,10
channel-326,538654,30390251,30390258,7
channel-122,668543,30390262,30390265,3
channel-874,293709,30390264,30390269,5
channel-0,4041097,30390268,30390280,12
channel-122,668544,30390271,30390276,5
channel-0,4041098,30390276,30390288,12
channel-6994,1326497,30390278,30390288,10
channel-750,686007,30390280,30390286,6
channel-89321,19621,30390281,30390294,13
channel-208,1491381,30390283,30390293,10
channel-2,130717,30390285,30390295,10
channel-874,293710,30390285,30390289,4
channel-326,538655,30390285,30390292,7
channel-750,686008,30390292,30390298,6
channel-89298,18789,30390308,30390317,9
channel-6994,1326498,30390310,30390319,9
channel-6994,1326499,30390314,30390324,10
channel-75,845496,30390316,30390321,5
channel-6994,1326500,30390318,30390328,10
channel-259,314513,30390334,30390340,6
channel-750,686009,30390335,30390349,14
channel-208,1491382,30390348,30390362,14
channel-259,314514,30390359,30390368,9
channel-199,133058,30390369,30390378,9
channel-0,4041099,30390382,30390390,8
channel-143,128514,30390382,30390392,10
channel-1,408844,30390383,30390393,10
channel-113,301408,30390386,30390417,31
channel-92956,234,30390392,30390405,13
channel-113,301409,30390396,30390444,48
channel-642,126580,30390398,30390436,38
channel-85077,61465,30390405,30390420,15
channel-0,4041100,30390423,30390430,7
channel-85077,61466,30390434,30390445,11
channel-750,686010,30390469,30390474,5
channel-326,538656,30390479,30390485,6
channel-0,4041101,30390484,30390508,24
channel-0,4041102,30390487,30390498,11
channel-1575,15212,30390495,30390504,9
channel-98451,139,30390496,30390509,13
channel-0,4041103,30390516,30390528,12
channel-0,4041104,30390525,30390533,8
channel-750,686011,30390584,30390600,16
channel-6994,1326501,30390591,30390603,12
channel-0,4041105,30390597,30390606,9
channel-165,71498,30390598,30390609,11
channel-750,686012,30390604,30390610,6
channel-6994,1326502,30390604,30390617,13
channel-0,4041106,30390605,30390618,13
channel-6994,1326503,30390608,30390650,42
channel-89298,18790,30390621,30390633,12
channel-0,4041107,30390622,30390635,13
channel-6994,1326504,30390630,30390640,10
channel-208,1491383,30390633,30390644,11
channel-0,4041108,30390633,30390644,11
channel-6994,1326505,30390660,30390670,10
channel-326,538657,30390660,30390672,12
channel-85077,61467,30390667,30390676,9
channel-0,4041109,30390669,30390680,11
channel-6994,1326506,30390703,30390711,8
channel-0,4041110,30390705,30390715,10
channel-85077,61468,30390719,30390727,8
channel-199,133059,30390725,30390730,5
channel-85077,61469,30390733,30390740,7
channel-782,310324,30390740,30390755,15
channel-148,16105,30390742,30390749,7
channel-0,4041111,30390744,30390754,10
channel-0,4041112,30390745,30390754,9
channel-113,301410,30390750,30390793,43
channel-6994,1326507,30390752,30390761,9
channel-199,133060,30390755,30390770,15
channel-199,133061,30390756,30390770,14
channel-85077,61470,30390756,30390764,8
channel-0,4041113,30390758,30390768,10
channel-199,133062,30390761,30390770,9
channel-0,4041114,30390770,30390778,8
channel-144,86718,30390770,30390782,12
channel-6994,1326508,30390784,30390796,12
channel-1575,15213,30390789,30390797,8
channel-6994,1326509,30390795,30390804,9
channel-208,1491384,30390796,30390806,10
channel-326,538658,30390799,30390825,26
channel-259,314515,30390800,30390807,7
channel-208,1491385,30390800,30390811,11
channel-0,4041115,30390814,30390828,14
channel-0,4041116,30390828,30390838,10
channel-750,686013,30390828,30390832,4
channel-0,4041117,30390831,30390843,12
channel-750,686014,30390844,30390852,8
channel-0,4041118,30390852,30390862,10
channel-782,310325,30390857,30390866,9
channel-0,4041119,30390857,30390867,10
channel-79703,4469,30390859,30390869,10
channel-144,86719,30390860,30390871,11
channel-0,4041120,30390874,30390885,11
channel-19774,346264,30390893,30390904,11
channel-326,538659,30390893,30390901,8
channel-750,686015,30390895,30390913,18
channel-750,686016,30390898,30390906,8
channel-6994,1326510,30390904,30390915,11
channel-73,51347,30390908,30390920,12
channel-6994,1326511,30390911,30390918,7
channel-0,4041121,30390911,30390920,9
channel-0,4041122,30390918,30390930,12
channel-72,516532,30390919,30390951,32
channel-85077,61471,30390938,30390949,11
channel-6994,1326512,30390939,30390948,9
channel-0,4041123,30390940,30390950,10
channel-874,293711,30390947,30390957,10
channel-0,4041124,30390949,30390973,24
channel-750,686017,30390950,30390955,5
channel-0,4041125,30390955,30390964,9
channel-208,1491386,30390956,30390964,8
channel-326,538660,30390960,30390969,9
channel-2186,40817,30390961,30390973,12
channel-79703,4470,30390964,30390978,14
channel-73,51348,30390966,30390976,10
channel-0,4041126,30390972,30390984,12
channel-89298,18791,30390981,30390992,11
channel-326,538661,30390999,30391007,8
channel-326,538662,30391013,30391018,5
channel-208,1491387,30391015,30391028,13
channel-6994,1326513,30391018,30391029,11
channel-73,51349,30391023,30391036,13
channel-750,686018,30391028,30391049,21
channel-6994,1326514,30391029,30391037,8
channel-750,686019,30391032,30391038,6
channel-750,686020,30391037,30391044,7
channel-89298,18792,30391041,30391052,11
channel-258,17767,30391065,30391079,14
channel-229,55077,30391072,30391089,17
channel-75,845497,30391076,30391083,7
channel-19774,346265,30391076,30391086,10
channel-6994,1326515,30391078,30391088,10
channel-19774,346266,30391086,30391097,11
channel-0,4041127,30391088,30391097,9
channel-72,516533,30391095,30391142,47
channel-6994,1326516,30391097,30391109,12
channel-1429,140863,30391099,30391143,44
channel-19774,346267,30391108,30391118,10
channel-19774,346268,30391121,30391133,12
channel-122,668545,30391126,30391130,4
channel-750,686021,30391143,30391158,15
channel-6994,1326517,30391149,30391160,11
channel-6994,1326518,30391159,30391172,13
channel-6994,1326519,30391161,30391176,15
channel-750,686022,30391173,30391191,18
channel-0,4041128,30391174,30391182,8
channel-144,86720,30391185,30391195,10
channel-2188,43959,30391199,30391204,5
channel-75,845498,30391211,30391218,7
channel-874,293712,30391212,30391218,6
channel-6994,1326520,30391217,30391227,10
channel-188,190607,30391223,30391234,11
channel-0,4041129,30391231,30391243,12
channel-75,845499,30391232,30391240,8
channel-750,686023,30391252,30391256,4
channel-750,686024,30391272,30391277,5
channel-750,686025,30391283,30391289,6
channel-6994,1326521,30391284,30391294,10
channel-208,1491388,30391289,30391302,13
channel-750,686026,30391292,30391297,5
channel-0,4041130,30391295,30391305,10
channel-750,686027,30391309,30391331,22
channel-6994,1326522,30391310,30391322,12
channel-199,133063,30391311,30391323,12
channel-208,1491389,30391313,30391324,11
channel-6994,1326523,30391318,30391325,7
channel-750,686028,30391325,30391329,4
channel-750,686029,30391325,30391338,13
channel-874,293713,30391326,30391332,6
channel-4,167106,30391329,30391338,9
channel-320,119323,30391331,30391357,26
channel-6994,1326524,30391336,30391342,6
channel-6994,1326525,30391337,30391348,11
channel-6994,1326526,30391342,30391354,12
channel-750,686030,30391342,30391347,5
channel-75,845500,30391350,30391358,8
channel-122,668546,30391361,30391365,4
channel-75,845501,30391375,30391382,7
channel-199,133064,30391376,30391388,12
channel-6994,1326527,30391383,30391394,11
channel-320,119324,30391391,30391424,33
channel-0,4041131,30391395,30391420,25
channel-2494,32005,30391400,30391411,11
channel-208,1491390,30391409,30391420,11
channel-6994,1326528,30391424,30391436,12
channel-1424,7371,30391428,30391436,8
channel-199,133065,30391435,30391447,12
channel-750,686031,30391454,30391460,6
channel-19774,346269,30391459,30391468,9
channel-108,39881,30391466,30391505,39
channel-750,686032,30391487,30391491,4
channel-0,4041132,30391500,30391510,10
channel-6994,1326529,30391508,30391515,7
channel-750,686033,30391509,30391519,10
channel-0,4041133,30391513,30391520,7
channel-122,668547,30391520,30391523,3
channel-6994,1326530,30391521,30391533,12
channel-326,538663,30391537,30391542,5
channel-19774,346270,30391540,30391550,10
channel-122,668548,30391540,30391543,3
channel-326,538664,30391551,30391557,6
channel-750,686034,30391560,30391565,5
channel-122,668549,30391563,30391567,4
channel-326,538665,30391566,30391572,6
channel-144,86721,30391570,30391581,11
channel-326,538666,30391575,30391585,10
channel-326,538667,30391578,30391587,9
channel-6994,1326531,30391579,30391589,10
channel-88,467273,30391580,30391713,133
channel-326,538668,30391584,30391593,9
channel-0,4041134,30391589,30391600,11
channel-2186,40818,30391591,30391604,13
channel-326,538669,30391591,30391596,5
channel-326,538670,30391600,30391609,9
channel-326,538671,30391609,30391618,9
channel-85077,61472,30391616,30391624,8
channel-326,538672,30391618,30391628,10
channel-75,845502,30391623,30391629,6
channel-750,686035,30391632,30391637,5
channel-326,538673,30391635,30391641,6
channel-326,538674,30391644,30391650,6
channel-642,126581,30391645,30391674,29
channel-75,845503,30391645,30391653,8
channel-113,301411,30391647,30391705,58
channel-326,538675,30391656,30391666,10
channel-326,538676,30391667,30391674,7
channel-874,293714,30391670,30391676,6
channel-326,538677,30391674,30391683,9
channel-72,516534,30391680,30391702,22
channel-326,538678,30391684,30391689,5
channel-6994,1326532,30391689,30391710,21
channel-6994,1326533,30391694,30391705,11
channel-326,538679,30391698,30391705,7
channel-6994,1326534,30391703,30391713,10
channel-98451,140,30391706,30391718,12
channel-6994,1326535,30391710,30391723,13
channel-122,668550,30391713,30391717,4
channel-326,538680,30391714,30391723,9
channel-326,538681,30391723,30391733,10
channel-199,133066,30391723,30391734,11
channel-6994,1326536,30391725,30391739,14
channel-6,66646,30391745,30391761,16
channel-326,538682,30391748,30391755,7
channel-326,538683,30391748,30391755,7
channel-5,184414,30391748,30391760,12
channel-5,184415,30391760,30391768,8
channel-6994,1326537,30391767,30391779,12
channel-6994,1326538,30391775,30391783,8
channel-5,184416,30391775,30391785,10
channel-750,686036,30391781,30391785,4
channel-6994,1326539,30391790,30391801,11
channel-5,184417,30391795,30391807,12
channel-259,314516,30391803,30391808,5
channel-199,133067,30391811,30391828,17
channel-2186,40819,30391829,30391841,12
channel-216,94360,30391856,30391925,69
channel-21113,25382,30391861,30391867,6
channel-6994,1326540,30391862,30391868,6
channel-5,184418,30391862,30391871,9
channel-5,184419,30391886,30391896,10
channel-1279,67159,30391888,30391925,37
channel-85077,61473,30391890,30391900,10
channel-1279,67160,30391902,30391950,48
channel-199,133068,30391906,30391915,9
channel-38946,124462,30391906,30391916,10
channel-0,4041135,30391908,30391917,9
channel-326,538684,30391920,30391930,10
channel-874,293715,30391922,30391929,7
channel-5,184420,30391930,30391940,10
channel-143,128515,30391932,30391943,11
channel-1424,7372,30391935,30391950,15
channel-6994,1326541,30391943,30391952,9
channel-6994,1326542,30391952,30391962,10
channel-2,130718,30391959,30391969,10
channel-85077,61474,30391960,30391971,11
channel-94814,3828,30391961,30391975,14
channel-6994,1326543,30391962,30391970,8
channel-85077,61475,30391963,30391977,14
channel-782,310327,30391966,30391971,5
channel-6994,1326544,30391967,30391977,10
channel-750,686037,30391970,30391975,5
channel-75,845504,30391980,30391988,8
channel-6994,1326545,30391980,30391992,12
channel-2,130719,30391983,30391995,12
channel-750,686038,30391988,30392002,14
channel-750,686039,30392002,30392010,8
channel-199,133069,30392003,30392015,12
channel-6994,1326546,30392005,30392016,11
channel-75,845505,30392010,30392017,7
channel-199,133070,30392013,30392025,12
channel-874,293716,30392016,30392022,6
channel-0,4041136,30392019,30392030,11
channel-750,686040,30392021,30392026,5
channel-72,516535,30392021,30392054,33
channel-6994,1326547,30392030,30392038,8
channel-750,686041,30392042,30392047,5
channel-412,64708,30392050,30392059,9
channel-0,4041137,30392050,30392063,13
channel-1279,67161,30392055,30392073,18
channel-2186,40820,30392057,30392070,13
channel-750,686042,30392058,30392080,22
channel-6994,1326548,30392067,30392078,11
channel-19774,346271,30392075,30392089,14
channel-0,4041138,30392078,30392091,13
channel-0,4041139,30392099,30392108,9
channel-2188,43960,30392104,30392109,5
channel-0,4041140,30392111,30392133,22
channel-750,686043,30392121,30392125,4
channel-326,538685,30392129,30392134,5
channel-122,668551,30392132,30392135,3
channel-0,4041141,30392136,30392165,29
channel-874,293717,30392143,30392149,6
channel-251,85315,30392144,30392153,9
channel-19774,346272,30392153,30392161,8
channel-89298,18793,30392165,30392176,11
channel-0,4041142,30392167,30392181,14
channel-19774,346273,30392190,30392198,8
channel-1,408845,30392207,30392221,14
channel-94814,3829,30392208,30392223,15
channel-6994,1326549,30392209,30392217,8
channel-6994,1326550,30392210,30392221,11
channel-0,4041143,30392214,30392224,10
channel-199,133071,30392225,30392236,11
channel-208,1491391,30392229,30392240,11
channel-85077,61476,30392234,30392243,9
channel-326,538686,30392234,30392239,5
channel-85077,61477,30392238,30392248,10
channel-6994,1326551,30392255,30392266,11
channel-750,686044,30392256,30392261,5
channel-0,4041144,30392261,30392272,11
channel-750,686045,30392262,30392268,6
channel-6994,1326552,30392275,30392285,10
channel-0,4041145,30392281,30392292,11
channel-1,408846,30392282,30392298,16
channel-6994,1326553,30392284,30392294,10
channel-199,133072,30392293,30392302,9
channel-326,538687,30392296,30392302,6
channel-232,49238,30392304,30392317,13
channel-1,408847,30392310,30392323,13
channel-750,686046,30392324,30392328,4
channel-85077,61478,30392334,30392341,7
channel-750,686047,30392339,30392343,4
channel-0,4041146,30392345,30392379,34
channel-874,293718,30392351,30392356,5
channel-874,293719,30392362,30392368,6
channel-1,408848,30392367,30392377,10
channel-6787,166880,30392370,30392375,5
channel-6994,1326554,30392373,30392383,10
channel-85077,61479,30392374,30392383,9
channel-750,686048,30392375,30392380,5
channel-6994,1326555,30392377,30392385,8
channel-75,845506,30392379,30392383,4
channel-874,293720,30392383,30392388,5
channel-0,4041147,30392389,30392401,12
channel-874,293721,30392389,30392396,7
channel-122,668552,30392389,30392393,4
channel-208,1491392,30392393,30392405,12
channel-85077,61480,30392396,30392407,11
channel-874,293722,30392398,30392403,5
channel-1,408849,30392407,30392420,13
channel-874,293723,30392412,30392418,6
channel-326,538688,30392415,30392457,42
channel-874,293724,30392416,30392427,11
channel-199,133073,30392422,30392435,13
channel-6994,1326556,30392429,30392438,9
channel-85077,61481,30392430,30392440,10
channel-85077,61482,30392430,30392442,12
channel-0,4041148,30392434,30392447,13
channel-0,4041149,30392434,30392447,13
channel-199,133074,30392446,30392456,10
channel-0,4041150,30392452,30392476,24
channel-874,293725,30392452,30392463,11
channel-0,4041151,30392453,30392463,10
channel-259,314517,30392454,30392460,6
channel-2188,43961,30392457,30392462,5
channel-750,686049,30392464,30392468,4
channel-6994,1326557,30392465,30392476,11
channel-0,4041152,30392468,30392476,8
channel-874,293726,30392474,30392479,5
channel-750,686050,30392478,30392499,21
channel-874,293727,30392488,30392495,7
channel-0,4041153,30392496,30392507,11
channel-113,301412,30392512,30392574,62
channel-874,293728,30392524,30392533,9
channel-0,4041154,30392526,30392539,13
channel-216,94361,30392526,30392614,88
channel-15464,2667,30392535,30392547,12
channel-208,1491393,30392536,30392546,10
channel-6994,1326558,30392545,30392558,13
channel-874,293729,30392547,30392552,5
channel-208,1491394,30392563,30392574,11
channel-874,293730,30392564,30392574,10
channel-874,293731,30392567,30392574,7
channel-0,4041155,30392584,30392594,10
channel-91017,2956,30392586,30392596,10
channel-85077,61483,30392604,30392626,22
channel-1,408850,30392610,30392628,18
channel-6994,1326559,30392611,30392660,49
channel-75016,4677,30392615,30392637,22
channel-85077,61484,30392616,30392626,10
channel-874,293732,30392617,30392623,6
channel-85077,61485,30392620,30392634,14
channel-874,293733,30392632,30392640,8
channel-782,310328,30392632,30392642,10
channel-0,4041156,30392646,30392664,18
channel-750,686051,30392647,30392662,15
channel-42,1490122,30392662,30392674,12
channel-199,133075,30392663,30392676,13
channel-1424,7373,30392666,30392677,11
channel-874,293734,30392666,30392673,7
channel-326,538689,30392667,30392698,31
channel-0,4041157,30392671,30392694,23
channel-874,293735,30392673,30392679,6
channel-750,686052,30392677,30392681,4
channel-208,1491395,30392677,30392689,12
channel-0,4041158,30392678,30392689,11
channel-6994,1326560,30392679,30392692,13
channel-688,33514,30392683,30392692,9
channel-75,845507,30392683,30392689,6
channel-874,293736,30392687,30392697,10
channel-0,4041159,30392687,30392695,8
channel-6994,1326561,30392689,30392736,47
channel-874,293737,30392695,30392703,8
channel-216,94362,30392697,30392758,61
channel-85077,61486,30392699,30392708,9
channel-0,4041160,30392700,30392718,18
channel-0,4041161,30392700,30392718,18
channel-874,293738,30392706,30392712,6
channel-2188,43962,30392706,30392711,5
channel-208,1491396,30392709,30392717,8
channel-92956,235,30392713,30392724,11
channel-208,1491397,30392714,30392727,13
channel-874,293739,30392715,30392720,5
channel-75,845508,30392716,30392723,7
channel-874,293740,30392718,30392724,6
channel-2188,43963,30392728,30392731,3
channel-0,4041162,30392730,30392754,24
channel-259,314518,30392735,30392742,7
channel-75,845509,30392743,30392750,7
channel-874,293741,30392745,30392751,6
channel-208,1491398,30392748,30392758,10
channel-0,4041163,30392753,30392781,28
channel-0,4041164,30392754,30392764,10
channel-874,293742,30392761,30392767,6
channel-750,686053,30392767,30392772,5
channel-208,1491399,30392769,30392779,10
channel-122,668553,30392771,30392775,4
channel-412,64709,30392772,30392780,8
channel-6994,1326562,30392772,30392780,8
channel-874,293743,30392774,30392780,6
channel-6994,1326563,30392777,30392816,39
channel-75,845510,30392777,30392783,6
channel-874,293744,30392779,30392784,5
channel-184,137477,30392794,30392803,9
channel-208,1491400,30392796,30392805,9
channel-750,686054,30392797,30392813,16
channel-75,845511,30392806,30392813,7
channel-642,126582,30392809,30392821,12
channel-2694,3331,30392810,30392844,34
channel-208,1491401,30392813,30392826,13
channel-874,293745,30392813,30392818,5
channel-22172,2623,30392813,30392824,11
channel-199,133076,30392820,30392832,12
channel-1,408851,30392822,30392842,20
channel-783,104465,30392837,30392844,7
channel-874,293746,30392838,30392843,5
channel-874,293747,30392844,30392849,5
channel-874,293748,30392848,30392853,5
channel-6994,1326564,30392862,30392910,48
channel-750,686055,30392864,30392869,5
channel-0,4041165,30392869,30392880,11
channel-0,4041166,30392878,30392890,12
channel-874,293749,30392888,30392900,12
channel-0,4041167,30392895,30392903,8
channel-326,538690,30392908,30392914,6
channel-6994,1326565,30392908,30392920,12
channel-122,668554,30392911,30392915,4
channel-5,184421,30392912,30392923,11
channel-874,293750,30392914,30392920,6
channel-6994,1326566,30392918,30392928,10
channel-5,184422,30392920,30392930,10
channel-874,293751,30392929,30392936,7
channel-0,4041168,30392931,30392944,13
channel-122,668555,30392952,30392957,5
channel-0,4041169,30392953,30392965,12
channel-208,1491402,30392958,30392968,10
channel-199,133077,30392965,30392976,11
channel-874,293752,30392966,30392976,10
channel-874,293753,30392973,30392979,6
channel-6994,1326567,30392974,30392986,12
channel-0,4041170,30392978,30392986,8
channel-199,133078,30392980,30392988,8
channel-122,668556,30392986,30392988,2
channel-6787,166881,30393001,30393005,4
channel-874,293754,30393005,30393012,7
channel-19774,346274,30393011,30393020,9
channel-874,293755,30393020,30393026,6
channel-6994,1326568,30393023,30393034,11
channel-184,137478,30393027,30393043,16
channel-326,538691,30393029,30393035,6
channel-874,293756,30393035,30393043,8
channel-0,4041171,30393038,30393061,23
channel-874,293757,30393049,30393055,6
