channel_id,sequence,send_height,ack_height,block_delay
channel-750,679808,30159513,30159523,10
channel-0,4034838,30159540,30159550,10
channel-85077,58156,30159544,30159573,29
channel-5485,1697,30159546,30159557,11
channel-750,679809,30159568,30159572,4
channel-72,516332,30159575,30159608,33
channel-0,4034839,30159581,30159611,30
channel-143,128183,30159588,30159631,43
channel-208,1488792,30159593,30159603,10
channel-75,844274,30159610,30159617,7
channel-750,679810,30159612,30159626,14
channel-6994,1322062,30159631,30159643,12
channel-85077,58157,30159634,30159656,22
channel-85077,58158,30159663,30159689,26
channel-874,292127,30159689,30159696,7
channel-216,93975,30159704,30159709,5
channel-88,466945,30159730,30159761,31
channel-6994,1322063,30159731,30159744,13
channel-874,292128,30159757,30159763,6
channel-85077,58159,30159827,30159843,16
channel-85077,58160,30159847,30159876,29
channel-750,679811,30159857,30159873,16
channel-750,679812,30159857,30159873,16
channel-75,844275,30159857,30159865,8
channel-750,679813,30159860,30159873,13
channel-750,679814,30159860,30159864,4
channel-750,679815,30159867,30159881,14
channel-750,679816,30159879,30159893,14
channel-326,537068,30159879,30159899,20
channel-6994,1322064,30159893,30159902,9
channel-122,667294,30159893,30159898,5
channel-750,679817,30159903,30159916,13
channel-750,679818,30159904,30159909,5
channel-783,104097,30159908,30159917,9
channel-750,679819,30159943,30159949,6
channel-6994,1322065,30159948,30159958,10
channel-199,132306,30159949,30159961,12
channel-208,1488793,30159991,30160002,11
channel-20082,9844,30160001,30160013,12
channel-89321,19255,30160022,30160027,5
channel-5,184117,30160022,30160031,9
channel-1429,140603,30160024,30160036,12
channel-2494,31793,30160024,30160036,12
channel-0,4034840,30160030,30160040,10
channel-91017,2634,30160054,30160061,7
channel-750,679820,30160109,30160115,6
channel-165,71367,30160114,30160574,460
channel-216,93976,30160119,30160123,4
channel-72,516333,30160138,30160170,32
channel-750,679821,30160152,30160158,6
channel-6994,1322066,30160159,30160170,11
channel-750,679822,30160168,30160175,7
channel-85077,58161,30160180,30160206,26
channel-0,4034841,30160182,30160192,10
channel-750,679823,30160195,30160200,5
channel-0,4034842,30160195,30160221,26
channel-208,1488794,30160200,30160213,13
channel-0,4034843,30160201,30160211,10
channel-6994,1322067,30160209,30160219,10
channel-522,40379,30160222,30160231,9
channel-750,679824,30160227,30160232,5
channel-122,667295,30160227,30160230,3
channel-412,64351,30160236,30160245,9
channel-79703,4382,30160245,30160261,16
channel-522,40380,30160250,30160262,12
channel-750,679825,30160268,30160278,10
channel-122,667296,30160271,30160274,3
channel-412,64352,30160275,30160285,10
channel-750,679826,30160302,30160305,3
channel-522,40381,30160306,30160317,11
channel-750,679827,30160308,30160313,5
channel-750,679828,30160315,30160320,5
channel-75,844276,30160322,30160329,7
channel-326,537069,30160322,30160348,26
channel-750,679829,30160324,30160329,5
channel-0,4034844,30160328,30160340,12
channel-874,292129,30160328,30160334,6
channel-199,132307,30160330,30160339,9
channel-750,679830,30160330,30160334,4
channel-122,667297,30160336,30160390,54
channel-522,40382,30160343,30160354,11
channel-4,166703,30160347,30160369,22
channel-2188,43329,30160353,30160359,6
channel-91017,2635,30160359,30160369,10
channel-75,844277,30160361,30160368,7
channel-222,3823,30160366,30160375,9
channel-6994,1322068,30160371,30160379,8
channel-750,679831,30160381,30160387,6
channel-0,4034845,30160385,30160395,10
channel-750,679832,30160394,30160411,17
channel-208,1488795,30160396,30160405,9
channel-750,679833,30160411,30160416,5
channel-750,679834,30160418,30160423,5
channel-750,679835,30160434,30160440,6
channel-750,679836,30160436,30160441,5
channel-750,679837,30160442,30160451,9
channel-2,130532,30160445,30160457,12
channel-750,679838,30160447,30160451,4
channel-750,679839,30160449,30160454,5
channel-782,309986,30160461,30160465,4
channel-208,1488796,30160461,30160471,10
channel-750,679840,30160464,30160470,6
channel-208,1488797,30160467,30160479,12
channel-1,407885,30160474,30160482,8
channel-750,679841,30160477,30160483,6
channel-75,844278,30160499,30160506,7
channel-0,4034846,30160499,30160510,11
channel-1,407886,30160518,30160531,13
channel-750,679842,30160519,30160533,14
channel-208,1488798,30160549,30160561,12
channel-1,407887,30160556,30160573,17
channel-6994,1322069,30160556,30160568,12
channel-0,4034847,30160563,30160572,9
channel-208,1488799,30160578,30160593,15
channel-750,679843,30160602,30160607,5
channel-320,119066,30160604,30160616,12
channel-522,40383,30160615,30160627,12
channel-0,4034848,30160620,30160628,8
channel-320,119067,30160622,30160634,12
channel-0,4034849,30160628,30160635,7
channel-320,119068,30160666,30160679,13
channel-208,1488800,30160667,30160679,12
channel-85791,3673,30160670,30160676,6
channel-320,119069,30160672,30160682,10
channel-326,537070,30160672,30160695,23
channel-0,4034850,30160681,30160692,11
channel-320,119070,30160700,30160709,9
channel-320,119071,30160702,30160777,75
channel-85077,58162,30160707,30160725,18
channel-6994,1322070,30160715,30160751,36
channel-85077,58163,30160742,30160758,16
channel-750,679844,30160762,30160766,4
channel-208,1488801,30160785,30160802,17
channel-0,4034851,30160789,30160797,8
channel-6994,1322071,30160841,30160863,22
channel-6994,1322072,30160843,30160863,20
channel-1,407888,30160848,30160867,19
channel-782,309987,30160876,30160881,5
channel-522,40384,30160878,30160890,12
channel-6994,1322073,30160887,30160899,12
channel-522,40385,30160888,30160900,12
channel-750,679845,30160899,30160904,5
channel-122,667298,30160914,30160918,4
channel-750,679846,30160945,30160949,4
channel-122,667299,30160947,30160950,3
channel-522,40386,30160953,30160966,13
channel-750,679847,30160959,30160965,6
channel-75,844279,30161025,30161033,8
channel-522,40387,30161060,30161069,9
channel-85077,58164,30161082,30161102,20
channel-75,844280,30161083,30161092,9
channel-19774,345592,30161090,30161103,13
channel-2494,31794,30161101,30161117,16
channel-750,679848,30161104,30161117,13
channel-2188,43330,30161110,30161115,5
channel-85077,58165,30161120,30161138,18
channel-522,40388,30161125,30161138,13
channel-0,4034852,30161135,30161145,10
channel-88,466946,30161148,30161170,22
channel-0,4034853,30161153,30161164,11
channel-767,14334,30161159,30161168,9
channel-199,132308,30161166,30161174,8
channel-522,40389,30161183,30161200,17
channel-522,40390,30161194,30161204,10
channel-750,679849,30161201,30161204,3
channel-0,4034854,30161202,30161210,8
channel-0,4034855,30161206,30161215,9
channel-0,4034856,30161213,30161226,13
channel-750,679850,30161214,30161228,14
channel-750,679851,30161216,30161221,5
channel-750,679852,30161221,30161234,13
channel-750,679853,30161225,30161241,16
channel-750,679854,30161226,30161231,5
channel-522,40391,30161227,30161238,11
channel-750,679855,30161228,30161244,16
channel-5,184118,30161246,30161255,9
channel-0,4034857,30161252,30161262,10
channel-2188,43331,30161257,30161260,3
channel-750,679856,30161257,30161269,12
channel-750,679857,30161258,30161262,4
channel-750,679858,30161259,30161263,4
channel-750,679859,30161262,30161277,15
channel-143,128184,30161262,30161272,10
channel-750,679860,30161272,30161279,7
channel-750,679861,30161272,30161286,14
channel-750,679862,30161275,30161289,14
channel-750,679863,30161282,30161293,11
channel-750,679864,30161282,30161287,5
channel-750,679865,30161287,30161300,13
channel-750,679866,30161288,30161292,4
channel-75,844281,30161293,30161300,7
channel-750,679867,30161293,30161300,7
channel-0,4034858,30161294,30161306,12
channel-750,679868,30161295,30161309,14
channel-750,679869,30161299,30161311,12
channel-6994,1322074,30161300,30161337,37
channel-750,679870,30161307,30161322,15
channel-750,679871,30161309,30161323,14
channel-750,679872,30161310,30161323,13
channel-750,679873,30161311,30161315,4
channel-750,679874,30161315,30161331,16
channel-0,4034859,30161315,30161329,14
channel-208,1488802,30161318,30161329,11
channel-326,537071,30161324,30161332,8
channel-750,679875,30161325,30161329,4
channel-750,679876,30161329,30161343,14
channel-94814,3653,30161329,30161339,10
channel-750,679877,30161329,30161334,5
channel-750,679878,30161330,30161343,13
channel-75,844282,30161330,30161339,9
channel-85077,58166,30161336,30161383,47
channel-750,679879,30161339,30161352,13
channel-326,537072,30161344,30161363,19
channel-0,4034860,30161345,30161358,13
channel-750,679880,30161347,30161352,5
channel-750,679881,30161348,30161361,13
channel-750,679882,30161348,30161353,5
channel-85186,848,30161352,30161363,11
channel-750,679883,30161352,30161366,14
channel-750,679884,30161356,30161361,5
channel-750,679885,30161359,30161370,11
channel-750,679886,30161360,30161376,16
channel-85077,58167,30161362,30161383,21
channel-750,679887,30161364,30161376,12
channel-750,679888,30161366,30161378,12
channel-42,1489728,30161367,30161378,11
channel-75,844283,30161367,30161373,6
channel-6994,1322075,30161383,30161395,12
channel-0,4034861,30161388,30161397,9
channel-750,679889,30161389,30161398,9
channel-750,679890,30161394,30161399,5
channel-85186,849,30161395,30161409,14
channel-42,1489729,30161406,30161414,8
channel-750,679891,30161416,30161421,5
channel-750,679892,30161418,30161424,6
channel-0,4034862,30161428,30161434,6
channel-0,4034863,30161441,30161453,12
channel-1575,15147,30161472,30161482,10
channel-0,4034864,30161487,30161498,11
channel-42,1489730,30161507,30161514,7
channel-208,1488803,30161517,30161531,14
channel-6994,1322076,30161523,30161533,10
channel-750,679893,30161528,30161538,10
channel-2188,43332,30161537,30161542,5
channel-6994,1322077,30161550,30161561,11
channel-42,1489731,30161552,30161560,8
channel-750,679894,30161581,30161589,8
channel-199,132309,30161583,30161611,28
channel-94814,3654,30161583,30161595,12
channel-874,292130,30161584,30161591,7
channel-750,679895,30161585,30161601,16
channel-72,516334,30161589,30161629,40
channel-750,679896,30161613,30161618,5
channel-874,292131,30161622,30161627,5
channel-874,292132,30161623,30161628,5
channel-0,4034865,30161659,30161670,11
channel-208,1488804,30161683,30161691,8
channel-208,1488805,30161691,30161703,12
channel-326,537073,30161692,30161718,26
channel-208,1488806,30161706,30161717,11
channel-750,679897,30161722,30161726,4
channel-750,679898,30161724,30161736,12
channel-75,844284,30161725,30161732,7
channel-750,679899,30161729,30161733,4
channel-750,679900,30161736,30161748,12
channel-750,679901,30161740,30161745,5
channel-6994,1322078,30161741,30161752,11
channel-750,679902,30161741,30161753,12
channel-750,679903,30161747,30161766,19
channel-85077,58168,30161750,30161769,19
channel-0,4034866,30161751,30161763,12
channel-750,679904,30161752,30161764,12
channel-750,679905,30161754,30161766,12
channel-259,314081,30161758,30161763,5
channel-750,679906,30161759,30161763,4
channel-750,679907,30161764,30161775,11
channel-1,407889,30161767,30161801,34
channel-85077,58169,30161782,30161800,18
channel-6994,1322079,30161784,30161813,29
channel-874,292133,30161790,30161797,7
channel-750,679908,30161799,30161809,10
channel-0,4034867,30161843,30161852,9
channel-750,679909,30161845,30161850,5
channel-0,4034868,30161846,30161857,11
channel-75,844285,30161847,30161856,9
channel-750,679910,30161847,30161852,5
channel-750,679911,30161848,30161861,13
channel-75,844286,30161851,30161858,7
channel-750,679912,30161853,30161864,11
channel-750,679913,30161854,30161864,10
channel-750,679914,30161857,30161870,13
channel-750,679915,30161858,30161870,12
channel-750,679916,30161859,30161864,5
channel-412,64353,30161859,30161867,8
channel-750,679917,30161872,30161886,14
channel-199,132310,30161874,30161885,11
channel-750,679918,30161880,30161894,14
channel-750,679919,30161885,30161897,12
channel-5,184119,30161894,30161905,11
channel-0,4034869,30161897,30161908,11
channel-750,679920,30161911,30161915,4
channel-75,844287,30161913,30161919,6
channel-750,679921,30161914,30161919,5
channel-750,679922,30161915,30161928,13
channel-750,679923,30161918,30161932,14
channel-750,679924,30161920,30161936,16
channel-750,679925,30161921,30161936,15
channel-85077,58170,30161926,30161985,59
channel-6994,1322080,30161928,30161938,10
channel-199,132311,30161931,30161940,9
channel-750,679926,30161940,30161946,6
channel-0,4034870,30161944,30161954,10
channel-750,679927,30161945,30161949,4
channel-0,4034871,30161948,30161960,12
channel-750,679928,30161967,30161972,5
channel-750,679929,30161967,30161972,5
channel-750,679930,30161970,30161983,13
channel-750,679931,30161971,30161983,12
channel-75,844288,30161971,30161978,7
channel-750,679932,30161973,30161978,5
channel-750,679933,30161975,30161986,11
channel-91017,2636,30161981,30161990,9
channel-0,4034872,30161981,30161992,11
channel-0,4034873,30161984,30161997,13
channel-750,679934,30161993,30162006,13
channel-750,679935,30161995,30161999,4
channel-85077,58171,30162009,30162017,8
channel-91017,2637,30162017,30162029,12
channel-5,184120,30162018,30162028,10
channel-750,679936,30162037,30162045,8
channel-91017,2638,30162041,30162048,7
channel-750,679937,30162041,30162053,12
channel-750,679938,30162047,30162053,6
channel-750,679939,30162048,30162062,14
channel-750,679940,30162050,30162064,14
channel-750,679941,30162050,30162064,14
channel-75,844289,30162053,30162059,6
channel-91017,2639,30162058,30162064,6
channel-91017,2640,30162073,30162083,10
channel-208,1488807,30162078,30162091,13
channel-0,4034874,30162079,30162092,13
channel-750,679942,30162096,30162109,13
channel-750,679943,30162098,30162102,4
channel-750,679944,30162098,30162112,14
channel-326,537074,30162099,30162105,6
channel-122,667300,30162099,30162102,3
channel-0,4034875,30162104,30162114,10
channel-326,537075,30162104,30162129,25
channel-750,679945,30162111,30162114,3
channel-0,4034876,30162112,30162121,9
channel-750,679946,30162114,30162125,11
channel-6994,1322081,30162115,30162123,8
channel-1,407890,30162119,30162138,19
channel-750,679947,30162130,30162145,15
channel-0,4034877,30162135,30162145,10
channel-0,4034878,30162137,30162146,9
channel-85077,58172,30162140,30162256,116
channel-229,54956,30162140,30162153,13
channel-750,679948,30162146,30162161,15
channel-85791,3674,30162151,30162158,7
channel-750,679949,30162151,30162164,13
channel-783,104098,30162155,30162161,6
channel-208,1488808,30162157,30162168,11
channel-750,679950,30162165,30162170,5
channel-750,679951,30162168,30162185,17
channel-750,679952,30162171,30162185,14
channel-750,679953,30162172,30162186,14
channel-750,679954,30162173,30162186,13
channel-0,4034879,30162174,30162185,11
channel-874,292134,30162176,30162182,6
channel-750,679955,30162181,30162185,4
channel-750,679956,30162193,30162204,11
channel-750,679957,30162196,30162209,13
channel-85077,58173,30162197,30162256,59
channel-2188,43333,30162198,30162203,5
channel-750,679958,30162199,30162209,10
channel-85077,58174,30162201,30162256,55
channel-750,679959,30162202,30162212,10
channel-85077,58175,30162206,30162256,50
channel-0,4034880,30162207,30162217,10
channel-750,679960,30162210,30162224,14
channel-750,679961,30162224,30162234,10
channel-19774,345593,30162230,30162238,8
channel-85077,58176,30162231,30162260,29
channel-143,128185,30162232,30162247,15
channel-0,4034881,30162232,30162242,10
channel-85077,58177,30162238,30162260,22
channel-750,679962,30162239,30162248,9
channel-85077,58178,30162240,30162260,20
channel-85077,58179,30162240,30162260,20
channel-783,104099,30162241,30162247,6
channel-326,537076,30162242,30162247,5
channel-85077,58180,30162252,30162296,44
channel-750,679963,30162256,30162261,5
channel-750,679964,30162261,30162274,13
channel-85077,58181,30162274,30162296,22
channel-750,679965,30162286,30162295,9
channel-38946,123923,30162296,30162312,16
channel-85077,58182,30162298,30162307,9
channel-2494,31795,30162299,30162307,8
channel-750,679966,30162305,30162317,12
channel-783,104100,30162305,30162312,7
channel-85077,58183,30162308,30162326,18
channel-91017,2641,30162312,30162322,10
channel-0,4034882,30162328,30162340,12
channel-750,679967,30162329,30162341,12
channel-750,679968,30162337,30162341,4
channel-0,4034883,30162353,30162364,11
channel-85077,58184,30162353,30162362,9
channel-85077,58185,30162355,30162380,25
channel-783,104101,30162359,30162368,9
channel-85077,58186,30162362,30162395,33
channel-85077,58187,30162363,30162395,32
channel-85077,58188,30162364,30162395,31
channel-6994,1322082,30162370,30162395,25
channel-85077,58189,30162379,30162395,16
channel-85077,58190,30162383,30162398,15
channel-6994,1322083,30162390,30162400,10
channel-85077,58191,30162392,30162419,27
channel-6994,1322084,30162407,30162419,12
channel-89298,18501,30162409,30162421,12
channel-750,679969,30162413,30162427,14
channel-2188,43334,30162421,30162425,4
channel-8945,17729,30162421,30162430,9
channel-1424,7325,30162430,30162441,11
channel-750,679970,30162440,30162454,14
channel-750,679971,30162441,30162447,6
channel-750,679972,30162464,30162468,4
channel-85077,58192,30162476,30162507,31
channel-85077,58193,30162498,30162507,9
channel-85077,58194,30162505,30162539,34
channel-326,537077,30162507,30162532,25
channel-184,137324,30162521,30162532,11
channel-38946,123924,30162551,30162564,13
channel-750,679973,30162575,30162590,15
channel-38946,123925,30162575,30162587,12
channel-750,679974,30162578,30162591,13
channel-750,679975,30162580,30162593,13
channel-750,679976,30162582,30162596,14
channel-750,679977,30162584,30162590,6
channel-874,292135,30162640,30162645,5
channel-750,679978,30162645,30162658,13
channel-208,1488809,30162650,30162659,9
channel-750,679979,30162658,30162662,4
channel-0,4034884,30162671,30162683,12
channel-6994,1322085,30162676,30162686,10
channel-122,667301,30162677,30162681,4
channel-208,1488810,30162686,30162699,13
channel-750,679980,30162707,30162712,5
channel-19774,345594,30162708,30162719,11
channel-208,1488811,30162720,30162729,9
channel-38946,123926,30162742,30162764,22
channel-0,4034885,30162753,30162765,12
channel-0,4034886,30162759,30162769,10
channel-42,1489732,30162793,30162802,9
channel-89321,19256,30162798,30162808,10
channel-38946,123927,30162800,30162813,13
channel-750,679981,30162806,30162814,8
channel-208,1488812,30162814,30162824,10
channel-75,844290,30162837,30162844,7
channel-750,679982,30162838,30162852,14
channel-750,679983,30162839,30162860,21
channel-0,4034887,30162846,30162859,13
channel-115,20314,30162858,30162868,10
channel-75,844291,30162858,30162864,6
channel-72,516335,30162884,30162921,37
channel-75,844292,30162895,30162903,8
channel-0,4034888,30162897,30162906,9
channel-326,537078,30162927,30162950,23
channel-750,679984,30162954,30162967,13
channel-75,844293,30162960,30162969,9
channel-2188,43335,30162963,30162968,5
channel-750,679985,30162964,30162978,14
channel-750,679986,30162964,30162978,14
channel-6994,1322086,30162976,30162989,13
channel-199,132312,30162980,30163002,22
channel-199,132313,30162980,30162989,9
channel-750,679987,30162986,30162999,13
channel-750,679988,30162986,30162999,13
channel-750,679989,30162987,30162999,12
channel-750,679990,30162991,30163006,15
channel-6994,1322087,30162998,30163012,14
channel-199,132314,30163001,30163026,25
channel-85791,3675,30163015,30163023,8
channel-0,4034889,30163024,30163032,8
channel-208,1488813,30163027,30163040,13
channel-6994,1322088,30163058,30163076,18
channel-0,4034890,30163062,30163072,10
channel-874,292136,30163088,30163093,5
channel-6787,166530,30163093,30163100,7
channel-326,537079,30163101,30163108,7
channel-0,4034891,30163107,30163116,9
channel-750,679991,30163113,30163118,5
channel-15464,2646,30163118,30163131,13
channel-874,292137,30163128,30163133,5
channel-782,309988,30163137,30163143,6
channel-750,679992,30163143,30163154,11
channel-0,4034892,30163163,30163173,10
channel-0,4034893,30163190,30163199,9
channel-1,407891,30163190,30163209,19
channel-750,679993,30163198,30163207,9
channel-750,679994,30163208,30163221,13
channel-0,4034894,30163210,30163221,11
channel-750,679995,30163213,30163225,12
channel-4,166704,30163216,30163229,13
channel-0,4034895,30163223,30163232,9
channel-750,679996,30163231,30163242,11
channel-750,679997,30163231,30163243,12
channel-750,679998,30163248,30163261,13
channel-750,679999,30163252,30163257,5
channel-85077,58195,30163254,30163290,36
channel-4,166705,30163272,30163296,24
channel-750,680000,30163274,30163284,10
channel-326,537080,30163284,30163291,7
channel-326,537081,30163309,30163335,26
channel-6994,1322089,30163312,30163322,10
channel-208,1488814,30163318,30163328,10
channel-0,4034896,30163319,30163332,13
channel-750,680001,30163328,30163342,14
channel-0,4034897,30163328,30163336,8
channel-750,680002,30163334,30163339,5
channel-0,4034898,30163338,30163350,12
channel-6994,1322090,30163364,30163412,48
channel-874,292138,30163372,30163377,5
channel-750,680003,30163373,30163378,5
channel-0,4034899,30163375,30163388,13
channel-85077,58196,30163407,30163424,17
channel-750,680004,30163410,30163422,12
channel-85791,3676,30163423,30163433,10
channel-85077,58197,30163426,30163455,29
channel-874,292139,30163431,30163437,6
channel-85077,58198,30163437,30163455,18
channel-782,309989,30163446,30163452,6
channel-2188,43336,30163456,30163461,5
channel-85077,58199,30163461,30163485,24
channel-2188,43337,30163464,30163468,4
channel-2188,43338,30163478,30163483,5
channel-0,4034900,30163492,30163500,8
channel-85077,58200,30163494,30163512,18
channel-2188,43339,30163500,30163506,6
channel-94814,3655,30163506,30163514,8
channel-874,292140,30163506,30163510,4
channel-85077,58201,30163509,30163543,34
channel-2188,43340,30163520,30163525,5
channel-1,407892,30163528,30163544,16
channel-2188,43341,30163529,30163534,5
channel-0,4034901,30163548,30163558,10
channel-208,1488815,30163552,30163564,12
channel-6994,1322091,30163561,30163570,9
channel-750,680005,30163582,30163595,13
channel-88,466947,30163589,30163604,15
channel-783,104102,30163592,30163600,8
channel-208,1488816,30163601,30163608,7
channel-85077,58202,30163602,30163623,21
channel-88,466948,30163637,30163654,17
channel-750,680006,30163664,30163668,4
channel-208,1488817,30163680,30163690,10
channel-1,407893,30163698,30163719,21
channel-85077,58203,30163699,30163729,30
channel-1,407894,30163699,30163719,20
channel-6994,1322092,30163701,30163719,18
channel-750,680007,30163701,30163715,14
channel-750,680008,30163706,30163719,13
channel-94814,3656,30163723,30163732,9
channel-750,680009,30163741,30163746,5
channel-208,1488818,30163756,30163765,9
channel-782,309990,30163765,30163772,7
channel-85077,58204,30163772,30163785,13
channel-2188,43342,30163832,30163836,4
channel-216,93977,30163847,30163851,4
channel-750,680010,30163856,30163860,4
channel-85077,58205,30163863,30163889,26
channel-0,4034902,30163863,30163871,8
channel-0,4034903,30163874,30163886,12
channel-750,680011,30163890,30163894,4
channel-783,104103,30163895,30163900,5
channel-750,680012,30163910,30163915,5
channel-122,667302,30163918,30163922,4
channel-326,537082,30163929,30163947,18
channel-122,667303,30163947,30163950,3
channel-85077,58206,30164017,30164038,21
channel-75,844294,30164059,30164067,8
channel-750,680013,30164084,30164096,12
channel-85077,58207,30164117,30164137,20
channel-5,184121,30164153,30164164,11
channel-208,1488819,30164155,30164165,10
channel-326,537083,30164158,30164166,8
channel-19774,345595,30164188,30164199,11
channel-0,4034904,30164203,30164212,9
channel-1,407895,30164234,30164273,39
channel-750,680014,30164247,30164252,5
channel-72,516336,30164265,30164290,25
channel-2494,31796,30164286,30164299,13
channel-251,85086,30164289,30164300,11
channel-85077,58208,30164310,30164334,24
channel-874,292141,30164331,30164339,8
channel-0,4034905,30164336,30164372,36
channel-85077,58209,30164340,30164367,27
channel-326,537084,30164343,30164362,19
channel-6994,1322093,30164352,30164368,16
channel-874,292142,30164352,30164369,17
channel-85077,58210,30164371,30164395,24
channel-874,292143,30164386,30164395,9
channel-6994,1322094,30164396,30164410,14
channel-5,184122,30164403,30164413,10
channel-874,292144,30164429,30164450,21
channel-89321,19257,30164436,30164446,10
channel-874,292145,30164436,30164461,25
channel-0,4034906,30164439,30164449,10
channel-0,4034907,30164454,30164466,12
channel-0,4034908,30164465,30164476,11
channel-874,292146,30164487,30164505,18
channel-6994,1322095,30164495,30164537,42
channel-874,292147,30164515,30164519,4
channel-0,4034909,30164546,30164555,9
channel-874,292148,30164556,30164563,7
channel-6994,1322096,30164557,30164574,17
channel-0,4034910,30164567,30164577,10
channel-85077,58211,30164573,30164593,20
channel-6994,1322097,30164575,30164630,55
channel-85077,58212,30164629,30164648,19
channel-874,292149,30164630,30164636,6
channel-85077,58213,30164631,30164648,17
channel-85077,58214,30164660,30164683,23
channel-208,1488820,30164661,30164673,12
channel-208,1488821,30164675,30164688,13
channel-750,680015,30164679,30164688,9
channel-42,1489733,30164688,30164695,7
channel-1,407896,30164697,30164721,24
channel-85077,58215,30164698,30164714,16
channel-0,4034911,30164698,30164709,11
channel-6994,1322098,30164702,30164730,28
channel-85077,58216,30164718,30164741,23
channel-208,1488822,30164721,30164739,18
channel-199,132315,30164724,30164732,8
channel-326,537085,30164726,30164747,21
channel-5,184123,30164730,30164740,10
channel-85077,58217,30164734,30164741,7
channel-6994,1322099,30164738,30164747,9
channel-1,407897,30164739,30164754,15
channel-208,1488823,30164746,30164756,10
channel-85077,58218,30164748,30164773,25
channel-1,407898,30164758,30164806,48
channel-216,93978,30164763,30164768,5
channel-0,4034912,30164769,30164782,13
channel-208,1488824,30164774,30164784,10
channel-6994,1322100,30164793,30164802,9
channel-0,4034913,30164793,30164802,9
channel-208,1488825,30164817,30164827,10
channel-91017,2642,30164823,30164831,8
channel-6994,1322101,30164831,30164845,14
channel-91017,2643,30164843,30164853,10
channel-6994,1322102,30164844,30164855,11
channel-208,1488826,30164850,30164863,13
channel-75,844295,30164851,30164858,7
channel-4,166706,30164854,30164879,25
channel-88,466949,30164861,30164878,17
channel-88,466950,30164867,30164889,22
channel-88,466951,30164879,30164904,25
channel-208,1488827,30164879,30164900,21
channel-88,466952,30164888,30164912,24
channel-88,466953,30164891,30164912,21
channel-1,407899,30164894,30164913,19
channel-208,1488828,30164900,30164916,16
channel-2188,43343,30164901,30164906,5
channel-4,166707,30164901,30164926,25
channel-4,166708,30164916,30164958,42
channel-72,516337,30164917,30164943,26
channel-208,1488829,30164919,30164928,9
channel-0,4034914,30164926,30164936,10
channel-0,4034915,30164928,30164936,8
channel-208,1488830,30164932,30164942,10
channel-750,680016,30164940,30164944,4
channel-208,1488831,30164953,30164964,11
channel-1,407900,30164959,30164970,11
channel-4,166709,30164959,30164981,22
channel-5,184124,30164963,30164974,11
channel-208,1488832,30164968,30164978,10
channel-122,667304,30164981,30164986,5
channel-85077,58219,30164983,30164998,15
channel-0,4034916,30164994,30165012,18
channel-750,680017,30164999,30165008,9
channel-6994,1322103,30165005,30165029,24
channel-0,4034917,30165009,30165022,13
channel-2188,43344,30165017,30165022,5
channel-5,184125,30165059,30165071,12
channel-2188,43345,30165069,30165073,4
channel-1,407901,30165072,30165083,11
channel-208,1488833,30165098,30165107,9
channel-1,407902,30165099,30165122,23
channel-2188,43346,30165121,30165127,6
channel-208,1488834,30165122,30165137,15
channel-750,680018,30165140,30165153,13
channel-208,1488835,30165156,30165169,13
channel-750,680019,30165162,30165176,14
channel-1,407903,30165169,30165187,18
channel-2188,43347,30165170,30165175,5
channel-0,4034918,30165175,30165185,10
channel-4,166710,30165180,30165201,21
channel-0,4034919,30165185,30165195,10
channel-326,537086,30165185,30165207,22
channel-750,680020,30165198,30165213,15
channel-208,1488836,30165222,30165233,11
channel-1429,140604,30165223,30165233,10
channel-412,64354,30165225,30165237,12
channel-89298,18502,30165227,30165233,6
channel-750,680021,30165228,30165240,12
channel-1,407904,30165228,30165268,40
channel-75,844296,30165229,30165236,7
channel-320,119072,30165232,30165252,20
channel-750,680022,30165262,30165275,13
channel-0,4034920,30165267,30165275,8
channel-326,537087,30165277,30165285,8
channel-199,132316,30165289,30165298,9
channel-113,301229,30165291,30165303,12
channel-199,132317,30165302,30165311,9
channel-326,537088,30165307,30165320,13
channel-326,537089,30165307,30165320,13
channel-326,537090,30165307,30165320,13
channel-326,537091,30165307,30165320,13
channel-326,537092,30165307,30165320,13
channel-874,292150,30165308,30165314,6
channel-4,166711,30165310,30165350,40
channel-208,1488837,30165315,30165325,10
channel-2188,43348,30165325,30165331,6
channel-750,680023,30165326,30165341,15
channel-750,680024,30165333,30165345,12
channel-208,1488838,30165343,30165354,11
channel-1,407905,30165345,30165372,27
channel-199,132318,30165345,30165354,9
channel-750,680025,30165346,30165360,14
channel-1,407906,30165348,30165372,24
channel-75,844297,30165349,30165357,8
channel-1,407907,30165349,30165372,23
channel-0,4034921,30165351,30165361,10
channel-0,4034922,30165352,30165365,13
channel-122,667305,30165368,30165371,3
channel-0,4034923,30165372,30165387,15
channel-750,680026,30165403,30165407,4
channel-750,680027,30165408,30165413,5
channel-75,844298,30165421,30165429,8
channel-72,516338,30165436,30165477,41
channel-208,1488839,30165441,30165452,11
channel-208,1488840,30165461,30165471,10
channel-85077,58220,30165477,30165523,46
channel-6994,1322104,30165478,30165488,10
channel-208,1488841,30165481,30165490,9
channel-750,680028,30165494,30165510,16
channel-0,4034924,30165496,30165507,11
channel-75,844299,30165515,30165524,9
channel-89298,18503,30165527,30165535,8
channel-326,537093,30165534,30165559,25
channel-208,1488842,30165559,30165569,10
channel-1,407908,30165584,30165602,18
channel-208,1488843,30165587,30165600,13
channel-199,132319,30165627,30165636,9
channel-208,1488844,30165641,30165658,17
channel-0,4034925,30165645,30165658,13
channel-750,680029,30165650,30165666,16
channel-1,407909,30165654,30165693,39
channel-0,4034926,30165657,30165668,11
channel-0,4034927,30165659,30165668,9
channel-73755,5808,30165666,30165678,12
channel-0,4034928,30165672,30165684,12
channel-208,1488845,30165675,30165685,10
channel-208,1488846,30165703,30165717,14
channel-0,4034929,30165706,30165720,14
channel-326,537094,30165731,30165736,5
channel-208,1488847,30165731,30165742,11
channel-320,119073,30165739,30165764,25
channel-85077,58221,30165747,30165770,23
channel-0,4034930,30165755,30165767,12
channel-326,537095,30165756,30165764,8
channel-85077,58222,30165764,30165770,6
channel-1,407910,30165766,30165789,23
channel-85077,58223,30165769,30165801,32
channel-208,1488848,30165784,30165796,12
channel-750,680030,30165787,30165802,15
channel-208,1488849,30165809,30165823,14
channel-208,1488850,30165834,30165847,13
channel-75,844300,30165860,30165867,7
channel-208,1488851,30165860,30165876,16
channel-1,407911,30165867,30165916,49
channel-750,680031,30165873,30165877,4
channel-326,537096,30165874,30165881,7
channel-326,537097,30165874,30165881,7
channel-326,537098,30165874,30165881,7
channel-326,537099,30165874,30165881,7
channel-326,537100,30165874,30165881,7
channel-326,537101,30165874,30165881,7
channel-326,537102,30165874,30165881,7
channel-326,537103,30165874,30165881,7
channel-0,4034931,30165882,30165906,24
channel-208,1488852,30165896,30165908,12
channel-75,844301,30165906,30165911,5
channel-750,680032,30165907,30165927,20
channel-1,407912,30165920,30165931,11
channel-76971,12190,30165922,30165939,17
channel-75,844302,30165923,30165931,8
channel-750,680033,30165929,30165931,2
channel-750,680034,30165933,30165940,7
channel-782,309991,30165943,30165949,6
channel-85077,58224,30165950,30165976,26
channel-122,667306,30165954,30165957,3
channel-208,1488853,30165956,30165967,11
channel-208,1488854,30165957,30165967,10
channel-750,680035,30165961,30165966,5
channel-251,85087,30165980,30165992,12
channel-750,680036,30165986,30165992,6
channel-259,314082,30166008,30166014,6
channel-85077,58225,30166016,30166027,11
channel-0,4034932,30166017,30166029,12
channel-6994,1322105,30166028,30166039,11
channel-0,4034933,30166036,30166049,13
channel-85077,58226,30166052,30166059,7
channel-750,680037,30166058,30166069,11
channel-782,309992,30166078,30166087,9
channel-750,680038,30166083,30166088,5
channel-122,667307,30166149,30166153,4
channel-0,4034934,30166178,30166190,12
channel-326,537104,30166206,30166232,26
channel-2188,43349,30166217,30166222,5
channel-2188,43350,30166229,30166234,5
channel-412,64355,30166248,30166262,14
channel-75,844303,30166273,30166277,4
channel-122,667308,30166309,30166312,3
channel-113,301230,30166309,30166319,10
channel-85077,58227,30166310,30166317,7
channel-85077,58228,30166310,30166317,7
channel-85791,3677,30166310,30166316,6
channel-783,104104,30166313,30166318,5
channel-2188,43351,30166317,30166322,5
channel-75,844304,30166317,30166323,6
channel-750,680039,30166340,30166351,11
channel-6787,166531,30166340,30166344,4
channel-85791,3678,30166340,30166349,9
channel-412,64356,30166361,30166373,12
channel-750,680040,30166364,30166379,15
channel-0,4034935,30166392,30166401,9
channel-19774,345596,30166395,30166405,10
channel-874,292151,30166414,30166420,6
channel-6994,1322106,30166436,30166447,11
channel-47,198625,30166441,30166460,19
channel-1,407913,30166451,30166461,10
channel-85077,58229,30166466,30166475,9
channel-750,680041,30166480,30166491,11
channel-750,680042,30166481,30166492,11
channel-89298,18504,30166482,30166490,8
channel-750,680043,30166488,30166501,13
channel-750,680044,30166497,30166508,11
channel-6787,166532,30166526,30166530,4
channel-122,667309,30166534,30166538,4
channel-47,198626,30166534,30166548,14
channel-232,49163,30166537,30166548,11
channel-750,680045,30166553,30166561,8
channel-89298,18505,30166559,30166568,9
channel-326,537105,30166579,30166600,21
channel-208,1488855,30166589,30166598,9
channel-0,4034936,30166593,30166601,8
channel-6994,1322107,30166600,30166613,13
channel-0,4034937,30166605,30166616,11
channel-750,680046,30166614,30166619,5
channel-0,4034938,30166630,30166638,8
channel-750,680047,30166630,30166643,13
channel-0,4034939,30166632,30166643,11
channel-1,407914,30166659,30166701,42
channel-92956,189,30166685,30166695,10
channel-750,680048,30166753,30166760,7
channel-208,1488856,30166795,30166802,7
channel-85077,58230,30166805,30166824,19
channel-85077,58231,30166811,30166824,13
channel-85077,58232,30166811,30166824,13
channel-750,680049,30166822,30166828,6
channel-19774,345597,30166824,30166837,13
channel-85077,58233,30166830,30166857,27
channel-5,184126,30166838,30166848,10
channel-122,667310,30166846,30166849,3
channel-89321,19258,30166847,30166857,10
channel-122,667311,30166851,30166854,3
channel-0,4034940,30166855,30166879,24
channel-750,680050,30166870,30166874,4
channel-1,407915,30166879,30166910,31
channel-6994,1322108,30166891,30166903,12
channel-208,1488857,30166896,30166907,11
channel-208,1488858,30166902,30166913,11
channel-874,292152,30166933,30166938,5
channel-85077,58234,30166938,30166961,23
channel-208,1488859,30166948,30166959,11
channel-5,184127,30166949,30166959,10
channel-0,4034941,30166956,30166965,9
channel-85077,58235,30166964,30166990,26
channel-874,292153,30166983,30166991,8
channel-326,537106,30166992,30167015,23
channel-199,132320,30166998,30167007,9
channel-5,184128,30167019,30167028,9
channel-75030,1170,30167056,30167065,9
channel-85077,58236,30167071,30167091,20
channel-326,537107,30167077,30167105,28
channel-6994,1322109,30167092,30167114,22
channel-340,3105,30167118,30167127,9
channel-75,844305,30167128,30167135,7
channel-0,4034942,30167139,30167150,11
channel-750,680051,30167151,30167156,5
channel-0,4034943,30167178,30167198,20
channel-85077,58237,30167181,30167198,17
channel-6787,166533,30167201,30167206,5
channel-89298,18506,30167225,30167234,9
channel-750,680052,30167255,30167265,10
channel-326,537108,30167268,30167287,19
channel-75016,4554,30167272,30167293,21
channel-0,4034944,30167283,30167294,11
channel-5,184129,30167286,30167294,8
channel-122,667312,30167288,30167291,3
channel-340,3106,30167297,30167309,12
channel-1,407916,30167303,30167316,13
channel-85077,58238,30167308,30167320,12
channel-85077,58239,30167309,30167320,11
channel-750,680053,30167314,30167322,8
channel-874,292154,30167320,30167325,5
channel-1575,15148,30167329,30167341,12
channel-2188,43352,30167338,30167343,5
channel-0,4034945,30167341,30167351,10
channel-122,667313,30167345,30167348,3
channel-1,407917,30167358,30167367,9
channel-6994,1322110,30167360,30167387,27
channel-0,4034946,30167362,30167374,12
channel-208,1488860,30167378,30167390,12
channel-5,184130,30167378,30167391,13
channel-1,407918,30167409,30167419,10
channel-1279,67091,30167413,30167423,10
channel-199,132321,30167414,30167423,9
channel-750,680054,30167416,30167421,5
channel-85077,58240,30167421,30167447,26
channel-0,4034947,30167421,30167430,9
channel-5,184131,30167422,30167429,7
channel-75,844306,30167423,30167429,6
channel-85077,58241,30167425,30167447,22
channel-85077,58242,30167431,30167447,16
channel-208,1488861,30167431,30167445,14
channel-85077,58243,30167438,30167447,9
channel-1,407919,30167443,30167456,13
channel-0,4034948,30167449,30167459,10
channel-874,292155,30167450,30167457,7
channel-85077,58244,30167460,30167480,20
channel-85077,58245,30167473,30167511,38
channel-85077,58246,30167477,30167511,34
channel-750,680055,30167485,30167490,5
channel-89298,18507,30167488,30167498,10
channel-85077,58247,30167497,30167511,14
channel-85077,58248,30167513,30167540,27
channel-208,1488862,30167520,30167533,13
channel-204,670590,30167526,30167532,6
channel-204,670591,30167530,30167536,6
channel-259,314083,30167532,30167536,4
channel-204,670592,30167532,30167540,8
channel-204,670593,30167535,30167542,7
channel-0,4034949,30167548,30167559,11
channel-2494,31797,30167560,30167570,10
channel-204,670595,30167560,30167568,8
channel-326,537109,30167562,30167583,21
channel-2494,31798,30167572,30167580,8
channel-19774,345598,30167599,30167610,11
channel-208,1488863,30167599,30167609,10
channel-208,1488864,30167603,30167612,9
channel-0,4034950,30167610,30167621,11
channel-199,132322,30167612,30167622,10
channel-204,670596,30167615,30167623,8
channel-204,670597,30167618,30167633,15
channel-216,93979,30167622,30167626,4
channel-204,670598,30167628,30167633,5
channel-208,1488865,30167635,30167648,13
channel-874,292156,30167635,30167641,6
channel-42,1489734,30167638,30167648,10
channel-5,184132,30167640,30167651,11
channel-874,292157,30167645,30167651,6
channel-204,670599,30167649,30167655,6
channel-0,4034951,30167660,30167669,9
channel-5,184133,30167664,30167674,10
channel-208,1488866,30167670,30167680,10
channel-204,670600,30167685,30167694,9
channel-326,537110,30167699,30167705,6
channel-750,680056,30167710,30167722,12
channel-204,670601,30167721,30167727,6
channel-204,670602,30167721,30167727,6
channel-326,537111,30167748,30167769,21
channel-326,537112,30167757,30167766,9
channel-122,667314,30167760,30167763,3
channel-204,670603,30167762,30167772,10
channel-326,537113,30167768,30167776,8
channel-19774,345599,30167778,30167788,10
channel-326,537114,30167783,30167788,5
channel-326,537115,30167798,30167805,7
channel-750,680057,30167802,30167812,10
channel-85077,58249,30167806,30167833,27
channel-326,537116,30167811,30167822,11
channel-208,1488867,30167884,30167894,10
channel-0,4034952,30167932,30167945,13
channel-208,1488868,30167959,30167973,14
channel-92956,190,30167962,30167969,7
channel-204,670604,30167963,30167973,10
channel-204,670605,30167966,30167987,21
channel-19774,345600,30167966,30167975,9
channel-874,292158,30167967,30167974,7
channel-750,680058,30167971,30167985,14
channel-204,670606,30167971,30167979,8
channel-750,680059,30167974,30167989,15
channel-204,670607,30167978,30167987,9
channel-874,292159,30167982,30167991,9
channel-874,292160,30167995,30168001,6
channel-874,292161,30168000,30168005,5
channel-326,537117,30168004,30168032,28
channel-122,667315,30168004,30168008,4
channel-874,292162,30168018,30168024,6
channel-0,4034953,30168025,30168037,12
channel-19774,345601,30168044,30168054,10
channel-750,680060,30168048,30168057,9
channel-19774,345602,30168049,30168058,9
channel-2494,31799,30168063,30168072,9
channel-6787,166534,30168066,30168070,4
channel-874,292163,30168068,30168074,6
channel-122,667316,30168074,30168078,4
channel-85077,58250,30168075,30168084,9
channel-874,292164,30168076,30168085,9
channel-208,1488869,30168078,30168091,13
channel-326,537118,30168083,30168101,18
channel-19774,345603,30168089,30168098,9
channel-85077,58251,30168098,30168115,17
channel-874,292165,30168100,30168105,5
channel-874,292166,30168100,30168105,5
channel-874,292167,30168113,30168120,7
channel-874,292168,30168113,30168120,7
channel-0,4034954,30168119,30168131,12
channel-874,292169,30168127,30168131,4
channel-0,4034955,30168129,30168141,12
channel-199,132323,30168136,30168147,11
channel-208,1488870,30168138,30168151,13
channel-874,292170,30168141,30168147,6
channel-204,670608,30168145,30168152,7
channel-874,292171,30168153,30168159,6
channel-204,670609,30168153,30168160,7
channel-85077,58252,30168157,30168170,13
channel-204,670610,30168159,30168167,8
channel-165,71368,30168174,30168184,10
channel-75755,5507,30168179,30168190,11
channel-204,670611,30168179,30168189,10
channel-204,670612,30168185,30168191,6
channel-874,292172,30168189,30168194,5
channel-326,537119,30168193,30168198,5
channel-199,132324,30168195,30168204,9
channel-85077,58253,30168226,30168249,23
channel-2188,43353,30168237,30168240,3
channel-750,680061,30168240,30168256,16
channel-199,132325,30168251,30168260,9
channel-165,71369,30168259,30168269,10
channel-0,4034956,30168259,30168268,9
channel-0,4034957,30168263,30168275,12
channel-6994,1322111,30168273,30168284,11
channel-0,4034958,30168276,30168285,9
channel-199,132326,30168277,30168293,16
channel-0,4034959,30168331,30168339,8
channel-85077,58254,30168338,30168353,15
channel-199,132327,30168354,30168364,10
channel-208,1488871,30168397,30168409,12
channel-85077,58255,30168420,30168434,14
channel-199,132328,30168435,30168443,8
channel-320,119074,30168441,30168449,8
channel-0,4034960,30168447,30168473,26
channel-6994,1322112,30168447,30168459,12
channel-0,4034961,30168448,30168468,20
channel-320,119075,30168455,30168477,22
channel-204,670614,30168462,30168472,10
channel-750,680062,30168467,30168483,16
channel-0,4034962,30168473,30168482,9
channel-85077,58256,30168479,30168490,11
channel-208,1488872,30168485,30168497,12
channel-0,4034963,30168486,30168497,11
channel-750,680063,30168493,30168497,4
channel-85077,58257,30168497,30168523,26
channel-19774,345604,30168501,30168515,14
channel-208,1488873,30168517,30168534,17
channel-204,670615,30168522,30168528,6
channel-204,670616,30168525,30168534,9
channel-750,680064,30168527,30168539,12
channel-750,680065,30168529,30168540,11
channel-750,680066,30168533,30168537,4
channel-204,670617,30168535,30168543,8
channel-204,670618,30168535,30168543,8
channel-1,407920,30168550,30168574,24
channel-750,680067,30168550,30168561,11
channel-85077,58258,30168557,30168583,26
channel-6994,1322113,30168566,30168576,10
channel-204,670619,30168571,30168578,7
channel-204,670620,30168572,30168588,16
channel-87,182881,30168599,30168611,12
channel-19774,345605,30168605,30168611,6
channel-42,1489735,30168605,30168611,6
channel-0,4034964,30168620,30168629,9
channel-85077,58259,30168620,30168647,27
channel-85077,58260,30168620,30168647,27
channel-85077,58261,30168628,30168729,101
channel-874,292173,30168634,30168640,6
channel-85077,58262,30168634,30168729,95
channel-8945,17730,30168638,30168648,10
channel-0,4034965,30168641,30168654,13
channel-0,4034966,30168676,30168687,11
channel-874,292174,30168677,30168683,6
channel-0,4034967,30168679,30168687,8
channel-122,667317,30168688,30168692,4
channel-208,1488874,30168689,30168701,12
channel-0,4034968,30168693,30168702,9
channel-5,184134,30168708,30168718,10
channel-750,680068,30168713,30168720,7
channel-326,537120,30168744,30168766,22
channel-0,4034969,30168755,30168767,12
channel-0,4034970,30168779,30168790,11
channel-6994,1322114,30168797,30168808,11
channel-326,537121,30168847,30168870,23
channel-6994,1322115,30168858,30168867,9
channel-0,4034971,30168866,30168874,8
channel-750,680069,30168887,30168901,14
channel-208,1488875,30168911,30168923,12
channel-208,1488876,30168912,30168923,11
channel-6994,1322116,30168913,30168957,44
channel-204,670621,30168915,30168924,9
channel-0,4034972,30168919,30168942,23
channel-204,670622,30168922,30168932,10
channel-750,680070,30168926,30168936,10
channel-204,670623,30168932,30168940,8
channel-326,537122,30168940,30168970,30
channel-0,4034973,30168950,30168961,11
channel-326,537123,30168964,30168970,6
channel-208,1488877,30168965,30168974,9
channel-204,670624,30168972,30168980,8
channel-6994,1322117,30168974,30169010,36
channel-204,670625,30168975,30168983,8
channel-4,166712,30168976,30169006,30
channel-204,670626,30168976,30168991,15
channel-750,680071,30168984,30168989,5
channel-204,670627,30168987,30168995,8
channel-204,670628,30168989,30169007,18
channel-204,670629,30168992,30168998,6
channel-1,407921,30168994,30169020,26
channel-204,670630,30169014,30169021,7
channel-0,4034974,30169015,30169027,12
channel-4,166713,30169026,30169047,21
channel-208,1488878,30169036,30169045,9
channel-0,4034975,30169038,30169048,10
channel-6994,1322118,30169040,30169089,49
channel-259,314084,30169047,30169054,7
channel-5,184135,30169052,30169060,8
channel-874,292175,30169053,30169057,4
channel-750,680072,30169092,30169102,10
channel-326,537124,30169094,30169115,21
channel-874,292176,30169094,30169100,6
channel-208,1488879,30169099,30169110,11
channel-6994,1322119,30169100,30169110,10
channel-6994,1322120,30169103,30169140,37
channel-204,670631,30169107,30169114,7
channel-204,670632,30169108,30169123,15
channel-204,670633,30169113,30169121,8
channel-2188,43354,30169118,30169122,4
channel-204,670634,30169123,30169129,6
channel-85077,58263,30169125,30169136,11
channel-874,292177,30169129,30169135,6
channel-204,670635,30169135,30169140,5
channel-2188,43355,30169141,30169146,5
channel-88,466954,30169141,30169155,14
channel-750,680073,30169160,30169164,4
channel-85077,58264,30169165,30169192,27
channel-874,292178,30169166,30169173,7
channel-122,667318,30169172,30169176,4
channel-73755,5809,30169183,30169192,9
channel-0,4034976,30169196,30169203,7
channel-204,670636,30169209,30169217,8
channel-874,292179,30169211,30169217,6
channel-0,4034977,30169248,30169261,13
channel-874,292180,30169254,30169264,10
channel-326,537125,30169292,30169299,7
channel-874,292181,30169295,30169300,5
channel-6994,1322121,30169298,30169342,44
channel-204,670637,30169324,30169330,6
channel-874,292182,30169336,30169345,9
channel-522,40392,30169348,30169361,13
channel-750,680074,30169364,30169369,5
channel-874,292183,30169370,30169376,6
channel-874,292184,30169370,30169376,6
channel-6994,1322122,30169373,30169416,43
channel-2,130533,30169380,30169390,10
channel-199,132329,30169385,30169392,7
channel-874,292185,30169385,30169391,6
channel-874,292186,30169393,30169399,6
channel-874,292187,30169415,30169420,5
channel-874,292188,30169418,30169424,6
channel-874,292189,30169420,30169425,5
channel-6994,1322123,30169433,30169444,11
channel-0,4034978,30169441,30169452,11
channel-874,292190,30169453,30169459,6
channel-4,166714,30169488,30169510,22
channel-1,407922,30169490,30169531,41
channel-1,407923,30169510,30169536,26
channel-4,166715,30169512,30169550,38
channel-85077,58265,30169520,30169529,9
channel-874,292191,30169522,30169527,5
channel-6994,1322124,30169536,30169582,46
channel-326,537126,30169537,30169560,23
channel-85077,58266,30169547,30169559,12
channel-208,1488880,30169555,30169565,10
channel-85077,58267,30169556,30169589,33
channel-4,166716,30169557,30169578,21
channel-4,166717,30169585,30169615,30
channel-6994,1322125,30169594,30169637,43
channel-874,292192,30169606,30169611,5
channel-0,4034979,30169621,30169632,11
channel-75,844307,30169625,30169632,7
channel-85077,58268,30169639,30169691,52
channel-412,64357,30169640,30169651,11
channel-750,680075,30169647,30169660,13
channel-0,4034980,30169648,30169661,13
channel-85077,58269,30169656,30169691,35
channel-0,4034981,30169659,30169689,30
channel-6994,1322126,30169662,30169703,41
channel-143,128186,30169672,30169689,17
channel-4,166718,30169675,30169710,35
channel-750,680076,30169677,30169681,4
channel-0,4034982,30169684,30169720,36
channel-8945,17731,30169699,30169712,13
channel-783,104105,30169708,30169717,9
channel-0,4034983,30169710,30169737,27
channel-8945,17732,30169712,30169720,8
channel-522,40393,30169718,30169724,6
channel-6994,1322127,30169719,30169732,13
channel-171,7589,30169730,30169741,11
channel-0,4034984,30169732,30169742,10
channel-143,128187,30169736,30169768,32
channel-208,1488881,30169739,30169748,9
channel-122,667319,30169739,30169742,3
channel-874,292193,30169766,30169772,6
channel-767,14335,30169773,30169783,10
channel-0,4034985,30169777,30169789,12
channel-6994,1322128,30169778,30169814,36
channel-326,537127,30169799,30169824,25
channel-42,1489736,30169812,30169823,11
channel-0,4034986,30169813,30169821,8
channel-94814,3657,30169813,30169822,9
channel-2,130534,30169816,30169825,9
channel-1,407924,30169817,30169830,13
channel-6787,166535,30169858,30169862,4
channel-750,680077,30169863,30169869,6
channel-0,4034987,30169870,30169880,10
channel-113,301231,30169883,30169893,10
channel-0,4034988,30169891,30169916,25
channel-750,680078,30169895,30169911,16
channel-2494,31800,30169903,30169914,11
channel-522,40394,30169921,30169948,27
channel-874,292194,30169921,30169926,5
channel-326,537128,30169921,30169945,24
channel-72,516339,30169928,30169970,42
channel-1279,67092,30169940,30169956,16
channel-750,680079,30169942,30169947,5
channel-199,132330,30169947,30169976,29
channel-0,4034989,30169947,30169960,13
channel-0,4034990,30169974,30169984,10
channel-750,680080,30169976,30169981,5
channel-204,670638,30169977,30169986,9
channel-72,516340,30169993,30170038,45
channel-122,667320,30170013,30170017,4
channel-113,301232,30170019,30170037,18
channel-340,3107,30170026,30170037,11
channel-750,680081,30170041,30170046,5
channel-72,516341,30170049,30170109,60
channel-15464,2647,30170058,30170075,17
channel-0,4034991,30170061,30170073,12
channel-0,4034992,30170063,30170073,10
channel-75,844308,30170063,30170069,6
channel-750,680082,30170065,30170077,12
channel-750,680083,30170090,30170103,13
channel-42,1489737,30170108,30170117,9
channel-72,516342,30170108,30170154,46
channel-0,4034993,30170112,30170122,10
channel-75,844309,30170122,30170131,9
channel-72,516343,30170124,30170178,54
channel-122,667321,30170124,30170127,3
channel-0,4034994,30170128,30170138,10
channel-0,4034995,30170149,30170157,8
channel-557,52037,30170152,30170165,13
channel-750,680084,30170189,30170198,9
channel-326,537129,30170189,30170194,5
channel-85077,58270,30170191,30170216,25
channel-0,4034996,30170206,30170217,11
channel-181,13573,30170208,30170220,12
channel-6994,1322129,30170227,30170242,15
channel-750,680085,30170231,30170236,5
channel-115,20315,30170239,30170248,9
channel-326,537130,30170250,30170261,11
channel-326,537131,30170250,30170261,11
channel-326,537132,30170250,30170261,11
channel-326,537133,30170250,30170261,11
channel-326,537134,30170250,30170261,11
channel-326,537135,30170250,30170261,11
channel-326,537136,30170250,30170261,11
channel-326,537137,30170250,30170261,11
channel-208,1488882,30170251,30170263,12
channel-232,49164,30170251,30170268,17
channel-113,301233,30170252,30170260,8
channel-85077,58271,30170264,30170298,34
channel-72,516344,30170271,30170316,45
channel-0,4034997,30170275,30170287,12
channel-4,166719,30170283,30170314,31
channel-208,1488883,30170290,30170304,14
channel-326,537138,30170304,30170324,20
channel-750,680086,30170306,30170320,14
channel-85077,58272,30170311,30170330,19
channel-6994,1322130,30170316,30170328,12
channel-259,314085,30170326,30170332,6
channel-4,166720,30170327,30170347,20
channel-0,4034998,30170334,30170346,12
channel-72,516345,30170342,30170385,43
channel-6994,1322131,30170349,30170360,11
channel-750,680087,30170351,30170356,5
channel-204,670639,30170351,30170359,8
channel-6994,1322132,30170356,30170364,8
channel-750,680088,30170381,30170390,9
channel-6994,1322133,30170387,30170400,13
channel-208,1488884,30170403,30170412,9
channel-184,137325,30170407,30170417,10
channel-326,537139,30170409,30170415,6
channel-251,85088,30170415,30170421,6
channel-208,1488885,30170434,30170447,13
channel-208,1488886,30170439,30170451,12
channel-184,137326,30170446,30170456,10
channel-0,4034999,30170448,30170458,10
channel-750,680089,30170455,30170468,13
channel-2494,31801,30170460,30170471,11
channel-750,680090,30170486,30170494,8
channel-750,680091,30170512,30170521,9
channel-199,132331,30170513,30170519,6
channel-4,166721,30170519,30170543,24
channel-85077,58273,30170540,30170566,26
channel-0,4035000,30170546,30170573,27
channel-750,680092,30170547,30170557,10
channel-781,11376,30170562,30170568,6
channel-0,4035001,30170601,30170612,11
channel-208,1488887,30170604,30170615,11
channel-85077,58274,30170604,30170624,20
channel-0,4035002,30170624,30170636,12
channel-2494,31802,30170678,30170685,7
channel-208,1488888,30170679,30170685,6
channel-1279,67093,30170693,30170708,15
channel-750,680093,30170698,30170712,14
channel-750,680094,30170707,30170718,11
channel-72,516346,30170708,30170757,49
channel-326,537140,30170727,30170753,26
channel-47,198627,30170729,30170745,16
channel-208,1488889,30170771,30170780,9
channel-2,130535,30170773,30170782,9
channel-0,4035003,30170786,30170797,11
channel-750,680095,30170789,30170801,12
channel-2188,43356,30170791,30170797,6
channel-2,130536,30170814,30170821,7
channel-208,1488890,30170876,30170888,12
channel-122,667322,30170877,30170881,4
channel-204,670641,30170911,30170920,9
channel-85077,58275,30170915,30170939,24
channel-767,14336,30170932,30170941,9
channel-85077,58276,30170950,30170967,17
channel-767,14337,30170957,30170965,8
channel-0,4035004,30170961,30170972,11
channel-2494,31803,30170980,30170988,8
channel-1279,67094,30170987,30170996,9
channel-75,844310,30171001,30171013,12
channel-85077,58277,30171020,30171050,30
channel-85077,58278,30171038,30171050,12
channel-6994,1322134,30171057,30171068,11
channel-85077,58279,30171065,30171082,17
channel-94814,3658,30171081,30171092,11
channel-72,516347,30171083,30171107,24
channel-326,537141,30171127,30171147,20
channel-85077,58280,30171133,30171165,32
channel-75,844311,30171141,30171152,11
channel-0,4035005,30171142,30171156,14
channel-6994,1322135,30171144,30171155,11
channel-75,844312,30171170,30171177,7
channel-47,198628,30171190,30171203,13
channel-75,844313,30171195,30171201,6
channel-122,667323,30171204,30171208,4
channel-326,537142,30171217,30171233,16
channel-326,537143,30171217,30171233,16
channel-326,537144,30171217,30171233,16
channel-326,537145,30171217,30171233,16
channel-326,537146,30171217,30171233,16
channel-326,537147,30171217,30171233,16
channel-326,537148,30171217,30171233,16
channel-326,537149,30171217,30171233,16
channel-1,407925,30171238,30171258,20
channel-6994,1322136,30171267,30171279,12
channel-199,132332,30171285,30171296,11
channel-85077,58281,30171289,30171315,26
channel-216,93980,30171311,30171315,4
channel-204,670644,30171313,30171322,9
channel-75,844314,30171323,30171330,7
channel-199,132333,30171323,30171333,10
channel-0,4035006,30171335,30171349,14
channel-75,844315,30171369,30171376,7
channel-85077,58282,30171375,30171392,17
channel-199,132334,30171433,30171442,9
channel-208,1488891,30171436,30171446,10
channel-750,680096,30171483,30171489,6
channel-0,4035007,30171496,30171509,13
channel-208,1488892,30171511,30171523,12
channel-0,4035008,30171513,30171524,11
channel-208,1488893,30171517,30171528,11
channel-208,1488894,30171521,30171533,12
channel-750,680097,30171534,30171539,5
channel-6994,1322137,30171550,30171561,11
channel-39535,10287,30171552,30171592,40
channel-0,4035009,30171555,30171569,14
channel-251,85089,30171636,30171648,12
channel-1,407926,30171640,30171647,7
channel-85077,58283,30171647,30171679,32
channel-1,407927,30171661,30171680,19
channel-122,667324,30171668,30171672,4
channel-6994,1322138,30171668,30171680,12
channel-0,4035010,30171676,30171686,10
channel-1,407928,30171680,30171691,11
channel-2,130537,30171699,30171710,11
channel-251,85090,30171700,30171710,10
channel-75,844316,30171704,30171712,8
channel-6994,1322139,30171724,30171756,32
channel-6994,1322140,30171726,30171736,10
channel-75,844317,30171727,30171733,6
channel-0,4035011,30171732,30171742,10
channel-326,537150,30171747,30171767,20
channel-42,1489738,30171757,30171765,8
channel-1575,15149,30171795,30171805,10
channel-6994,1322141,30171806,30171822,16
channel-122,667325,30171806,30171810,4
channel-6994,1322142,30171819,30171832,13
channel-85077,58284,30171827,30171853,26
channel-42,1489739,30171851,30171858,7
channel-750,680098,30171855,30171864,9
channel-2188,43357,30171881,30171885,4
channel-75,844318,30171890,30171895,5
channel-750,680099,30171917,30171921,4
channel-750,680100,30171918,30171928,10
channel-750,680101,30171923,30171927,4
channel-73,51323,30171927,30171935,8
channel-75,844319,30171989,30171994,5
channel-85077,58285,30171990,30171999,9
channel-0,4035012,30172029,30172039,10
channel-642,126450,30172032,30172070,38
channel-6994,1322143,30172036,30172068,32
channel-0,4035013,30172047,30172058,11
channel-6994,1322144,30172098,30172127,29
channel-85791,3679,30172102,30172113,11
channel-6994,1322145,30172113,30172136,23
channel-6994,1322146,30172123,30172142,19
channel-208,1488895,30172142,30172153,11
channel-85077,58286,30172143,30172154,11
channel-326,537151,30172156,30172178,22
channel-208,1488896,30172180,30172191,11
channel-1,407929,30172183,30172201,18
channel-85077,58287,30172191,30172205,14
channel-208,1488897,30172206,30172216,10
channel-6994,1322147,30172209,30172232,23
channel-874,292195,30172213,30172219,6
channel-1,407930,30172216,30172234,18
channel-199,132335,30172223,30172231,8
channel-89298,18508,30172228,30172238,10
channel-0,4035014,30172229,30172238,9
channel-0,4035015,30172233,30172241,8
channel-208,1488898,30172240,30172251,11
channel-208,1488899,30172240,30172251,11
channel-5,184136,30172241,30172248,7
channel-85077,58288,30172253,30172288,35
channel-1,407931,30172257,30172289,32
channel-42,1489740,30172260,30172272,12
channel-91017,2644,30172264,30172274,10
channel-208,1488900,30172296,30172306,10
channel-1,407932,30172302,30172345,43
channel-144,86659,30172305,30172318,13
channel-750,680102,30172306,30172320,14
channel-5,184137,30172307,30172319,12
channel-750,680103,30172318,30172338,20
channel-85077,58289,30172322,30172340,18
channel-122,667326,30172327,30172331,4
channel-122,667327,30172336,30172339,3
channel-0,4035016,30172340,30172367,27
channel-0,4035017,30172347,30172361,14
channel-85077,58290,30172347,30172374,27
channel-750,680104,30172354,30172369,15
channel-0,4035018,30172368,30172380,12
channel-85077,58291,30172376,30172409,33
channel-0,4035019,30172391,30172403,12
channel-5,184138,30172393,30172401,8
channel-85077,58292,30172417,30172436,19
channel-39535,10288,30172464,30173008,544
channel-750,680105,30172524,30172529,5
channel-0,4035020,30172529,30172541,12
channel-0,4035021,30172553,30172566,13
channel-0,4035022,30172578,30172587,9
channel-750,680106,30172581,30172599,18
channel-1,407933,30172596,30172617,21
channel-326,537152,30172596,30172614,18
channel-750,680107,30172639,30172644,5
channel-85077,58293,30172639,30172661,22
channel-0,4035023,30172644,30172655,11
channel-199,132336,30172680,30172692,12
channel-0,4035024,30172696,30172710,14
channel-6994,1322148,30172740,30172757,17
channel-750,680108,30172755,30172762,7
channel-750,680109,30172763,30172772,9
channel-87042,228,30172795,30172806,11
channel-750,680110,30172816,30172829,13
channel-750,680111,30172823,30172828,5
channel-750,680112,30172824,30172838,14
channel-6994,1322149,30172826,30172857,31
channel-87042,229,30172838,30172851,13
channel-750,680113,30172841,30172850,9
channel-5,184139,30172845,30172854,9
channel-199,132337,30172884,30172903,19
channel-75,844320,30172900,30172908,8
channel-199,132338,30172909,30172922,13
channel-750,680114,30172914,30172926,12
channel-204,670647,30172918,30172927,9
channel-6994,1322150,30172919,30172951,32
channel-94814,3659,30172926,30172938,12
channel-0,4035025,30172926,30172936,10
channel-75,844321,30172939,30172946,7
channel-122,667328,30172939,30172943,4
channel-20082,9845,30172945,30172954,9
channel-204,670648,30172946,30172956,10
channel-0,4035026,30172949,30172960,11
channel-326,537153,30172977,30172994,17
channel-750,680115,30172996,30173011,15
channel-750,680116,30173010,30173026,16
channel-232,49165,30173019,30173028,9
channel-6994,1322151,30173019,30173066,47
channel-0,4035027,30173023,30173030,7
channel-85077,58294,30173066,30173081,15
channel-750,680117,30173071,30173092,21
channel-750,680118,30173072,30173092,20
channel-0,4035028,30173085,30173098,13
channel-208,1488901,30173099,30173107,8
channel-6994,1322152,30173101,30173151,50
channel-0,4035029,30173119,30173133,14
channel-0,4035030,30173131,30173143,12
channel-4,166722,30173152,30173182,30
channel-4,166723,30173177,30173230,53
channel-208,1488902,30173211,30173224,13
channel-208,1488903,30173211,30173223,12
channel-750,680119,30173220,30173225,5
channel-208,1488904,30173232,30173239,7
channel-0,4035031,30173240,30173251,11
channel-208,1488905,30173261,30173272,11
channel-750,680120,30173270,30173292,22
channel-208,1488906,30173305,30173315,10
channel-0,4035032,30173310,30173319,9
channel-0,4035033,30173310,30173319,9
channel-208,1488907,30173313,30173325,12
channel-1,407934,30173328,30173358,30
channel-0,4035034,30173337,30173350,13
channel-326,537154,30173358,30173379,21
channel-0,4035035,30173363,30173373,10
channel-199,132339,30173381,30173413,32
channel-20082,9846,30173383,30173394,11
channel-91017,2645,30173390,30173398,8
channel-6994,1322153,30173425,30173449,24
channel-874,292196,30173437,30173442,5
channel-0,4035036,30173440,30173458,18
channel-0,4035037,30173456,30173467,11
channel-0,4035038,30173461,30173473,12
channel-0,4035039,30173476,30173489,13
channel-320,119076,30173480,30173493,13
channel-75,844322,30173480,30173486,6
channel-0,4035040,30173486,30173510,24
channel-6994,1322154,30173510,30173521,11
channel-199,132340,30173541,30173552,11
channel-6994,1322155,30173542,30173596,54
channel-0,4035041,30173583,30173593,10
channel-750,680121,30173593,30173603,10
channel-144,86660,30173599,30173609,10
channel-750,680122,30173605,30173616,11
channel-21113,25255,30173621,30173631,10
channel-85077,58295,30173631,30173639,8
channel-0,4035042,30173644,30173651,7
channel-6994,1322156,30173663,30173684,21
channel-79703,4383,30173675,30173693,18
channel-0,4035043,30173679,30173690,11
channel-6994,1322157,30173679,30173703,24
channel-94814,3660,30173681,30173691,10
channel-21113,25256,30173690,30173698,8
channel-75755,5508,30173693,30173704,11
channel-340,3108,30173706,30173715,9
channel-326,537155,30173740,30173763,23
channel-340,3109,30173783,30173795,12
channel-6994,1322158,30173820,30173835,15
channel-0,4035044,30173831,30173841,10
channel-750,680123,30173843,30173851,8
channel-259,314086,30173845,30173851,6
channel-259,314087,30173849,30173854,5
channel-340,3110,30173852,30173859,7
channel-6994,1322159,30173855,30173869,14
channel-750,680124,30173888,30173892,4
channel-85077,58296,30173890,30173906,16
channel-2494,31804,30173890,30173899,9
channel-94814,3661,30173901,30173913,12
channel-340,3111,30173903,30173914,11
channel-0,4035045,30173957,30173970,13
channel-750,680125,30173957,30173962,5
channel-340,3112,30173970,30173979,9
channel-750,680126,30173973,30173980,7
channel-75,844323,30173979,30173987,8
channel-75,844324,30173983,30173990,7
channel-85077,58297,30173987,30174012,25
channel-0,4035046,30173989,30173999,10
channel-6994,1322160,30173993,30174006,13
channel-85077,58298,30173999,30174012,13
channel-0,4035047,30174003,30174013,10
channel-0,4035048,30174007,30174017,10
channel-6994,1322161,30174012,30174023,11
channel-0,4035049,30174013,30174023,10
channel-0,4035050,30174015,30174027,12
channel-320,119077,30174027,30174038,11
channel-0,4035051,30174031,30174041,10
channel-184,137327,30174036,30174051,15
channel-0,4035052,30174042,30174050,8
channel-6994,1322162,30174052,30174064,12
channel-320,119078,30174065,30174081,16
channel-85077,58299,30174069,30174088,19
channel-0,4035053,30174080,30174089,9
channel-85077,58300,30174100,30174121,21
channel-0,4035054,30174120,30174129,9
channel-0,4035055,30174123,30174133,10
channel-320,119079,30174127,30174140,13
channel-0,4035056,30174132,30174143,11
channel-6994,1322163,30174140,30174152,12
channel-750,680127,30174140,30174161,21
channel-85077,58301,30174152,30174176,24
channel-122,667329,30174152,30174156,4
channel-75,844325,30174158,30174166,8
channel-0,4035057,30174169,30174179,10
channel-75,844326,30174185,30174193,8
channel-0,4035058,30174195,30174205,10
channel-750,680128,30174216,30174221,5
channel-750,680129,30174220,30174225,5
channel-6994,1322164,30174222,30174247,25
channel-85077,58302,30174236,30174259,23
channel-750,680130,30174263,30174273,10
channel-0,4035059,30174279,30174291,12
channel-75,844327,30174287,30174296,9
channel-85077,58303,30174295,30174317,22
channel-75,844328,30174302,30174310,8
channel-75,844329,30174313,30174321,8
channel-0,4035060,30174322,30174335,13
channel-0,4035061,30174347,30174359,12
channel-326,537156,30174371,30174389,18
channel-85077,58304,30174371,30174397,26
channel-75,844330,30174408,30174414,6
channel-75,844331,30174410,30174415,5
channel-85077,58305,30174411,30174429,18
channel-0,4035062,30174422,30174430,8
channel-750,680131,30174422,30174427,5
channel-199,132341,30174422,30174432,10
channel-208,1488908,30174427,30174440,13
channel-0,4035063,30174455,30174465,10
channel-75,844332,30174466,30174472,6
channel-208,1488909,30174474,30174485,11
channel-199,132342,30174483,30174500,17
channel-75,844333,30174497,30174504,7
channel-750,680132,30174507,30174512,5
channel-204,670649,30174533,30174543,10
channel-204,670650,30174534,30174548,14
channel-75,844334,30174542,30174549,7
channel-0,4035064,30174542,30174552,10
channel-6994,1322165,30174543,30174555,12
channel-75,844335,30174547,30174554,7
channel-216,93981,30174552,30174556,4
channel-85077,58306,30174560,30174569,9
channel-0,4035065,30174563,30174577,14
channel-75,844336,30174584,30174592,8
channel-0,4035066,30174612,30174622,10
channel-85077,58307,30174621,30174653,32
channel-204,670651,30174624,30174632,8
channel-750,680133,30174625,30174631,6
channel-85077,58308,30174638,30174653,15
channel-340,3113,30174642,30174651,9
channel-122,667330,30174643,30174646,3
channel-251,85091,30174650,30174664,14
channel-79703,4384,30174682,30174690,8
channel-85077,58309,30174686,30174707,21
channel-85077,58310,30174690,30174707,17
channel-750,680134,30174708,30174720,12
channel-199,132343,30174710,30174720,10
channel-85077,58311,30174721,30174769,48
channel-750,680135,30174729,30174744,15
channel-750,680136,30174738,30174748,10
channel-199,132344,30174741,30174753,12
channel-750,680137,30174758,30174771,13
channel-199,132345,30174780,30174790,10
channel-326,537157,30174785,30174804,19
channel-75,844337,30174799,30174806,7
channel-0,4035067,30174800,30174810,10
channel-208,1488910,30174824,30174836,12
channel-750,680138,30174837,30174854,17
channel-750,680139,30174850,30174872,22
channel-199,132346,30174867,30174877,10
channel-6994,1322166,30174879,30174890,11
channel-89321,19259,30174881,30174889,8
channel-750,680140,30174887,30174921,34
channel-75,844338,30174887,30174894,7
channel-750,680141,30174904,30174918,14
channel-75,844339,30174912,30174919,7
channel-6994,1322167,30174930,30174950,20
channel-199,132347,30174930,30174942,12
channel-75,844340,30174941,30174948,7
channel-94814,3662,30174957,30174970,13
channel-75,844341,30174980,30174986,6
channel-85077,58312,30174983,30175014,31
channel-1634,6712,30174987,30175015,28
channel-0,4035068,30174992,30175001,9
channel-89298,18509,30175010,30175019,9
channel-0,4035069,30175019,30175030,11
channel-0,4035070,30175024,30175035,11
channel-89321,19260,30175048,30175058,10
channel-85077,58313,30175050,30175069,19
channel-75,844342,30175066,30175074,8
channel-75,844343,30175086,30175093,7
channel-0,4035071,30175091,30175102,11
channel-0,4035072,30175093,30175102,9
channel-208,1488911,30175118,30175127,9
channel-38946,123928,30175151,30175168,17
channel-79703,4385,30175153,30175163,10
channel-326,537158,30175179,30175211,32
channel-0,4035073,30175184,30175193,9
channel-85077,58314,30175193,30175228,35
channel-750,680142,30175194,30175199,5
channel-750,680143,30175209,30175229,20
channel-85077,58315,30175214,30175228,14
channel-0,4035074,30175220,30175228,8
channel-204,670655,30175253,30175261,8
channel-0,4035075,30175260,30175272,12
channel-75,844344,30175268,30175276,8
channel-85077,58316,30175274,30175285,11
channel-2494,31805,30175289,30175300,11
channel-0,4035076,30175313,30175326,13
channel-750,680144,30175325,30175339,14
channel-2188,43358,30175326,30175404,78
channel-750,680145,30175331,30175337,6
channel-85077,58317,30175337,30175349,12
channel-6994,1322168,30175343,30175365,22
channel-0,4035077,30175346,30175356,10
channel-85077,58318,30175347,30175372,25
channel-750,680146,30175347,30175353,6
channel-750,680147,30175348,30175363,15
channel-85077,58319,30175349,30175497,148
channel-85077,58320,30175351,30175497,146
channel-75,844345,30175351,30175362,11
channel-85077,58321,30175361,30175370,9
channel-750,680148,30175362,30175377,15
channel-750,680149,30175368,30175382,14
channel-85077,58323,30175375,30175497,122
channel-85077,58324,30175376,30175497,121
channel-85077,58325,30175381,30175509,128
channel-85077,58326,30175381,30175408,27
channel-6994,1322169,30175384,30175410,26
channel-208,1488912,30175386,30175398,12
channel-85077,58327,30175388,30175509,121
channel-85077,58328,30175390,30175417,27
channel-85077,58329,30175392,30175509,117
channel-85077,58330,30175398,30175509,111
channel-85077,58331,30175399,30175532,133
channel-0,4035078,30175414,30175423,9
channel-750,680150,30175416,30175429,13
channel-85077,58332,30175422,30175532,110
channel-85077,58333,30175422,30175448,26
channel-0,4035079,30175432,30175443,11
channel-85077,58334,30175433,30175460,27
channel-85077,58335,30175436,30175532,96
channel-2494,31806,30175442,30175456,14
channel-0,4035080,30175445,30175456,11
channel-0,4035081,30175451,30175460,9
channel-412,64358,30175461,30175471,10
channel-0,4035082,30175469,30175480,11
channel-750,680151,30175470,30175475,5
channel-0,4035083,30175484,30175494,10
channel-85077,58336,30175486,30175532,46
channel-0,4035084,30175495,30175519,24
channel-0,4035085,30175497,30175509,12
channel-85077,58337,30175509,30175532,23
channel-0,4035086,30175513,30175521,8
channel-0,4035087,30175523,30175535,12
channel-85077,58338,30175524,30175532,8
channel-0,4035088,30175528,30175539,11
channel-85077,58339,30175533,30175566,33
channel-0,4035089,30175539,30175550,11
channel-85077,58340,30175542,30175566,24
channel-0,4035090,30175547,30175559,12
channel-85077,58341,30175549,30175566,17
channel-2494,31807,30175558,30175568,10
channel-0,4035091,30175573,30175585,12
channel-0,4035092,30175573,30175585,12
channel-6994,1322170,30175578,30175607,29
channel-0,4035093,30175586,30175596,10
channel-0,4035094,30175590,30175600,10
channel-0,4035095,30175592,30175600,8
channel-326,537159,30175607,30175632,25
channel-0,4035096,30175607,30175618,11
channel-0,4035097,30175609,30175618,9
channel-85077,58342,30175609,30175626,17
channel-85077,58343,30175611,30175626,15
channel-0,4035098,30175619,30175630,11
channel-0,4035099,30175620,30175630,10
channel-0,4035100,30175621,30175630,9
channel-0,4035101,30175622,30175634,12
channel-85077,58344,30175624,30175659,35
channel-2494,31808,30175636,30175650,14
channel-85077,58345,30175639,30175650,11
channel-53,19972,30175640,30175658,18
channel-85077,58346,30175642,30175659,17
channel-85077,58347,30175647,30175659,12
channel-0,4035102,30175651,30175662,11
channel-85077,58348,30175656,30175690,34
channel-199,132348,30175657,30175666,9
channel-85077,58349,30175661,30175690,29
channel-85077,58350,30175662,30175672,10
channel-89321,19261,30175664,30175674,10
channel-750,680152,30175665,30175679,14
channel-85077,58351,30175670,30175690,20
channel-1,407935,30175671,30175686,15
channel-0,4035103,30175676,30175688,12
channel-85077,58352,30175687,30175709,22
channel-85077,58353,30175688,30175720,32
channel-0,4035104,30175696,30175706,10
channel-75,844346,30175708,30175716,8
channel-85077,58354,30175709,30175720,11
channel-0,4035105,30175710,30175721,11
channel-85077,58355,30175712,30175753,41
channel-208,1488913,30175713,30175726,13
channel-750,680153,30175726,30175738,12
channel-85077,58356,30175727,30175753,26
channel-0,4035106,30175733,30175739,6
channel-85077,58357,30175737,30175753,16
channel-750,680154,30175738,30175743,5
channel-85077,58358,30175744,30175753,9
channel-0,4035107,30175747,30175759,12
channel-0,4035108,30175753,30175763,10
channel-750,680155,30175761,30175773,12
channel-85077,58359,30175767,30175777,10
channel-0,4035109,30175771,30175783,12
channel-6994,1322171,30175778,30175790,12
channel-0,4035110,30175788,30175796,8
channel-85077,58360,30175788,30175812,24
channel-85077,58361,30175789,30175812,23
channel-85077,58362,30175790,30175812,22
channel-0,4035111,30175794,30175807,13
channel-208,1488914,30175805,30175818,13
channel-85077,58363,30175806,30175845,39
channel-0,4035112,30175808,30175818,10
channel-0,4035113,30175808,30175818,10
channel-326,537160,30175808,30175814,6
channel-0,4035114,30175828,30175839,11
channel-0,4035115,30175846,30175857,11
channel-0,4035116,30175848,30175857,9
channel-750,680156,30175853,30175870,17
channel-0,4035117,30175866,30175880,14
channel-0,4035118,30175866,30175880,14
channel-92956,191,30175873,30175885,12
channel-89321,19262,30175880,30175891,11
channel-0,4035119,30175888,30175900,12
channel-6897,5620,30175891,30175899,8
channel-0,4035120,30175899,30175909,10
channel-0,4035121,30175905,30175913,8
channel-0,4035122,30175928,30175938,10
channel-6994,1322172,30175935,30175947,12
channel-0,4035123,30175937,30175949,12
channel-85077,58364,30175939,30175947,8
channel-6994,1322173,30175944,30175956,12
channel-0,4035124,30175945,30175954,9
channel-75,844347,30175949,30175955,6
channel-750,680157,30175955,30175960,5
channel-326,537161,30175960,30175981,21
channel-0,4035125,30175967,30175974,7
channel-6994,1322174,30175973,30176000,27
channel-1,407936,30175978,30176008,30
channel-0,4035126,30175998,30176009,11
channel-0,4035127,30176000,30176009,9
channel-750,680158,30176003,30176017,14
channel-750,680159,30176009,30176019,10
channel-92956,192,30176014,30176024,10
channel-85077,58365,30176019,30176049,30
channel-0,4035128,30176021,30176033,12
channel-21113,25257,30176031,30176038,7
channel-0,4035129,30176048,30176058,10
channel-0,4035130,30176079,30176088,9
channel-216,93982,30176081,30176086,5
channel-0,4035131,30176099,30176104,5
channel-0,4035132,30176104,30176113,9
channel-750,680160,30176106,30176118,12
channel-750,680161,30176111,30176125,14
channel-0,4035133,30176115,30176128,13
channel-6994,1322175,30176127,30176155,28
channel-750,680162,30176128,30176140,12
channel-0,4035134,30176136,30176146,10
channel-750,680163,30176144,30176149,5
channel-750,680164,30176155,30176160,5
channel-0,4035135,30176155,30176165,10
channel-0,4035136,30176166,30176174,8
channel-0,4035137,30176171,30176179,8
channel-1,407937,30176175,30176196,21
channel-85077,58366,30176182,30176208,26
channel-85077,58367,30176191,30176215,24
channel-143,128188,30176192,30176205,13
channel-85077,58368,30176193,30176215,22
channel-0,4035138,30176197,30176207,10
channel-0,4035139,30176200,30176212,12
channel-0,4035140,30176209,30176222,13
channel-0,4035141,30176219,30176231,12
channel-6994,1322176,30176230,30176303,73
channel-750,680165,30176238,30176248,10
channel-6994,1322177,30176247,30176261,14
channel-148,16072,30176252,30176260,8
channel-208,1488915,30176282,30176294,12
channel-122,667331,30176282,30176285,3
channel-21113,25258,30176284,30176292,8
channel-0,4035142,30176290,30176300,10
channel-85077,58369,30176310,30176318,8
channel-89298,18510,30176317,30176327,10
channel-0,4035143,30176318,30176329,11
channel-0,4035144,30176323,30176334,11
channel-6787,166536,30176327,30176333,6
channel-89321,19263,30176328,30176338,10
channel-750,680166,30176335,30176339,4
channel-72,516348,30176348,30176401,53
channel-72,516349,30176385,30176426,41
channel-72,516350,30176398,30176446,48
channel-75,844348,30176409,30176421,12
channel-85077,58370,30176418,30176441,23
channel-320,119080,30176424,30176437,13
channel-750,680167,30176439,30176456,17
channel-85077,58371,30176439,30176473,34
channel-750,680168,30176444,30176459,15
channel-0,4035145,30176445,30176489,44
channel-0,4035146,30176448,30176460,12
channel-750,680169,30176451,30176463,12
channel-0,4035147,30176474,30176485,11
channel-750,680170,30176478,30176489,11
channel-85077,58372,30176482,30176503,21
channel-85077,58373,30176483,30176503,20
channel-750,680171,30176489,30176494,5
channel-0,4035148,30176491,30176501,10
channel-0,4035149,30176502,30176511,9
channel-143,128189,30176503,30176525,22
channel-750,680172,30176504,30176520,16
channel-750,680173,30176504,30176520,16
channel-85077,58374,30176511,30176535,24
channel-0,4035150,30176512,30176521,9
channel-0,4035151,30176513,30176525,12
channel-0,4035152,30176540,30176549,9
channel-0,4035153,30176560,30176571,11
channel-85077,58375,30176569,30176585,16
channel-204,670659,30176580,30176590,10
channel-0,4035154,30176581,30176589,8
channel-85077,58376,30176585,30176623,38
channel-85077,58377,30176587,30176623,36
channel-91017,2646,30176591,30176599,8
channel-85077,58378,30176591,30176623,32
channel-85077,58379,30176593,30176621,28
channel-85077,58380,30176594,30176623,29
channel-326,537162,30176601,30176625,24
channel-85077,58381,30176606,30176615,9
channel-85077,58382,30176607,30176623,16
channel-199,132349,30176611,30176621,10
channel-85077,58383,30176612,30176623,11
channel-85077,58384,30176613,30176623,10
channel-0,4035155,30176614,30176627,13
channel-0,4035156,30176635,30176645,10
channel-6994,1322178,30176646,30176656,10
channel-251,85092,30176660,30176671,11
channel-320,119081,30176662,30176671,9
channel-85077,58385,30176673,30176681,8
channel-85077,58386,30176683,30176707,24
channel-750,680174,30176688,30176701,13
channel-85077,58387,30176690,30176711,21
channel-750,680175,30176691,30176700,9
channel-85077,58388,30176699,30176711,12
channel-6994,1322179,30176699,30176712,13
channel-750,680176,30176703,30176708,5
channel-750,680177,30176714,30176727,13
channel-85077,58389,30176716,30176745,29
channel-0,4035157,30176717,30176726,9
channel-85077,58390,30176724,30176745,21
channel-6994,1322180,30176725,30176737,12
channel-0,4035158,30176728,30176743,15
channel-750,680178,30176730,30176747,17
channel-0,4035159,30176730,30176762,32
channel-750,680179,30176732,30176743,11
channel-750,680180,30176732,30176736,4
channel-85077,58391,30176737,30176745,8
channel-750,680181,30176739,30176751,12
channel-208,1488916,30176743,30176754,11
channel-750,680182,30176752,30176756,4
channel-85077,58392,30176755,30176773,18
channel-0,4035160,30176756,30176765,9
channel-1,407938,30176757,30176782,25
channel-750,680183,30176765,30176776,11
channel-85077,58393,30176769,30176796,27
channel-85077,58394,30176770,30176808,38
channel-750,680184,30176773,30176790,17
channel-85077,58395,30176786,30176808,22
channel-750,680185,30176792,30176807,15
channel-85077,58396,30176795,30176808,13
channel-750,680186,30176799,30176804,5
channel-2494,31809,30176800,30176809,9
channel-20082,9847,30176806,30176816,10
channel-85077,58397,30176812,30176840,28
channel-750,680187,30176831,30176843,12
channel-85077,58398,30176844,30176872,28
channel-85077,58399,30176849,30176872,23
channel-0,4035161,30176857,30176868,11
channel-1,407939,30176858,30176889,31
channel-750,680188,30176875,30176889,14
channel-1,407940,30176877,30176889,12
channel-0,4035162,30176877,30176887,10
channel-85186,850,30176877,30176885,8
channel-750,680189,30176887,30176893,6
channel-199,132350,30176891,30176903,12
channel-88,466955,30176905,30176920,15
channel-750,680190,30176910,30176929,19
channel-1,407941,30176921,30176945,24
channel-85077,58400,30176922,30176955,33
channel-1,407942,30176922,30176945,23
channel-874,292197,30176925,30176930,5
channel-85077,58401,30176927,30176955,28
channel-85077,58402,30176931,30176955,24
channel-21113,25259,30176943,30176952,9
channel-750,680191,30176945,30176955,10
channel-0,4035163,30176946,30176959,13
channel-208,1488917,30176951,30176960,9
channel-122,667332,30176964,30176967,3
channel-0,4035164,30176974,30176987,13
channel-75,844349,30176975,30176983,8
channel-199,132351,30176981,30176990,9
channel-91017,2647,30176989,30176997,8
channel-2188,43359,30176993,30176998,5
channel-326,537163,30177003,30177024,21
channel-122,667333,30177011,30177025,14
channel-0,4035165,30177025,30177038,13
channel-199,132352,30177041,30177051,10
channel-0,4035166,30177042,30177062,20
channel-6994,1322181,30177081,30177108,27
channel-0,4035167,30177083,30177094,11
channel-750,680192,30177115,30177119,4
channel-750,680193,30177123,30177128,5
channel-85077,58403,30177125,30177154,29
channel-0,4035168,30177146,30177154,8
channel-208,1488918,30177157,30177167,10
channel-216,93983,30177158,30177163,5
channel-0,4035169,30177170,30177179,9
channel-85077,58404,30177193,30177202,9
channel-340,3114,30177198,30177208,10
channel-85077,58405,30177211,30177243,32
channel-85077,58406,30177215,30177243,28
channel-85077,58407,30177223,30177243,20
channel-0,4035170,30177238,30177245,7
channel-85077,58408,30177242,30177264,22
channel-85077,58409,30177251,30177273,22
channel-122,667334,30177253,30177256,3
channel-85077,58410,30177254,30177273,19
channel-85077,58411,30177263,30177273,10
channel-1,407943,30177271,30177301,30
channel-750,680194,30177288,30177300,12
channel-750,680195,30177294,30177298,4
channel-75,844350,30177304,30177312,8
channel-412,64359,30177305,30177316,11
channel-6994,1322182,30177319,30177335,16
channel-85077,58412,30177339,30177354,15
channel-0,4035171,30177345,30177355,10
channel-0,4035172,30177368,30177380,12
channel-750,680196,30177380,30177386,6
channel-1575,15150,30177381,30177391,10
channel-85077,58413,30177381,30177409,28
channel-85077,58414,30177386,30177409,23
channel-85077,58415,30177399,30177409,10
channel-6787,166537,30177403,30177408,5
channel-326,537164,30177404,30177427,23
channel-85077,58416,30177409,30177442,33
channel-0,4035173,30177410,30177422,12
channel-85077,58417,30177414,30177442,28
channel-85077,58418,30177450,30177473,23
channel-85077,58419,30177451,30177473,22
channel-0,4035174,30177484,30177494,10
channel-0,4035175,30177485,30177498,13
channel-0,4035176,30177505,30177517,12
channel-0,4035177,30177508,30177517,9
channel-1575,15151,30177513,30177524,11
channel-85077,58420,30177525,30177532,7
channel-85077,58421,30177527,30177550,23
channel-85077,58422,30177533,30177614,81
channel-0,4035178,30177535,30177544,9
channel-208,1488919,30177539,30177552,13
channel-85077,58423,30177547,30177614,67
channel-85077,58424,30177548,30177614,66
channel-0,4035179,30177567,30177577,10
channel-85077,58425,30177573,30177614,41
channel-5,184140,30177600,30177610,10
channel-0,4035180,30177609,30177618,9
channel-874,292198,30177609,30177614,5
channel-5,184141,30177620,30177627,7
channel-0,4035181,30177631,30177638,7
channel-326,537165,30177633,30177639,6
channel-0,4035182,30177639,30177647,8
channel-750,680197,30177640,30177646,6
channel-85077,58426,30177647,30177676,29
channel-85077,58427,30177674,30177741,67
channel-85077,58428,30177674,30177701,27
channel-89321,19264,30177674,30177679,5
channel-0,4035183,30177675,30177685,10
channel-874,292199,30177682,30177688,6
channel-0,4035184,30177684,30177695,11
channel-0,4035185,30177686,30177695,9
channel-85077,58429,30177689,30177741,52
channel-72,516351,30177700,30177741,41
channel-85077,58430,30177701,30177741,40
channel-85077,58431,30177710,30177741,31
channel-143,128190,30177712,30177751,39
channel-6994,1322183,30177747,30177774,27
channel-85077,58432,30177757,30177774,17
channel-6787,166538,30177764,30177769,5
channel-85077,58433,30177775,30177801,26
channel-85077,58434,30177795,30177802,7
channel-85077,58435,30177797,30177834,37
channel-6787,166539,30177800,30177805,5
channel-85077,58436,30177816,30177834,18
channel-85077,58437,30177825,30177834,9
channel-208,1488920,30177840,30177850,10
channel-6994,1322184,30177857,30177868,11
channel-208,1488921,30177863,30177872,9
channel-122,667335,30177866,30177868,2
channel-0,4035186,30177866,30177875,9
channel-85077,58438,30177877,30177888,11
channel-85077,58439,30177905,30177921,16
channel-85077,58440,30177907,30177921,14
channel-85077,58441,30177921,30177952,31
channel-1,407944,30177923,30177949,26
channel-208,1488922,30177934,30177945,11
channel-750,680198,30177936,30177946,10
channel-208,1488923,30177937,30177950,13
channel-85077,58442,30177947,30177985,38
channel-89321,19265,30177959,30177972,13
channel-204,670660,30177962,30177973,11
channel-122,667336,30177963,30177967,4
channel-208,1488924,30177974,30177988,14
channel-6994,1322185,30177991,30178007,16
channel-326,537166,30178012,30178036,24
channel-750,680199,30178013,30178025,12
channel-75,844351,30178028,30178036,8
channel-2,130538,30178028,30178042,14
channel-251,85093,30178034,30178045,11
channel-0,4035187,30178046,30178056,10
channel-750,680200,30178049,30178061,12
channel-85077,58443,30178058,30178086,28
channel-85077,58444,30178069,30178086,17
channel-0,4035188,30178070,30178080,10
channel-6787,166540,30178080,30178086,6
channel-750,680201,30178088,30178099,11
channel-750,680202,30178094,30178105,11
channel-750,680203,30178100,30178113,13
channel-0,4035189,30178132,30178142,10
channel-208,1488925,30178150,30178158,8
channel-0,4035190,30178163,30178174,11
channel-750,680204,30178194,30178205,11
channel-750,680205,30178201,30178210,9
channel-208,1488926,30178206,30178216,10
channel-208,1488927,30178207,30178216,9
channel-326,537167,30178216,30178246,30
channel-85077,58445,30178245,30178262,17
channel-85077,58446,30178250,30178262,12
channel-0,4035191,30178259,30178268,9
channel-1,407945,30178260,30178296,36
channel-750,680206,30178290,30178294,4
channel-2494,31810,30178299,30178310,11
channel-0,4035192,30178312,30178320,8
channel-85077,58447,30178330,30178344,14
channel-2494,31811,30178335,30178347,12
channel-326,537168,30178339,30178344,5
channel-85077,58448,30178346,30178377,31
channel-85077,58449,30178356,30178377,21
channel-0,4035193,30178362,30178374,12
channel-85077,58450,30178375,30178384,9
channel-2494,31812,30178375,30178384,9
channel-85077,58451,30178377,30178404,27
channel-85077,58452,30178378,30178427,49
channel-85077,58453,30178389,30178427,38
channel-85077,58454,30178390,30178427,37
channel-85077,58455,30178427,30178461,34
channel-0,4035194,30178461,30178474,13
channel-750,680207,30178469,30178481,12
channel-6994,1322186,30178471,30178484,13
channel-326,537169,30178477,30178489,12
channel-91942,127,30178484,30178508,24
channel-259,314088,30178487,30178494,7
channel-750,680208,30178489,30178494,5
channel-208,1488928,30178497,30178507,10
channel-0,4035195,30178505,30178516,11
channel-199,132353,30178511,30178521,10
channel-91017,2648,30178511,30178521,10
channel-6994,1322187,30178511,30178523,12
channel-85077,58456,30178523,30178545,22
channel-6994,1322188,30178559,30178570,11
channel-208,1488929,30178563,30178573,10
channel-326,537170,30178572,30178581,9
channel-75,844352,30178581,30178590,9
channel-750,680209,30178586,30178600,14
channel-750,680210,30178603,30178612,9
channel-75,844353,30178618,30178625,7
channel-85077,58457,30178624,30178649,25
channel-0,4035196,30178624,30178632,8
channel-85077,58458,30178634,30178649,15
channel-85077,58459,30178635,30178649,14
channel-91017,2649,30178636,30178644,8
channel-4,166724,30178645,30178683,38
channel-0,4035197,30178670,30178686,16
channel-85791,3680,30178686,30178696,10
channel-85077,58460,30178694,30178701,7
channel-750,680211,30178696,30178700,4
channel-750,680212,30178700,30178716,16
channel-38946,123929,30178710,30178725,15
channel-750,680213,30178725,30178738,13
channel-0,4035198,30178740,30178751,11
channel-85077,58461,30178751,30178764,13
channel-6994,1322189,30178764,30178776,12
channel-750,680214,30178796,30178803,7
channel-85077,58462,30178798,30178819,21
channel-85077,58463,30178826,30178847,21
channel-91017,2650,30178829,30178838,9
channel-94814,3663,30178833,30178843,10
channel-85077,58464,30178838,30178847,9
channel-6994,1322190,30178841,30178862,21
channel-0,4035199,30178848,30178856,8
channel-85186,851,30178849,30178888,39
channel-6994,1322191,30178851,30178862,11
channel-113,301234,30178856,30178878,22
channel-85186,852,30178878,30178888,10
channel-6994,1322192,30178883,30178909,26
channel-750,680215,30178886,30178891,5
channel-326,537171,30178892,30178911,19
channel-85186,853,30178895,30178904,9
channel-0,4035200,30178904,30178916,12
channel-750,680216,30178910,30178922,12
channel-326,537172,30178911,30178921,10
channel-326,537173,30178911,30178921,10
channel-326,537174,30178911,30178921,10
channel-326,537175,30178911,30178921,10
channel-326,537176,30178911,30178921,10
channel-326,537177,30178911,30178921,10
channel-326,537178,30178911,30178921,10
channel-750,680217,30178922,30178934,12
channel-412,64360,30178935,30178948,13
channel-0,4035201,30178944,30178956,12
channel-750,680218,30178951,30178973,22
channel-89298,18511,30178955,30178967,12
channel-0,4035202,30178958,30178970,12
channel-85077,58465,30178971,30178997,26
channel-326,537179,30178982,30179008,26
channel-750,680219,30178992,30179011,19
channel-85077,58466,30178992,30179032,40
channel-0,4035203,30178999,30179005,6
channel-85077,58467,30179002,30179032,30
channel-19774,345606,30179027,30179049,22
channel-6994,1322193,30179028,30179113,85
channel-750,680220,30179037,30179040,3
channel-0,4035204,30179039,30179047,8
channel-0,4035205,30179040,30179047,7
channel-122,667337,30179045,30179047,2
channel-6994,1322194,30179050,30179066,16
channel-208,1488930,30179066,30179079,13
channel-874,292200,30179068,30179074,6
channel-0,4035206,30179078,30179087,9
channel-340,3115,30179089,30179101,12
channel-0,4035207,30179091,30179101,10
channel-122,667338,30179095,30179099,4
channel-85077,58468,30179114,30179130,16
channel-874,292201,30179119,30179124,5
channel-85077,58469,30179124,30179130,6
channel-208,1488931,30179141,30179149,8
channel-750,680221,30179164,30179179,15
channel-122,667339,30179173,30179177,4
channel-208,1488932,30179180,30179192,12
channel-85077,58470,30179182,30179209,27
channel-122,667340,30179183,30179187,4
channel-85077,58471,30179185,30179209,24
channel-85077,58472,30179195,30179209,14
channel-750,680222,30179200,30179214,14
channel-6994,1322195,30179205,30179218,13
channel-122,667341,30179212,30179215,3
channel-750,680223,30179214,30179230,16
channel-88,466956,30179216,30179231,15
channel-85077,58473,30179223,30179242,19
channel-750,680224,30179223,30179228,5
channel-85077,58474,30179228,30179242,14
channel-750,680225,30179236,30179254,18
channel-0,4035208,30179236,30179248,12
channel-204,670661,30179248,30179260,12
channel-85077,58475,30179252,30179271,19
channel-783,104106,30179252,30179258,6
channel-0,4035209,30179254,30179265,11
channel-750,680226,30179258,30179272,14
channel-259,314089,30179269,30179275,6
channel-85077,58476,30179269,30179301,32
channel-0,4035210,30179277,30179289,12
channel-326,537180,30179283,30179294,11
channel-19774,345607,30179291,30179302,11
channel-229,54957,30179296,30179305,9
channel-204,670662,30179304,30179315,11
channel-85077,58477,30179331,30179359,28
channel-85077,58478,30179333,30179359,26
channel-6994,1322196,30179364,30179385,21
channel-85077,58479,30179366,30179392,26
channel-750,680227,30179373,30179391,18
channel-85077,58480,30179373,30179392,19
channel-21113,25260,30179382,30179391,9
channel-204,670663,30179384,30179399,15
channel-144,86661,30179386,30179400,14
channel-85077,58481,30179387,30179422,35
channel-750,680228,30179394,30179399,5
channel-85077,58482,30179407,30179422,15
channel-750,680229,30179413,30179426,13
channel-0,4035211,30179417,30179427,10
channel-1,407946,30179423,30179461,38
channel-2494,31813,30179423,30179434,11
channel-750,680230,30179424,30179435,11
channel-750,680231,30179424,30179435,11
channel-85077,58483,30179426,30179454,28
channel-750,680232,30179430,30179444,14
channel-6994,1322197,30179437,30179447,10
channel-6994,1322198,30179437,30179447,10
channel-144,86662,30179439,30179449,10
channel-0,4035212,30179445,30179453,8
channel-0,4035213,30179447,30179453,6
channel-85077,58484,30179449,30179487,38
channel-19774,345608,30179451,30179458,7
channel-750,680233,30179452,30179465,13
channel-85077,58485,30179452,30179487,35
channel-85077,58486,30179452,30179487,35
channel-750,680234,30179456,30179461,5
channel-85077,58487,30179456,30179487,31
channel-85077,58488,30179461,30179487,26
channel-72,516352,30179465,30179522,57
channel-85077,58489,30179479,30179520,41
channel-85077,58490,30179482,30179520,38
channel-85077,58491,30179484,30179520,36
channel-522,40395,30179484,30179501,17
channel-750,680235,30179493,30179506,13
channel-122,667342,30179494,30179497,3
channel-85077,58492,30179498,30179520,22
channel-75,844354,30179500,30179509,9
channel-85077,58493,30179503,30179520,17
channel-85077,58494,30179507,30179520,13
channel-85077,58495,30179519,30179549,30
channel-85077,58496,30179530,30179549,19
channel-750,680236,30179536,30179548,12
channel-85077,58497,30179555,30179579,24
channel-85077,58498,30179564,30179579,15
channel-85077,58499,30179567,30179579,12
channel-750,680237,30179571,30179585,14
channel-259,314090,30179575,30179581,6
channel-85077,58500,30179583,30179610,27
channel-85077,58501,30179584,30179610,26
channel-85077,58502,30179589,30179610,21
channel-259,314091,30179593,30179598,5
channel-94814,3664,30179593,30179606,13
channel-750,680238,30179593,30179604,11
channel-85077,58503,30179598,30179610,12
channel-0,4035214,30179601,30179611,10
channel-750,680239,30179635,30179643,8
channel-750,680240,30179636,30179643,7
channel-6994,1322199,30179640,30179667,27
channel-0,4035215,30179645,30179653,8
channel-750,680241,30179647,30179657,10
channel-750,680242,30179647,30179657,10
channel-85077,58504,30179649,30179666,17
channel-85077,58505,30179650,30179666,16
channel-750,680243,30179652,30179660,8
channel-750,680244,30179653,30179657,4
channel-0,4035216,30179657,30179667,10
channel-208,1488933,30179657,30179667,10
channel-1,407947,30179660,30179686,26
channel-0,4035217,30179662,30179672,10
channel-259,314092,30179664,30179667,3
channel-326,537181,30179672,30179696,24
channel-750,680245,30179672,30179676,4
channel-85077,58506,30179672,30179699,27
channel-85077,58507,30179672,30179699,27
channel-750,680246,30179694,30179706,12
channel-750,680247,30179694,30179706,12
channel-0,4035218,30179697,30179710,13
channel-0,4035219,30179698,30179728,30
channel-85077,58508,30179698,30179733,35
channel-0,4035220,30179708,30179717,9
channel-750,680248,30179715,30179721,6
channel-85077,58509,30179717,30179733,16
channel-85077,58510,30179717,30179733,16
channel-0,4035221,30179721,30179756,35
channel-85077,58511,30179721,30179733,12
channel-0,4035222,30179723,30179733,10
channel-750,680249,30179738,30179750,12
channel-750,680250,30179739,30179755,16
channel-85077,58512,30179741,30179788,47
channel-85077,58513,30179753,30179788,35
channel-750,680251,30179753,30179767,14
channel-85077,58514,30179762,30179788,26
channel-750,680252,30179770,30179775,5
channel-85077,58515,30179770,30179788,18
channel-6787,166541,30179771,30179774,3
channel-75,844355,30179772,30179778,6
channel-750,680253,30179773,30179778,5
channel-750,680254,30179773,30179778,5
channel-6994,1322200,30179779,30179791,12
channel-750,680255,30179779,30179793,14
channel-750,680256,30179780,30179793,13
channel-326,537182,30179788,30179794,6
channel-750,680257,30179791,30179805,14
channel-85077,58516,30179794,30179823,29
channel-85077,58517,30179804,30179823,19
channel-874,292202,30179808,30179813,5
channel-85077,58518,30179812,30179823,11
channel-85077,58519,30179817,30179857,40
channel-750,680258,30179819,30179824,5
channel-750,680259,30179823,30179837,14
channel-251,85094,30179824,30179836,12
channel-85077,58520,30179825,30179857,32
channel-0,4035223,30179834,30179845,11
channel-0,4035224,30179835,30179859,24
channel-85077,58521,30179836,30179857,21
channel-85077,58522,30179847,30179857,10
channel-340,3116,30179850,30179858,8
channel-6994,1322201,30179853,30179862,9
channel-750,680260,30179856,30179869,13
channel-85077,58523,30179858,30179891,33
channel-0,4035225,30179861,30179889,28
channel-1,407948,30179865,30179898,33
channel-122,667343,30179868,30179872,4
channel-0,4035226,30179868,30179879,11
channel-85077,58524,30179873,30179891,18
channel-750,680261,30179873,30179887,14
channel-208,1488934,30179877,30179890,13
channel-122,667344,30179877,30179881,4
channel-91017,2651,30179881,30179891,10
channel-0,4035227,30179882,30179911,29
channel-85077,58525,30179883,30179923,40
channel-0,4035228,30179886,30179899,13
channel-750,680262,30179893,30179904,11
channel-19774,345609,30179896,30179908,12
channel-750,680263,30179899,30179914,15
channel-750,680264,30179916,30179928,12
channel-750,680265,30179922,30179943,21
channel-85077,58526,30179927,30179987,60
channel-0,4035229,30179942,30179951,9
channel-750,680266,30179945,30179950,5
channel-750,680267,30179946,30179960,14
channel-6994,1322202,30179951,30179963,12
channel-122,667345,30179954,30179974,20
channel-0,4035230,30179957,30179971,14
channel-85077,58527,30179969,30179987,18
channel-184,137328,30179972,30179980,8
channel-750,680268,30179976,30179990,14
channel-0,4035231,30179992,30180002,10
channel-750,680269,30180007,30180012,5
channel-73755,5810,30180012,30180020,8
channel-85077,58528,30180015,30180020,5
channel-6787,166542,30180015,30180020,5
channel-0,4035232,30180018,30180026,8
channel-85077,58529,30180024,30180080,56
channel-0,4035233,30180024,30180034,10
channel-750,680270,30180032,30180044,12
channel-6994,1322203,30180035,30180077,42
channel-85077,58530,30180035,30180080,45
channel-122,667346,30180036,30180040,4
channel-750,680271,30180041,30180052,11
channel-85077,58531,30180053,30180080,27
channel-326,537183,30180066,30180095,29
channel-750,680272,30180084,30180097,13
channel-85077,58532,30180086,30180117,31
channel-750,680273,30180102,30180119,17
channel-85077,58533,30180106,30180117,11
channel-85077,58534,30180106,30180117,11
channel-522,40396,30180109,30180124,15
channel-85077,58535,30180113,30180154,41
channel-6994,1322204,30180118,30180130,12
channel-750,680274,30180121,30180125,4
channel-750,680275,30180125,30180139,14
channel-750,680276,30180131,30180142,11
channel-143,128191,30180133,30180144,11
channel-85077,58536,30180136,30180154,18
channel-38946,123930,30180151,30180175,24
channel-0,4035234,30180152,30180165,13
channel-75,844356,30180156,30180165,9
channel-0,4035235,30180159,30180169,10
channel-750,680277,30180169,30180184,15
channel-0,4035236,30180190,30180197,7
channel-782,309993,30180192,30180197,5
channel-0,4035237,30180197,30180207,10
channel-208,1488935,30180223,30180232,9
channel-0,4035238,30180224,30180236,12
channel-782,309994,30180228,30180232,4
channel-0,4035239,30180231,30180242,11
channel-782,309995,30180236,30180242,6
channel-750,680278,30180247,30180261,14
channel-0,4035240,30180247,30180257,10
channel-6787,166543,30180251,30180255,4
channel-750,680279,30180253,30180260,7
channel-750,680280,30180256,30180267,11
channel-208,1488936,30180257,30180269,12
channel-85077,58537,30180260,30180284,24
channel-208,1488937,30180266,30180275,9
channel-750,680281,30180274,30180286,12
channel-85077,58538,30180284,30180311,27
channel-2494,31814,30180286,30180298,12
channel-750,680282,30180292,30180302,10
channel-85791,3681,30180292,30180298,6
channel-85077,58539,30180296,30180311,15
channel-85077,58540,30180306,30180342,36
channel-0,4035241,30180318,30180329,11
channel-85077,58541,30180320,30180342,22
channel-2188,43360,30180323,30180327,4
channel-0,4035242,30180335,30180344,9
channel-750,680283,30180336,30180347,11
channel-85077,58542,30180341,30180375,34
channel-85077,58543,30180351,30180375,24
channel-85077,58544,30180351,30180375,24
channel-85077,58545,30180368,30180400,32
channel-208,1488938,30180368,30180380,12
channel-750,680284,30180371,30180377,6
channel-75,844357,30180373,30180380,7
channel-75,844358,30180378,30180382,4
channel-750,680285,30180381,30180391,10
channel-0,4035243,30180398,30180408,10
channel-750,680286,30180400,30180405,5
channel-85077,58546,30180408,30180473,65
channel-0,4035244,30180416,30180425,9
channel-89298,18512,30180418,30180427,9
channel-20082,9848,30180422,30180432,10
channel-199,132354,30180423,30180434,11
channel-750,680287,30180425,30180444,19
channel-326,537184,30180427,30180450,23
channel-750,680288,30180433,30180444,11
channel-0,4035245,30180435,30180447,12
channel-6994,1322205,30180446,30180457,11
channel-85077,58547,30180462,30180473,11
channel-750,680289,30180463,30180484,21
channel-750,680290,30180471,30180476,5
channel-85077,58548,30180473,30180533,60
channel-326,537185,30180475,30180483,8
channel-750,680291,30180475,30180487,12
channel-85077,58549,30180476,30180533,57
channel-750,680292,30180476,30180480,4
channel-0,4035246,30180482,30180494,12
channel-85077,58550,30180482,30180533,51
channel-122,667347,30180490,30180494,4
channel-85077,58551,30180495,30180533,38
channel-122,667348,30180510,30180513,3
channel-85077,58552,30180510,30180536,26
channel-326,537186,30180517,30180527,10
channel-750,680293,30180528,30180542,14
channel-0,4035247,30180529,30180537,8
channel-750,680294,30180529,30180542,13
channel-89321,19266,30180538,30180549,11
channel-85077,58553,30180544,30180590,46
channel-122,667349,30180547,30180550,3
channel-0,4035248,30180551,30180559,8
channel-750,680295,30180555,30180567,12
channel-0,4035249,30180564,30180573,9
channel-0,4035250,30180570,30180580,10
channel-0,4035251,30180572,30180585,13
channel-750,680296,30180574,30180591,17
channel-0,4035252,30180578,30180590,12
channel-0,4035253,30180578,30180590,12
channel-85077,58554,30180584,30180624,40
channel-85077,58555,30180586,30180624,38
channel-85077,58556,30180588,30180624,36
channel-0,4035254,30180590,30180600,10
channel-750,680297,30180590,30180604,14
channel-89298,18513,30180603,30180615,12
channel-0,4035255,30180608,30180617,9
channel-0,4035256,30180619,30180632,13
channel-85077,58557,30180620,30180649,29
channel-85077,58558,30180633,30180649,16
channel-208,1488939,30180636,30180645,9
channel-85077,58559,30180639,30180649,10
channel-750,680298,30180640,30180655,15
channel-750,680299,30180643,30180653,10
channel-750,680300,30180645,30180649,4
channel-750,680301,30180649,30180654,5
channel-208,1488940,30180668,30180676,8
channel-85077,58560,30180669,30180682,13
channel-750,680302,30180672,30180689,17
channel-259,314093,30180675,30180680,5
channel-783,104107,30180678,30180683,5
channel-85077,58561,30180686,30180713,27
channel-77,50243,30180696,30180706,10
channel-750,680303,30180699,30180711,12
channel-0,4035257,30180704,30180716,12
channel-0,4035258,30180704,30180716,12
channel-85077,58562,30180707,30180744,37
channel-0,4035259,30180709,30180720,11
channel-0,4035260,30180712,30180720,8
channel-85077,58563,30180724,30180744,20
channel-0,4035261,30180728,30180740,12
channel-19774,345610,30180730,30180742,12
channel-77,50244,30180732,30180749,17
channel-0,4035262,30180735,30180743,8
channel-783,104108,30180737,30180743,6
channel-208,1488941,30180748,30180757,9
channel-75,844359,30180749,30180757,8
channel-0,4035263,30180756,30180766,10
channel-0,4035264,30180759,30180771,12
channel-750,680304,30180759,30180774,15
channel-72,516353,30180764,30180816,52
channel-85077,58564,30180773,30180798,25
channel-77,50245,30180773,30180782,9
channel-6994,1322206,30180775,30180786,11
channel-0,4035265,30180775,30180785,10
channel-750,680305,30180778,30180792,14
channel-326,537187,30180796,30180816,20
channel-208,1488942,30180797,30180808,11
channel-85077,58565,30180811,30180824,13
channel-77,50246,30180816,30180827,11
channel-320,119082,30180827,30180841,14
channel-750,680306,30180829,30180834,5
channel-208,1488943,30180834,30180849,15
channel-85077,58566,30180852,30180880,28
channel-85077,58567,30180855,30180880,25
channel-6787,166544,30180855,30180859,4
channel-1,407949,30180856,30180920,64
channel-750,680307,30180865,30180880,15
channel-0,4035266,30180870,30180876,6
channel-259,314094,30180872,30180876,4
channel-1429,140605,30180878,30180890,12
channel-85077,58568,30180891,30180910,19
channel-0,4035267,30180896,30180905,9
channel-750,680308,30180897,30180908,11
channel-326,537188,30180902,30180908,6
channel-0,4035268,30180903,30180913,10
channel-89321,19267,30180906,30180912,6
channel-85077,58569,30180908,30180948,40
channel-750,680309,30180908,30180913,5
channel-750,680310,30180911,30180926,15
channel-750,680311,30180912,30180926,14
channel-85077,58570,30180920,30180948,28
channel-0,4035269,30180929,30180942,13
channel-0,4035270,30180930,30180942,12
channel-750,680312,30180932,30180939,7
channel-76971,12191,30180945,30180965,20
channel-89321,19268,30180952,30180962,10
channel-750,680313,30180956,30180969,13
channel-326,537189,30180959,30180966,7
channel-750,680314,30180973,30180987,14
channel-750,680315,30180977,30180981,4
channel-0,4035271,30180986,30180996,10
channel-85077,58571,30180990,30181005,15
channel-326,537190,30180990,30180996,6
channel-0,4035272,30180993,30181002,9
channel-85077,58572,30180996,30181005,9
channel-0,4035273,30181009,30181018,9
channel-85077,58573,30181015,30181041,26
channel-19774,345611,30181018,30181029,11
channel-208,1488944,30181023,30181034,11
channel-0,4035274,30181030,30181043,13
channel-750,680316,30181040,30181053,13
channel-0,4035275,30181059,30181084,25
channel-0,4035276,30181061,30181070,9
channel-0,4035277,30181066,30181074,8
channel-0,4035278,30181082,30181091,9
channel-85077,58574,30181084,30181100,16
channel-85077,58575,30181084,30181100,16
channel-750,680317,30181085,30181091,6
channel-0,4035279,30181087,30181113,26
channel-85077,58576,30181096,30181129,33
channel-0,4035280,30181109,30181136,27
channel-1,407950,30181115,30181129,14
channel-75,844360,30181115,30181120,5
channel-85077,58577,30181122,30181160,38
channel-750,680318,30181123,30181138,15
channel-1429,140606,30181126,30181138,12
channel-85077,58578,30181136,30181160,24
channel-1,407951,30181155,30181165,10
channel-750,680319,30181176,30181192,16
channel-6994,1322207,30181186,30181198,12
channel-326,537191,30181208,30181231,23
channel-208,1488945,30181241,30181250,9
channel-38946,123931,30181259,30181277,18
channel-1429,140607,30181264,30181274,10
channel-199,132355,30181290,30181301,11
channel-326,537192,30181300,30181322,22
channel-0,4035281,30181318,30181328,10
channel-85077,58579,30181332,30181356,24
channel-21113,25261,30181333,30181340,7
channel-88,466957,30181337,30181432,95
channel-750,680320,30181341,30181352,11
channel-88,466958,30181346,30181432,86
channel-85077,58580,30181356,30181505,149
channel-0,4035282,30181356,30181365,9
channel-208,1488946,30181361,30181370,9
channel-326,537193,30181365,30181375,10
channel-750,680321,30181376,30181388,12
channel-85077,58581,30181376,30181505,129
channel-6994,1322208,30181389,30181399,10
channel-750,680322,30181393,30181399,6
channel-750,680323,30181406,30181419,13
channel-874,292203,30181416,30181422,6
channel-85077,58582,30181416,30181505,89
channel-85077,58583,30181425,30181505,80
channel-2494,31815,30181425,30181437,12
channel-259,314095,30181429,30181438,9
channel-259,314096,30181435,30181440,5
channel-326,537194,30181440,30181470,30
channel-1,407952,30181440,30181451,11
channel-75,844361,30181444,30181452,8
channel-0,4035283,30181448,30181459,11
channel-1,407953,30181449,30181492,43
channel-1,407954,30181449,30181492,43
channel-75,844362,30181455,30181463,8
channel-0,4035284,30181477,30181485,8
channel-6994,1322209,30181480,30181492,12
channel-208,1488947,30181481,30181493,12
channel-122,667350,30181482,30181485,3
channel-208,1488948,30181482,30181493,11
channel-21113,25262,30181499,30181503,4
channel-85077,58584,30181501,30181540,39
channel-85077,58585,30181503,30181540,37
channel-0,4035285,30181503,30181514,11
channel-199,132356,30181511,30181530,19
channel-208,1488949,30181513,30181522,9
channel-208,1488950,30181514,30181526,12
channel-362,86669,30181515,30181523,8
channel-6994,1322210,30181524,30181534,10
channel-75,844363,30181530,30181537,7
channel-0,4035286,30181530,30181540,10
channel-0,4035287,30181536,30181544,8
channel-2188,43361,30181554,30181558,4
channel-0,4035288,30181557,30181566,9
channel-208,1488951,30181557,30181571,14
channel-0,4035289,30181558,30181571,13
channel-75,844364,30181565,30181576,11
channel-750,680324,30181569,30181580,11
channel-0,4035290,30181574,30181587,13
channel-0,4035291,30181587,30181596,9
channel-208,1488952,30181589,30181599,10
channel-0,4035292,30181596,30181606,10
channel-0,4035293,30181596,30181606,10
channel-85077,58586,30181598,30181620,22
channel-750,680325,30181599,30181613,14
channel-750,680326,30181606,30181619,13
channel-0,4035294,30181608,30181618,10
channel-0,4035295,30181613,30181623,10
channel-6787,166545,30181620,30181627,7
channel-85077,58587,30181628,30181648,20
channel-184,137329,30181632,30181635,3
channel-85077,58588,30181634,30181648,14
channel-0,4035296,30181640,30181649,9
channel-85077,58589,30181646,30181680,34
channel-85077,58590,30181649,30181680,31
channel-2186,40737,30181650,30181665,15
channel-208,1488953,30181678,30181688,10
channel-750,680327,30181679,30181683,4
channel-75,844365,30181681,30181688,7
channel-6994,1322211,30181682,30181695,13
channel-2494,31816,30181707,30181715,8
channel-122,667351,30181708,30181712,4
channel-85077,58591,30181709,30181734,25
channel-85077,58592,30181715,30181734,19
channel-229,54958,30181726,30181736,10
channel-750,680328,30181729,30181752,23
channel-750,680329,30181742,30181758,16
channel-750,680330,30181749,30181764,15
channel-85077,58593,30181750,30181788,38
channel-750,680331,30181751,30181764,13
channel-0,4035297,30181756,30181765,9
channel-0,4035298,30181761,30181769,8
channel-0,4035299,30181768,30181795,27
channel-76971,12192,30181769,30181780,11
channel-750,680332,30181773,30181788,15
channel-0,4035300,30181791,30181796,5
channel-0,4035301,30181792,30181802,10
channel-6994,1322212,30181792,30181804,12
channel-326,537195,30181794,30181821,27
channel-122,667352,30181794,30181799,5
channel-750,680333,30181795,30181808,13
channel-85077,58594,30181795,30181921,126
channel-85077,58595,30181811,30181921,110
channel-0,4035302,30181828,30181839,11
channel-1,407955,30181908,30181931,23
channel-750,680334,30181917,30181931,14
channel-750,680335,30181919,30181934,15
channel-750,680336,30181920,30181925,5
channel-5,184142,30181922,30181931,9
channel-122,667353,30181925,30181929,4
channel-85077,58596,30181927,30181952,25
channel-75,844366,30181942,30181946,4
channel-0,4035303,30181945,30181955,10
channel-42,1489741,30181955,30182008,53
channel-208,1488954,30181965,30181975,10
channel-208,1488955,30181967,30181980,13
channel-750,680337,30181978,30181993,15
channel-208,1488956,30181979,30181989,10
channel-750,680338,30181989,30181994,5
channel-85077,58597,30182009,30182041,32
channel-0,4035304,30182019,30182026,7
channel-122,667354,30182021,30182025,4
channel-85077,58598,30182021,30182041,20
channel-122,667355,30182023,30182025,2
channel-0,4035305,30182027,30182037,10
channel-42,1489742,30182034,30182068,34
channel-85077,58599,30182043,30182072,29
channel-85077,58600,30182043,30182072,29
channel-75,844367,30182050,30182057,7
channel-750,680339,30182056,30182069,13
channel-208,1488957,30182059,30182069,10
channel-85077,58601,30182062,30182072,10
channel-85077,58602,30182070,30182106,36
channel-0,4035306,30182080,30182088,8
channel-199,132357,30182080,30182091,11
channel-782,309996,30182094,30182101,7
channel-0,4035307,30182103,30182115,12
channel-0,4035308,30182107,30182115,8
channel-85077,58603,30182108,30182140,32
channel-42,1489743,30182108,30182211,103
channel-184,137330,30182112,30182128,16
channel-208,1488958,30182120,30182128,8
channel-208,1488959,30182124,30182135,11
channel-19774,345612,30182129,30182141,12
channel-0,4035309,30182133,30182143,10
channel-0,4035310,30182142,30182150,8
channel-6994,1322213,30182152,30182162,10
channel-75,844368,30182156,30182163,7
channel-6994,1322214,30182157,30182167,10
channel-42,1489744,30182162,30182169,7
channel-19774,345613,30182164,30182172,8
channel-85077,58604,30182168,30182194,26
channel-0,4035311,30182170,30182179,9
channel-85077,58605,30182175,30182194,19
channel-6994,1322215,30182175,30182185,10
channel-208,1488960,30182177,30182190,13
channel-1429,140608,30182180,30182193,13
channel-750,680340,30182184,30182199,15
channel-42,1489745,30182186,30182211,25
channel-1429,140609,30182195,30182206,11
channel-0,4035312,30182198,30182224,26
channel-85077,58606,30182200,30182227,27
channel-42,1489746,30182202,30182218,16
channel-0,4035313,30182205,30182214,9
channel-0,4035314,30182211,30182224,13
channel-89298,18514,30182218,30182227,9
channel-750,680341,30182221,30182238,17
channel-750,680342,30182224,30182228,4
channel-204,670664,30182224,30182231,7
channel-122,667356,30182226,30182229,3
channel-2494,31817,30182230,30182243,13
channel-75,844369,30182234,30182241,7
channel-208,1488961,30182238,30182252,14
channel-42,1489747,30182242,30182309,67
channel-0,4035315,30182243,30182253,10
channel-6994,1322216,30182251,30182312,61
channel-208,1488962,30182251,30182264,13
channel-0,4035316,30182253,30182272,19
channel-326,537196,30182260,30182280,20
channel-75,844370,30182264,30182271,7
channel-208,1488963,30182274,30182285,11
channel-85077,58607,30182275,30182281,6
channel-0,4035317,30182281,30182286,5
channel-340,3117,30182282,30182290,8
channel-0,4035318,30182284,30182296,12
channel-208,1488964,30182319,30182332,13
channel-85077,58608,30182324,30182344,20
channel-85077,58609,30182325,30182344,19
channel-85077,58610,30182333,30182344,11
channel-208,1488965,30182336,30182350,14
channel-326,537197,30182338,30182344,6
channel-165,71370,30182343,30182353,10
channel-750,680343,30182344,30182354,10
channel-0,4035319,30182353,30182363,10
channel-85077,58611,30182355,30182376,21
channel-0,4035320,30182359,30182371,12
channel-750,680344,30182362,30182372,10
channel-0,4035321,30182374,30182385,11
channel-85077,58612,30182381,30182409,28
channel-326,537198,30182383,30182390,7
channel-85077,58613,30182383,30182409,26
channel-259,314097,30182389,30182395,6
channel-750,680345,30182389,30182412,23
channel-6994,1322217,30182392,30182406,14
channel-208,1488966,30182428,30182445,17
channel-122,667357,30182428,30182431,3
channel-21113,25263,30182437,30182443,6
channel-750,680346,30182437,30182445,8
channel-0,4035322,30182460,30182468,8
channel-85077,58614,30182460,30182486,26
channel-750,680347,30182468,30182472,4
channel-1,407956,30182468,30182499,31
channel-85077,58615,30182472,30182486,14
channel-0,4035323,30182498,30182514,16
channel-750,680348,30182500,30182505,5
channel-750,680349,30182505,30182509,4
channel-75755,5509,30182510,30182519,9
channel-75,844371,30182514,30182521,7
channel-326,537199,30182519,30182541,22
channel-208,1488967,30182526,30182539,13
channel-750,680350,30182530,30182540,10
channel-6994,1322218,30182533,30182544,11
channel-143,128192,30182552,30182562,10
channel-85077,58616,30182552,30182562,10
channel-326,537200,30182553,30182568,15
channel-874,292204,30182593,30182599,6
channel-208,1488968,30182595,30182605,10
channel-208,1488969,30182612,30182624,12
channel-750,680351,30182625,30182635,10
channel-6994,1322219,30182625,30182636,11
channel-0,4035324,30182630,30182641,11
channel-94814,3665,30182631,30182640,9
channel-208,1488970,30182635,30182647,12
channel-19774,345614,30182641,30182653,12
channel-85077,58617,30182652,30182668,16
channel-208,1488971,30182656,30182666,10
channel-85077,58618,30182667,30182699,32
channel-0,4035325,30182669,30182680,11
channel-85077,58619,30182678,30182699,21
channel-0,4035326,30182707,30182718,11
channel-85077,58620,30182722,30182754,32
channel-0,4035327,30182729,30182740,11
channel-6994,1322220,30182744,30182754,10
channel-750,680352,30182744,30182750,6
channel-94814,3666,30182757,30182767,10
channel-85077,58621,30182765,30182787,22
channel-85077,58622,30182765,30182787,22
channel-85077,58623,30182769,30182787,18
channel-75755,5510,30182772,30182781,9
channel-0,4035328,30182774,30182779,5
channel-0,4035329,30182777,30182790,13
channel-0,4035330,30182777,30182790,13
channel-0,4035331,30182781,30182807,26
channel-229,54959,30182798,30182812,14
channel-85077,58624,30182799,30182817,18
channel-0,4035332,30182807,30182829,22
channel-6994,1322221,30182815,30182827,12
channel-113,301235,30182816,30182826,10
channel-0,4035333,30182818,30182829,11
channel-21113,25264,30182819,30182826,7
channel-750,680353,30182824,30182840,16
channel-0,4035334,30182833,30182860,27
channel-85077,58625,30182844,30182857,13
channel-0,4035335,30182852,30182867,15
channel-19774,345615,30182862,30182872,10
channel-229,54960,30182880,30182895,15
channel-6994,1322222,30182881,30182892,11
channel-1575,15152,30182884,30182893,9
channel-85077,58626,30182886,30182917,31
channel-6994,1322223,30182895,30182905,10
channel-6994,1322224,30182911,30182925,14
channel-750,680354,30182921,30182935,14
channel-85077,58627,30182926,30182951,25
channel-6994,1322225,30182928,30182941,13
channel-229,54961,30182944,30182953,9
channel-750,680355,30182951,30182956,5
channel-0,4035336,30182957,30182966,9
channel-0,4035337,30182963,30182971,8
channel-6994,1322226,30182965,30182977,12
channel-412,64361,30182969,30182978,9
channel-6994,1322227,30182975,30182984,9
channel-6994,1322228,30182976,30182984,8
channel-208,1488972,30182977,30182985,8
channel-85077,58628,30182984,30183008,24
channel-6994,1322229,30182984,30182993,9
channel-75,844372,30182993,30183000,7
channel-0,4035338,30182993,30183008,15
channel-0,4035339,30183005,30183017,12
channel-42,1489748,30183027,30183036,9
channel-6994,1322230,30183029,30183038,9
channel-750,680356,30183037,30183050,13
channel-750,680357,30183043,30183048,5
channel-92956,193,30183044,30183053,9
channel-782,309997,30183045,30183050,5
channel-2,130539,30183045,30183055,10
channel-6994,1322231,30183058,30183073,15
channel-6994,1322232,30183077,30183089,12
channel-122,667358,30183091,30183095,4
channel-85077,58629,30183097,30183114,17
channel-750,680358,30183098,30183102,4
channel-75,844373,30183103,30183109,6
channel-0,4035340,30183103,30183114,11
channel-2,130540,30183112,30183126,14
channel-85077,58630,30183115,30183147,32
channel-6994,1322233,30183117,30183132,15
channel-750,680359,30183122,30183133,11
channel-229,54962,30183126,30183136,10
channel-85077,58631,30183130,30183147,17
channel-0,4035341,30183139,30183146,7
channel-0,4035342,30183148,30183158,10
channel-21113,25265,30183148,30183156,8
channel-2,130541,30183170,30183180,10
channel-0,4035343,30183200,30183211,11
channel-1279,67095,30183201,30183214,13
channel-208,1488973,30183201,30183212,11
channel-229,54963,30183204,30183213,9
channel-85077,58632,30183218,30183252,34
channel-0,4035344,30183226,30183234,8
channel-21113,25266,30183244,30183254,10
channel-2,130542,30183247,30183257,10
channel-85077,58633,30183250,30183286,36
channel-0,4035345,30183255,30183266,11
channel-1,407957,30183258,30183285,27
channel-0,4035346,30183260,30183272,12
channel-92956,194,30183278,30183291,13
channel-229,54964,30183280,30183291,11
channel-229,54965,30183282,30183291,9
channel-85077,58634,30183296,30183320,24
channel-2188,43362,30183302,30183306,4
channel-6994,1322234,30183311,30183321,10
channel-72,516354,30183325,30183354,29
channel-2,130543,30183325,30183334,9
channel-85077,58635,30183331,30183349,18
channel-6994,1322235,30183341,30183353,12
channel-85077,58636,30183346,30183379,33
channel-6994,1322236,30183348,30183356,8
channel-208,1488974,30183355,30183366,11
channel-6994,1322237,30183355,30183391,36
channel-0,4035347,30183361,30183378,17
channel-6994,1322238,30183364,30183405,41
channel-0,4035348,30183365,30183378,13
channel-6994,1322239,30183368,30183382,14
channel-750,680360,30183370,30183375,5
channel-750,680361,30183378,30183398,20
channel-0,4035349,30183390,30183417,27
channel-412,64362,30183391,30183402,11
channel-6994,1322240,30183391,30183401,10
channel-750,680362,30183395,30183408,13
channel-6994,1322241,30183399,30183410,11
channel-1429,140610,30183402,30183413,11
channel-89298,18515,30183403,30183411,8
channel-320,119083,30183411,30183423,12
channel-6994,1322242,30183411,30183423,12
channel-0,4035350,30183411,30183422,11
channel-750,680363,30183417,30183423,6
channel-750,680364,30183420,30183425,5
channel-750,680365,30183421,30183445,24
channel-122,667359,30183425,30183428,3
channel-1429,140611,30183426,30183435,9
channel-0,4035351,30183427,30183437,10
channel-199,132358,30183433,30183442,9
channel-199,132359,30183437,30183447,10
channel-6994,1322243,30183437,30183451,14
channel-208,1488975,30183465,30183476,11
channel-750,680366,30183479,30183492,13
channel-750,680367,30183479,30183492,13
channel-750,680368,30183480,30183494,14
channel-91017,2652,30183500,30183509,9
channel-750,680369,30183500,30183512,12
channel-326,537201,30183503,30183522,19
channel-326,537202,30183507,30183526,19
channel-208,1488976,30183514,30183522,8
channel-750,680370,30183518,30183522,4
channel-750,680371,30183521,30183534,13
channel-181,13574,30183525,30183538,13
channel-6994,1322244,30183527,30183540,13
channel-85077,58637,30183530,30183550,20
channel-75,844374,30183537,30183544,7
channel-362,86670,30183548,30183561,13
channel-642,126453,30183549,30183644,95
channel-91017,2653,30183555,30183563,8
channel-85077,58638,30183567,30183582,15
channel-91017,2654,30183586,30183595,9
channel-0,4035352,30183594,30183603,9
channel-750,680372,30183605,30183610,5
channel-750,680373,30183606,30183620,14
channel-750,680374,30183619,30183629,10
channel-208,1488977,30183628,30183642,14
channel-412,64363,30183638,30183649,11
channel-750,680375,30183641,30183652,11
channel-88,466959,30183642,30183657,15
channel-75,844375,30183644,30183651,7
channel-208,1488978,30183646,30183658,12
channel-199,132360,30183647,30183661,14
channel-750,680376,30183648,30183661,13
channel-169,117521,30183654,30183667,13
channel-0,4035353,30183667,30183675,8
channel-75,844376,30183668,30183673,5
channel-85077,58639,30183682,30183696,14
channel-91017,2655,30183684,30183695,11
channel-1,407958,30183703,30183716,13
channel-85077,58640,30183705,30183730,25
channel-79703,4386,30183716,30183731,15
channel-750,680377,30183717,30183730,13
channel-75,844377,30183721,30183728,7
channel-6994,1322245,30183727,30183743,16
channel-75,844378,30183744,30183752,8
channel-229,54966,30183745,30183755,10
channel-75,844379,30183749,30183755,6
channel-199,132361,30183752,30183761,9
channel-0,4035354,30183786,30183796,10
channel-204,670665,30183788,30183797,9
channel-122,667360,30183796,30183800,4
channel-91017,2656,30183803,30183813,10
channel-750,680378,30183813,30183825,12
channel-750,680379,30183837,30183852,15
channel-85077,58641,30183846,30183876,30
channel-85077,58642,30183849,30183876,27
channel-750,680380,30183862,30183867,5
channel-85077,58643,30183878,30183908,30
channel-91017,2657,30183890,30183901,11
channel-199,132362,30183891,30183903,12
channel-91017,2658,30183897,30183907,10
channel-0,4035355,30183901,30183913,12
channel-0,4035356,30183903,30183913,10
channel-0,4035357,30183905,30183926,21
channel-0,4035358,30183916,30183926,10
channel-750,680381,30183917,30183926,9
channel-91017,2659,30183920,30183929,9
channel-79703,4387,30183920,30183930,10
channel-122,667361,30183932,30183936,4
channel-0,4035359,30183939,30183958,19
channel-85077,58644,30183941,30183963,22
channel-750,680382,30183950,30183963,13
channel-750,680383,30183955,30183968,13
channel-750,680384,30183959,30183973,14
channel-750,680385,30183960,30183974,14
channel-783,104109,30183960,30183969,9
channel-0,4035360,30183963,30183972,9
channel-6994,1322246,30183965,30183979,14
channel-91017,2660,30183969,30183976,7
channel-6994,1322247,30183973,30183984,11
channel-326,537203,30183977,30184006,29
channel-326,537204,30183998,30184005,7
channel-6994,1322248,30184001,30184010,9
channel-5,184143,30184007,30184018,11
channel-6994,1322249,30184007,30184018,11
channel-208,1488979,30184008,30184019,11
channel-0,4035361,30184015,30184023,8
channel-199,132363,30184017,30184040,23
channel-0,4035362,30184018,30184028,10
channel-199,132364,30184026,30184035,9
channel-0,4035363,30184036,30184048,12
channel-874,292205,30184037,30184046,9
channel-0,4035364,30184040,30184051,11
channel-0,4035365,30184042,30184064,22
channel-6994,1322250,30184049,30184061,12
channel-750,680386,30184064,30184082,18
channel-208,1488980,30184069,30184081,12
channel-94814,3667,30184072,30184082,10
channel-208,1488981,30184076,30184087,11
channel-750,680387,30184078,30184082,4
channel-750,680388,30184091,30184107,16
channel-6994,1322251,30184094,30184105,11
channel-91017,2661,30184099,30184105,6
channel-208,1488982,30184106,30184118,12
channel-75,844380,30184121,30184129,8
channel-0,4035366,30184133,30184143,10
channel-0,4035367,30184140,30184153,13
channel-750,680389,30184144,30184158,14
channel-320,119084,30184146,30184203,57
channel-88,466960,30184152,30184165,13
channel-0,4035368,30184164,30184180,16
channel-1,407959,30184180,30184189,9
channel-85077,58645,30184184,30184203,19
channel-0,4035369,30184185,30184194,9
channel-326,537205,30184186,30184191,5
channel-320,119085,30184186,30184203,17
channel-199,132365,30184190,30184222,32
channel-199,132366,30184195,30184204,9
channel-0,4035370,30184205,30184217,12
channel-750,680390,30184207,30184220,13
channel-199,132367,30184209,30184238,29
channel-750,680391,30184215,30184231,16
channel-0,4035371,30184225,30184237,12
channel-783,104110,30184227,30184234,7
channel-320,119086,30184230,30184238,8
channel-0,4035372,30184235,30184245,10
channel-0,4035373,30184238,30184250,12
channel-2188,43363,30184242,30184247,5
channel-199,132368,30184249,30184261,12
channel-199,132369,30184249,30184261,12
channel-0,4035374,30184255,30184263,8
channel-0,4035375,30184256,30184267,11
channel-0,4035376,30184258,30184267,9
channel-0,4035377,30184262,30184273,11
channel-750,680392,30184295,30184306,11
channel-0,4035378,30184296,30184305,9
channel-75,844381,30184300,30184307,7
channel-750,680393,30184311,30184320,9
channel-91017,2662,30184311,30184320,9
channel-6994,1322252,30184314,30184323,9
channel-21113,25267,30184324,30184331,7
channel-122,667362,30184333,30184337,4
channel-76971,12193,30184333,30184352,19
channel-0,4035379,30184337,30184347,10
channel-0,4035380,30184338,30184347,9
channel-750,680394,30184347,30184357,10
channel-750,680395,30184348,30184356,8
channel-750,680396,30184354,30184360,6
channel-199,132370,30184354,30184365,11
channel-199,132371,30184359,30184388,29
channel-0,4035381,30184360,30184372,12
channel-199,132372,30184366,30184376,10
channel-2494,31818,30184370,30184383,13
channel-0,4035382,30184383,30184395,12
channel-750,680397,30184387,30184396,9
channel-199,132373,30184389,30184414,25
channel-0,4035383,30184389,30184400,11
channel-2494,31819,30184396,30184405,9
channel-362,86671,30184403,30184413,10
channel-199,132374,30184414,30184423,9
channel-750,680398,30184415,30184424,9
channel-21113,25268,30184421,30184428,7
channel-0,4035384,30184432,30184441,9
channel-2,130544,30184435,30184441,6
channel-326,537206,30184445,30184469,24
channel-2188,43364,30184452,30184456,4
channel-76971,12194,30184453,30184464,11
channel-0,4035385,30184455,30184467,12
channel-750,680399,30184464,30184475,11
channel-750,680400,30184466,30184478,12
channel-2188,43365,30184466,30184471,5
channel-199,132375,30184482,30184492,10
channel-199,132376,30184488,30184496,8
channel-6994,1322253,30184494,30184506,12
channel-0,4035386,30184495,30184504,9
channel-122,667363,30184502,30184506,4
channel-19774,345616,30184503,30184518,15
channel-122,667364,30184513,30184516,3
channel-750,680401,30184514,30184522,8
channel-0,4035387,30184518,30184528,10
channel-6994,1322254,30184524,30184533,9
channel-85077,58646,30184539,30184563,24
channel-75,844382,30184540,30184548,8
channel-1,407960,30184552,30184596,44
channel-2188,43366,30184553,30184558,5
channel-6994,1322255,30184557,30184570,13
channel-85077,58647,30184558,30184596,38
channel-326,537207,30184565,30184574,9
channel-0,4035388,30184584,30184592,8
channel-2188,43367,30184599,30184603,4
channel-0,4035389,30184602,30184610,8
channel-85077,58648,30184609,30184625,16
channel-91017,2663,30184613,30184619,6
channel-750,680402,30184616,30184621,5
channel-0,4035390,30184620,30184633,13
channel-2188,43368,30184639,30184643,4
channel-0,4035391,30184639,30184650,11
channel-0,4035392,30184651,30184661,10
channel-750,680403,30184653,30184663,10
channel-6994,1322256,30184656,30184666,10
channel-0,4035393,30184659,30184671,12
channel-85077,58649,30184681,30184705,24
channel-2188,43369,30184681,30184686,5
channel-204,670666,30184687,30184697,10
channel-750,680404,30184698,30184707,9
channel-0,4035394,30184698,30184706,8
channel-199,132377,30184710,30184720,10
channel-199,132378,30184712,30184736,24
channel-85077,58650,30184717,30184732,15
channel-2188,43370,30184724,30184729,5
channel-0,4035395,30184730,30184736,6
channel-85077,58651,30184731,30184763,32
channel-85077,58652,30184733,30184763,30
channel-0,4035396,30184739,30184750,11
channel-750,680405,30184740,30184755,15
channel-2188,43371,30184746,30184751,5
channel-750,680406,30184750,30184755,5
channel-750,680407,30184761,30184771,10
channel-85077,58653,30184766,30184795,29
channel-85077,58654,30184766,30184795,29
channel-85077,58655,30184776,30184795,19
channel-750,680408,30184780,30184794,14
channel-0,4035397,30184787,30184807,20
channel-208,1488983,30184795,30184807,12
channel-750,680409,30184796,30184811,15
channel-85077,58656,30184811,30184853,42
channel-75755,5511,30184812,30184826,14
channel-750,680410,30184812,30184821,9
channel-783,104111,30184815,30184822,7
channel-750,680411,30184815,30184828,13
channel-85077,58657,30184828,30184853,25
channel-750,680412,30184838,30184846,8
channel-85077,58658,30184848,30184882,34
channel-750,680413,30184854,30184864,10
channel-326,537208,30184858,30184881,23
channel-750,680414,30184858,30184871,13
channel-874,292206,30184869,30184876,7
channel-750,680415,30184870,30184888,18
channel-0,4035398,30184872,30184881,9
channel-2188,43372,30184875,30184879,4
channel-0,4035399,30184876,30184884,8
channel-85077,58659,30184880,30184914,34
channel-5,184144,30184881,30184889,8
channel-165,71371,30184881,30184893,12
channel-165,71372,30184884,30184893,9
channel-208,1488984,30184889,30184898,9
channel-750,680416,30184892,30184902,10
channel-0,4035400,30184895,30184910,15
channel-0,4035401,30184897,30184910,13
channel-1429,140612,30184899,30184914,15
channel-0,4035402,30184902,30184913,11
channel-199,132379,30184908,30184929,21
channel-0,4035403,30184915,30184927,12
channel-169,117522,30184919,30184951,32
channel-251,85095,30184920,30184932,12
channel-5,184145,30184922,30184930,8
channel-0,4035404,30184931,30184941,10
channel-6994,1322257,30184933,30184946,13
channel-199,132380,30184934,30184961,27
channel-199,132381,30184944,30184953,9
channel-0,4035405,30184948,30184960,12
channel-199,132382,30184948,30184958,10
channel-75,844383,30184949,30184966,17
channel-6994,1322258,30184956,30184965,9
channel-75,844384,30184959,30184966,7
channel-5,184146,30184960,30184969,9
channel-0,4035406,30184964,30184973,9
channel-199,132383,30184972,30184997,25
channel-2188,43373,30184975,30184979,4
channel-750,680417,30184989,30185001,12
channel-75,844385,30184992,30185000,8
channel-165,71373,30184994,30185003,9
channel-19774,345617,30185001,30185013,12
channel-199,132384,30185006,30185017,11
channel-2188,43374,30185014,30185018,4
channel-113,301236,30185029,30185040,11
channel-2188,43375,30185034,30185039,5
channel-199,132385,30185034,30185043,9
channel-89298,18516,30185047,30185055,8
channel-85077,58660,30185049,30185069,20
channel-0,4035407,30185056,30185069,13
channel-113,301237,30185056,30185069,13
channel-2188,43376,30185057,30185061,4
channel-208,1488985,30185057,30185069,12
channel-750,680418,30185058,30185068,10
channel-88,466961,30185069,30185090,21
channel-199,132386,30185077,30185091,14
channel-2188,43377,30185082,30185087,5
channel-874,292207,30185094,30185099,5
channel-0,4035408,30185095,30185108,13
channel-113,301238,30185106,30185115,9
channel-750,680419,30185108,30185123,15
channel-6994,1322259,30185115,30185156,41
channel-0,4035409,30185115,30185127,12
channel-0,4035410,30185119,30185132,13
channel-0,4035411,30185121,30185151,30
channel-0,4035412,30185126,30185136,10
channel-6994,1322260,30185147,30185160,13
channel-0,4035413,30185156,30185181,25
channel-85077,58661,30185181,30185200,19
channel-85077,58662,30185181,30185200,19
channel-0,4035414,30185183,30185206,23
channel-89298,18517,30185185,30185196,11
channel-85077,58663,30185194,30185232,38
channel-0,4035415,30185201,30185210,9
channel-85077,58664,30185209,30185232,23
channel-82,18939,30185212,30185246,34
channel-75755,5512,30185216,30185228,12
channel-326,537209,30185224,30185248,24
channel-199,132387,30185227,30185239,12
channel-0,4035416,30185236,30185249,13
channel-750,680420,30185238,30185243,5
channel-0,4035417,30185249,30185259,10
channel-165,71374,30185251,30185281,30
channel-874,292208,30185263,30185269,6
channel-6994,1322261,30185265,30185281,16
channel-750,680421,30185266,30185270,4
channel-750,680422,30185269,30185274,5
channel-208,1488986,30185270,30185282,12
channel-199,132388,30185272,30185281,9
channel-750,680423,30185290,30185311,21
channel-199,132389,30185311,30185322,11
channel-2188,43378,30185311,30185315,4
channel-208,1488987,30185311,30185324,13
channel-85077,58665,30185312,30185340,28
channel-165,71375,30185319,30185346,27
channel-143,128193,30185324,30185342,18
channel-6994,1322262,30185331,30185343,12
channel-259,314098,30185336,30185342,6
channel-0,4035418,30185336,30185344,8
channel-750,680424,30185348,30185352,4
channel-750,680425,30185374,30185398,24
channel-199,132390,30185376,30185386,10
channel-6994,1322263,30185386,30185399,13
channel-6787,166546,30185388,30185393,5
channel-0,4035419,30185390,30185401,11
channel-6994,1322264,30185395,30185409,14
channel-326,537210,30185401,30185410,9
channel-85077,58666,30185404,30185422,18
channel-6994,1322265,30185409,30185435,26
channel-208,1488988,30185421,30185432,11
channel-199,132391,30185426,30185436,10
channel-750,680426,30185427,30185437,10
channel-75,844386,30185428,30185441,13
channel-165,71376,30185434,30185460,26
channel-85077,58667,30185441,30185455,14
channel-750,680427,30185451,30185465,14
channel-208,1488989,30185454,30185465,11
channel-1,407961,30185460,30185470,10
channel-0,4035420,30185460,30185471,11
channel-783,104112,30185465,30185471,6
channel-85077,58668,30185468,30185483,15
channel-251,85096,30185472,30185481,9
channel-783,104113,30185479,30185486,7
channel-208,1488990,30185481,30185493,12
channel-0,4035421,30185482,30185496,14
channel-208,1488991,30185486,30185497,11
channel-85077,58669,30185486,30185517,31
channel-259,314099,30185493,30185498,5
channel-783,104114,30185494,30185499,5
channel-6994,1322266,30185496,30185510,14
channel-750,680428,30185496,30185508,12
channel-750,680429,30185504,30185525,21
channel-199,132392,30185521,30185530,9
channel-19774,345618,30185528,30185545,17
channel-19774,345619,30185533,30185545,12
channel-1429,140613,30185540,30185557,17
channel-0,4035422,30185541,30185550,9
channel-85077,58670,30185547,30185573,26
channel-199,132393,30185548,30185557,9
channel-91017,2664,30185558,30185566,8
channel-199,132394,30185558,30185567,9
channel-6994,1322267,30185561,30185571,10
channel-199,132395,30185562,30185571,9
channel-75,844387,30185571,30185579,8
channel-208,1488992,30185576,30185588,12
channel-6994,1322268,30185580,30185595,15
channel-0,4035423,30185587,30185600,13
channel-0,4035424,30185589,30185600,11
channel-0,4035425,30185596,30185601,5
channel-6994,1322269,30185611,30185647,36
channel-0,4035426,30185614,30185624,10
channel-208,1488993,30185619,30185631,12
channel-85077,58671,30185645,30185654,9
channel-199,132396,30185659,30185670,11
channel-85077,58672,30185670,30185684,14
channel-208,1488994,30185679,30185689,10
channel-75,844388,30185679,30185689,10
channel-199,132397,30185684,30185698,14
channel-204,670667,30185684,30185692,8
channel-199,132398,30185696,30185704,8
channel-783,104115,30185702,30185711,9
channel-75,844389,30185709,30185715,6
channel-2494,31820,30185728,30185741,13
channel-199,132399,30185763,30185771,8
channel-75,844390,30185778,30185786,8
channel-42,1489749,30185779,30185790,11
channel-199,132400,30185779,30185789,10
channel-2,130545,30185785,30185794,9
channel-208,1488995,30185788,30185801,13
channel-2,130546,30185789,30185799,10
channel-199,132401,30185790,30185799,9
channel-783,104116,30185800,30185806,6
channel-6994,1322270,30185806,30185817,11
channel-6994,1322271,30185806,30185817,11
channel-75,844391,30185807,30185814,7
channel-199,132402,30185814,30185826,12
channel-750,680430,30185831,30185851,20
channel-75,844392,30185837,30185844,7
channel-783,104117,30185838,30185846,8
channel-6994,1322272,30185841,30185853,12
channel-72,516355,30185843,30185896,53
channel-88,466962,30185855,30185880,25
channel-750,680431,30185860,30185870,10
channel-75,844393,30185867,30185874,7
channel-6994,1322273,30185870,30185882,12
channel-750,680432,30185871,30185890,19
channel-199,132403,30185883,30185890,7
channel-326,537211,30185901,30185921,20
channel-0,4035427,30185901,30185911,10
channel-6994,1322274,30185902,30185916,14
channel-232,49166,30185911,30185918,7
channel-6994,1322275,30185927,30185937,10
channel-0,4035428,30185949,30185961,12
channel-6994,1322276,30185958,30185971,13
channel-72,516356,30185961,30186013,52
channel-6994,1322277,30185986,30185996,10
channel-199,132404,30186000,30186011,11
channel-0,4035429,30186014,30186023,9
channel-6994,1322278,30186024,30186034,10
channel-85077,58673,30186049,30186065,16
channel-0,4035430,30186068,30186077,9
channel-6994,1322279,30186073,30186085,12
channel-750,680433,30186085,30186099,14
channel-750,680434,30186087,30186099,12
channel-184,137331,30186099,30186109,10
channel-6994,1322280,30186101,30186112,11
channel-19774,345620,30186105,30186116,11
channel-199,132405,30186128,30186138,10
channel-6994,1322281,30186157,30186171,14
channel-6994,1322282,30186158,30186171,13
channel-750,680435,30186161,30186166,5
channel-208,1488996,30186162,30186173,11
channel-85077,58674,30186186,30186215,29
channel-6994,1322283,30186189,30186200,11
channel-122,667365,30186193,30186197,4
channel-259,314100,30186196,30186203,7
channel-0,4035431,30186198,30186209,11
channel-85077,58675,30186213,30186246,33
channel-6994,1322284,30186216,30186228,12
channel-6994,1322285,30186222,30186232,10
channel-750,680436,30186222,30186226,4
channel-6994,1322286,30186225,30186238,13
channel-1,407962,30186241,30186256,15
channel-326,537212,30186263,30186269,6
channel-326,537213,30186278,30186298,20
channel-1,407963,30186280,30186291,11
channel-85077,58676,30186281,30186299,18
channel-6994,1322287,30186288,30186301,13
channel-208,1488997,30186296,30186305,9
channel-4,166725,30186310,30186336,26
channel-208,1488998,30186317,30186329,12
channel-0,4035432,30186322,30186330,8
channel-750,680437,30186323,30186337,14
channel-6994,1322288,30186325,30186337,12
channel-0,4035433,30186344,30186368,24
channel-750,680438,30186345,30186356,11
channel-6994,1322289,30186352,30186363,11
channel-6994,1322290,30186354,30186368,14
channel-6994,1322291,30186357,30186368,11
channel-85077,58677,30186373,30186383,10
channel-204,670668,30186425,30186434,9
channel-6994,1322292,30186432,30186445,13
channel-229,54967,30186436,30186446,10
channel-6994,1322293,30186449,30186461,12
channel-122,667366,30186455,30186458,3
channel-750,680439,30186464,30186477,13
channel-38946,123932,30186466,30186485,19
channel-0,4035434,30186468,30186476,8
channel-89298,18518,30186476,30186485,9
channel-750,680440,30186476,30186490,14
channel-115,20316,30186481,30186493,12
channel-85077,58678,30186501,30186514,13
channel-89321,19269,30186503,30186508,5
channel-6994,1322294,30186507,30186519,12
channel-0,4035435,30186514,30186523,9
channel-1,407964,30186515,30186529,14
channel-89321,19270,30186527,30186536,9
channel-85077,58679,30186540,30186569,29
channel-750,680441,30186546,30186559,13
channel-6994,1322295,30186588,30186610,22
channel-783,104118,30186606,30186609,3
channel-89321,19271,30186613,30186622,9
channel-326,537214,30186632,30186642,10
channel-1,407965,30186644,30186671,27
channel-75,844394,30186648,30186656,8
channel-89298,18519,30186648,30186659,11
channel-216,93984,30186650,30186654,4
channel-326,537215,30186658,30186681,23
channel-19774,345621,30186659,30186668,9
channel-2494,31821,30186670,30186681,11
channel-89321,19272,30186674,30186686,12
channel-208,1488999,30186677,30186690,13
channel-6994,1322296,30186682,30186695,13
channel-165,71377,30186690,30186699,9
channel-750,680442,30186690,30186702,12
channel-6994,1322297,30186703,30186714,11
channel-6994,1322298,30186717,30186728,11
channel-783,104119,30186720,30186726,6
channel-6994,1322299,30186726,30186758,32
channel-750,680443,30186731,30186743,12
channel-85077,58680,30186750,30186769,19
channel-89298,18520,30186752,30186763,11
channel-522,40397,30186755,30186766,11
channel-0,4035436,30186755,30186764,9
channel-229,54968,30186756,30186769,13
channel-85077,58681,30186765,30186799,34
channel-522,40398,30186768,30186779,11
channel-6994,1322300,30186779,30186787,8
channel-208,1489000,30186782,30186796,14
channel-85077,58682,30186792,30186832,40
channel-326,537216,30186795,30186800,5
channel-6994,1322301,30186803,30186818,15
channel-6994,1322302,30186808,30186823,15
channel-5,184147,30186833,30186842,9
channel-6994,1322303,30186833,30186845,12
channel-85077,58683,30186846,30186863,17
channel-0,4035437,30186847,30186856,9
channel-19774,345622,30186851,30186863,12
channel-75,844395,30186855,30186864,9
channel-0,4035438,30186856,30186867,11
channel-6994,1322304,30186856,30186885,29
channel-208,1489001,30186875,30186885,10
channel-85077,58684,30186888,30186915,27
channel-0,4035439,30186890,30186902,12
channel-1,407966,30186892,30186905,13
channel-0,4035440,30186893,30186902,9
channel-1,407967,30186898,30186918,20
channel-85077,58685,30186904,30186915,11
channel-199,132406,30186905,30186913,8
channel-75,844396,30186908,30186914,6
channel-5,184148,30186912,30186920,8
channel-0,4035441,30186920,30186944,24
channel-75755,5513,30186946,30186954,8
channel-85077,58686,30186949,30186968,19
channel-199,132407,30186955,30186965,10
channel-75,844397,30186965,30186973,8
channel-5,184149,30186968,30186978,10
channel-204,670670,30186993,30187002,9
channel-6994,1322305,30187004,30187031,27
channel-85077,58687,30187007,30187023,16
channel-122,667367,30187008,30187011,3
channel-0,4035442,30187015,30187027,12
channel-6994,1322306,30187021,30187031,10
channel-85077,58688,30187028,30187054,26
channel-326,537217,30187031,30187055,24
channel-6994,1322307,30187041,30187066,25
channel-208,1489002,30187048,30187057,9
channel-85077,58689,30187058,30187089,31
channel-6994,1322308,30187063,30187092,29
channel-0,4035443,30187066,30187077,11
channel-85077,58690,30187079,30187089,10
channel-6994,1322309,30187082,30187107,25
channel-6994,1322310,30187103,30187128,25
channel-75,844398,30187103,30187109,6
channel-6994,1322311,30187106,30187121,15
channel-5,184150,30187108,30187116,8
channel-750,680444,30187119,30187125,6
channel-6994,1322312,30187125,30187159,34
channel-6994,1322313,30187147,30187175,28
channel-0,4035444,30187161,30187190,29
channel-6994,1322314,30187164,30187190,26
channel-85077,58691,30187164,30187191,27
channel-229,54969,30187165,30187183,18
channel-85077,58692,30187177,30187191,14
channel-0,4035445,30187187,30187220,33
channel-85077,58693,30187199,30187221,22
channel-208,1489003,30187201,30187210,9
channel-0,4035446,30187206,30187215,9
channel-143,128194,30187214,30187229,15
channel-0,4035447,30187221,30187233,12
channel-0,4035448,30187221,30187233,12
channel-85077,58694,30187233,30187254,21
channel-0,4035449,30187236,30187245,9
channel-85077,58695,30187237,30187254,17
channel-0,4035450,30187242,30187255,13
channel-750,680445,30187246,30187260,14
channel-6994,1322315,30187249,30187265,16
channel-6994,1322316,30187249,30187265,16
channel-0,4035451,30187270,30187280,10
channel-204,670671,30187272,30187279,7
channel-4,166726,30187277,30187308,31
channel-0,4035452,30187280,30187286,6
channel-199,132408,30187283,30187293,10
channel-75,844399,30187283,30187290,7
channel-750,680446,30187297,30187306,9
channel-85077,58696,30187306,30187333,27
channel-782,309998,30187309,30187313,4
channel-75,844400,30187311,30187317,6
channel-89298,18521,30187325,30187336,11
channel-94814,3668,30187328,30187336,8
channel-75,844401,30187339,30187349,10
channel-783,104120,30187347,30187354,7
channel-0,4035453,30187359,30187369,10
channel-0,4035454,30187360,30187374,14
channel-75,844402,30187366,30187376,10
channel-85077,58697,30187372,30187386,14
channel-750,680447,30187381,30187385,4
channel-0,4035455,30187387,30187395,8
channel-85077,58698,30187405,30187416,11
channel-208,1489004,30187405,30187414,9
channel-85077,58699,30187420,30187447,27
channel-122,667368,30187425,30187428,3
channel-326,537218,30187425,30187432,7
channel-204,670672,30187431,30187441,10
channel-89321,19273,30187436,30187446,10
channel-326,537219,30187450,30187471,21
channel-208,1489005,30187480,30187489,9
channel-85077,58700,30187503,30187525,22
channel-750,680448,30187507,30187523,16
channel-0,4035456,30187507,30187517,10
channel-783,104121,30187535,30187544,9
channel-85077,58701,30187545,30187554,9
channel-75,844403,30187545,30187553,8
channel-85077,58702,30187552,30187587,35
channel-208,1489006,30187580,30187592,12
channel-75,844404,30187582,30187589,7
channel-0,4035457,30187583,30187594,11
channel-750,680449,30187596,30187603,7
channel-0,4035458,30187608,30187619,11
channel-0,4035459,30187608,30187619,11
channel-0,4035460,30187613,30187622,9
channel-204,670673,30187627,30187635,8
channel-6994,1322317,30187632,30187644,12
channel-750,680450,30187632,30187639,7
channel-0,4035461,30187639,30187656,17
channel-0,4035462,30187643,30187651,8
channel-0,4035463,30187654,30187666,12
channel-2494,31822,30187666,30187673,7
channel-6994,1322318,30187673,30187700,27
channel-874,292209,30187680,30187685,5
channel-320,119087,30187687,30187718,31
channel-0,4035464,30187688,30187709,21
channel-750,680451,30187702,30187707,5
channel-0,4035465,30187720,30187729,9
channel-85077,58703,30187725,30187739,14
channel-783,104122,30187737,30187749,12
channel-6994,1322319,30187742,30187752,10
channel-5,184151,30187748,30187764,16
channel-750,680452,30187778,30187792,14
channel-750,680453,30187779,30187792,13
channel-4,166727,30187790,30187816,26
channel-85077,58704,30187794,30187818,24
channel-38946,123933,30187800,30187816,16
channel-122,667369,30187801,30187805,4
channel-1,407968,30187805,30187821,16
channel-0,4035466,30187813,30187820,7
channel-181,13575,30187818,30187830,12
channel-199,132409,30187827,30187840,13
channel-2494,31823,30187835,30187846,11
channel-199,132410,30187837,30187845,8
channel-326,537220,30187839,30187860,21
channel-320,119088,30187853,30187881,28
channel-874,292210,30187855,30187860,5
channel-199,132411,30187860,30187870,10
channel-122,667370,30187868,30187872,4
channel-750,680454,30187870,30187885,15
channel-750,680455,30187877,30187882,5
channel-0,4035467,30187893,30187902,9
channel-229,54970,30187897,30187906,9
channel-750,680456,30187905,30187916,11
channel-340,3118,30187906,30187914,8
channel-750,680457,30187909,30187918,9
channel-229,54971,30187917,30187929,12
channel-0,4035468,30187933,30187943,10
channel-85077,58705,30187941,30187952,11
channel-750,680458,30187945,30187957,12
channel-85077,58706,30187945,30187984,39
channel-85077,58707,30187963,30187984,21
channel-208,1489007,30187963,30187976,13
channel-0,4035469,30187968,30187981,13
channel-229,54972,30187975,30187985,10
channel-0,4035470,30187997,30188010,13
channel-229,54973,30188001,30188011,10
channel-0,4035471,30188003,30188015,12
channel-783,104123,30188010,30188016,6
channel-6994,1322320,30188015,30188028,13
channel-199,132412,30188020,30188032,12
channel-229,54974,30188024,30188035,11
channel-75,844405,30188026,30188034,8
channel-0,4035472,30188028,30188038,10
channel-0,4035473,30188037,30188047,10
channel-229,54975,30188039,30188054,15
channel-750,680459,30188043,30188049,6
channel-750,680460,30188046,30188052,6
channel-229,54976,30188053,30188062,9
channel-208,1489008,30188064,30188078,14
channel-0,4035474,30188073,30188086,13
channel-75,844406,30188073,30188078,5
channel-199,132413,30188078,30188090,12
channel-0,4035475,30188086,30188097,11
channel-122,667371,30188090,30188094,4
channel-204,670674,30188090,30188102,12
channel-38946,123934,30188107,30188125,18
channel-0,4035476,30188110,30188122,12
channel-6994,1322321,30188115,30188283,168
channel-89321,19274,30188120,30188131,11
channel-199,132414,30188133,30188144,11
channel-750,680461,30188136,30188154,18
channel-0,4035477,30188152,30188171,19
channel-1,407969,30188157,30188190,33
channel-0,4035478,30188158,30188167,9
channel-0,4035479,30188160,30188171,11
channel-85077,58708,30188179,30188206,27
channel-0,4035480,30188186,30188195,9
channel-0,4035481,30188187,30188211,24
channel-85077,58709,30188195,30188206,11
channel-0,4035482,30188197,30188206,9
channel-0,4035483,30188200,30188208,8
channel-38946,123935,30188206,30188219,13
channel-229,54977,30188238,30188251,13
channel-1,407970,30188251,30188261,10
channel-0,4035484,30188259,30188270,11
channel-208,1489009,30188266,30188279,13
channel-229,54978,30188276,30188285,9
channel-85077,58710,30188279,30188289,10
channel-6994,1322322,30188284,30188297,13
channel-199,132415,30188284,30188292,8
channel-1,407971,30188287,30188302,15
channel-2,130547,30188287,30188298,11
channel-0,4035485,30188307,30188322,15
channel-115,20317,30188320,30188331,11
channel-0,4035486,30188321,30188332,11
channel-88,466963,30188321,30188373,52
channel-6994,1322323,30188329,30188409,80
channel-199,132416,30188349,30188357,8
channel-75,844407,30188357,30188363,6
channel-85077,58711,30188364,30188374,10
channel-1575,15153,30188364,30188375,11
channel-1,407972,30188366,30188401,35
channel-85077,58712,30188373,30188403,30
channel-208,1489010,30188378,30188390,12
channel-0,4035487,30188391,30188401,10
channel-165,71378,30188398,30189426,1028
channel-75,844408,30188401,30188410,9
channel-6994,1322324,30188435,30188490,55
channel-165,71379,30188435,30189463,1028
channel-75,844409,30188442,30188453,11
channel-0,4035488,30188465,30188476,11
channel-204,670675,30188478,30188488,10
channel-6994,1322325,30188479,30188490,11
channel-326,537221,30188490,30188510,20
channel-216,93985,30188511,30188515,4
channel-85077,58713,30188513,30188537,24
channel-208,1489011,30188525,30188535,10
channel-85077,58714,30188538,30188569,31
channel-229,54979,30188561,30188576,15
channel-165,71380,30188562,30189501,939
channel-0,4035489,30188574,30188584,10
channel-1,407973,30188580,30188603,23
channel-6994,1322326,30188582,30188592,10
channel-122,667372,30188585,30188589,4
channel-6994,1322327,30188585,30188597,12
channel-750,680462,30188588,30188593,5
channel-750,680463,30188589,30188600,11
channel-750,680464,30188602,30188613,11
channel-216,93986,30188602,30188606,4
channel-750,680465,30188610,30188625,15
channel-204,670676,30188632,30188638,6
channel-0,4035490,30188650,30188658,8
channel-6994,1322328,30188651,30188663,12
channel-6994,1322329,30188654,30188689,35
channel-750,680466,30188655,30188668,13
channel-750,680467,30188655,30188660,5
channel-750,680468,30188658,30188671,13
channel-122,667373,30188660,30188663,3
channel-750,680469,30188663,30188668,5
channel-229,54980,30188675,30188686,11
channel-750,680470,30188675,30188687,12
channel-750,680471,30188675,30188679,4
channel-750,680472,30188681,30188692,11
channel-6994,1322330,30188687,30188698,11
channel-750,680473,30188691,30188704,13
channel-750,680474,30188693,30188698,5
channel-0,4035491,30188693,30188706,13
channel-85077,58715,30188701,30188934,233
channel-750,680475,30188706,30188717,11
channel-750,680476,30188708,30188712,4
channel-81016,259,30188712,30188725,13
channel-750,680477,30188717,30188730,13
channel-88,466964,30188720,30188730,10
channel-169,117523,30188728,30188736,8
channel-0,4035492,30188730,30188741,11
channel-522,40399,30188733,30188743,10
channel-0,4035493,30188742,30188757,15
channel-750,680478,30188746,30188751,5
channel-750,680479,30188752,30188768,16
channel-6994,1322331,30188757,30188766,9
channel-85077,58716,30188757,30188934,177
channel-204,670677,30188760,30188769,9
channel-6994,1322332,30188761,30188782,21
channel-122,667374,30188771,30188775,4
channel-750,680480,30188772,30188782,10
channel-750,680481,30188775,30188780,5
channel-750,680482,30188784,30188797,13
channel-750,680483,30188784,30188797,13
channel-750,680484,30188786,30188800,14
channel-0,4035494,30188789,30188798,9
channel-208,1489012,30188790,30188799,9
channel-750,680485,30188791,30188803,12
channel-750,680486,30188803,30188815,12
channel-750,680487,30188805,30188833,28
channel-0,4035495,30188816,30188828,12
channel-0,4035496,30188823,30188833,10
channel-165,71381,30188823,30188856,33
channel-229,54981,30188826,30188840,14
channel-750,680488,30188829,30188837,8
channel-199,132417,30188833,30188845,12
channel-750,680489,30188833,30188846,13
channel-19774,345623,30188836,30188846,10
channel-750,680490,30188841,30188851,10
channel-75,844410,30188841,30188848,7
channel-85077,58717,30188848,30188934,86
channel-750,680491,30188853,30188857,4
channel-6994,1322333,30188856,30188869,13
channel-0,4035497,30188862,30188874,12
channel-165,71382,30188864,30189426,562
channel-204,670678,30188867,30188876,9
channel-6994,1322334,30188869,30188887,18
channel-85077,58718,30188874,30188934,60
channel-1,407974,30188877,30188891,14
channel-326,537222,30188881,30188887,6
channel-75,844411,30188893,30188900,7
channel-0,4035498,30188896,30188908,12
channel-0,4035499,30188903,30188915,12
channel-165,71383,30188904,30189501,597
channel-6994,1322335,30188915,30188924,9
channel-6994,1322336,30188918,30188929,11
channel-222,3824,30188933,30188944,11
channel-0,4035500,30188947,30188956,9
channel-0,4035501,30188952,30188959,7
channel-326,537223,30188956,30188979,23
channel-85077,58719,30188958,30188965,7
channel-750,680492,30188962,30188966,4
channel-122,667375,30188979,30188982,3
channel-122,667376,30188981,30188985,4
channel-85077,58720,30188992,30189024,32
channel-122,667377,30188996,30189000,4
channel-75,844412,30189013,30189021,8
channel-21113,25270,30189014,30189021,7
channel-0,4035502,30189018,30189030,12
channel-326,537224,30189023,30189031,8
channel-75,844413,30189057,30189064,7
channel-1,407975,30189062,30189075,13
channel-320,119089,30189064,30189083,19
channel-0,4035503,30189076,30189087,11
channel-85077,58721,30189080,30189103,23
channel-208,1489013,30189083,30189093,10
channel-199,132418,30189087,30189098,11
channel-0,4035504,30189092,30189101,9
channel-0,4035505,30189099,30189111,12
channel-0,4035506,30189100,30189111,11
channel-6994,1322337,30189106,30189117,11
channel-6994,1322338,30189118,30189133,15
channel-208,1489014,30189121,30189137,16
channel-85077,58722,30189136,30189165,29
channel-5,184152,30189137,30189146,9
channel-0,4035507,30189138,30189146,8
channel-42,1489750,30189141,30189154,13
channel-216,93987,30189142,30189147,5
channel-75,844414,30189156,30189164,8
channel-122,667378,30189158,30189162,4
channel-2,130548,30189170,30189183,13
channel-0,4035508,30189177,30189189,12
channel-320,119090,30189185,30189197,12
channel-0,4035509,30189188,30189199,11
channel-199,132419,30189194,30189207,13
channel-0,4035510,30189196,30189205,9
channel-750,680494,30189211,30189215,4
channel-2188,43379,30189214,30189219,5
channel-750,680495,30189215,30189233,18
channel-0,4035511,30189216,30189224,8
channel-783,104124,30189223,30189231,8
channel-199,132420,30189231,30189241,10
channel-2188,43380,30189244,30189248,4
channel-320,119091,30189247,30189259,12
channel-20082,9849,30189250,30189261,11
channel-75,844415,30189256,30189265,9
channel-2188,43381,30189266,30189270,4
channel-326,537225,30189276,30189299,23
channel-85077,58723,30189279,30189297,18
channel-85077,58724,30189300,30189329,29
channel-19774,345624,30189302,30189313,11
channel-199,132421,30189308,30189324,16
channel-72,516357,30189331,30189379,48
channel-72,516358,30189340,30189384,44
channel-72,516359,30189348,30189399,51
channel-0,4035512,30189350,30189358,8
channel-75,844416,30189355,30189361,6
channel-320,119092,30189366,30189393,27
channel-91017,2665,30189371,30189379,8
channel-75755,5514,30189377,30189385,8
channel-85077,58725,30189385,30189413,28
channel-79703,4388,30189396,30189410,14
channel-0,4035513,30189409,30189419,10
channel-85077,58726,30189420,30189445,25
channel-199,132422,30189425,30189435,10
channel-874,292211,30189440,30189450,10
channel-208,1489015,30189459,30189467,8
channel-6994,1322339,30189463,30189475,12
channel-85077,58727,30189468,30189495,27
channel-0,4035514,30189469,30189479,10
channel-251,85097,30189471,30189484,13
channel-0,4035515,30189503,30189516,13
channel-75,844417,30189511,30189518,7
channel-251,85098,30189519,30189531,12
channel-750,680496,30189526,30189544,18
channel-21113,25271,30189529,30189539,10
channel-251,85099,30189548,30189558,10
channel-0,4035516,30189555,30189568,13
channel-750,680497,30189557,30189573,16
channel-1,407976,30189566,30189608,42
channel-1429,140614,30189568,30189581,13
channel-85077,58728,30189570,30189596,26
channel-320,119093,30189571,30189600,29
channel-204,670679,30189583,30189593,10
channel-19774,345625,30189584,30189608,24
channel-208,1489016,30189587,30189597,10
channel-6787,166547,30189594,30189599,5
channel-340,3119,30189596,30189607,11
channel-251,85100,30189598,30189610,12
channel-0,4035517,30189601,30189612,11
channel-2,130549,30189614,30189625,11
channel-85077,58729,30189616,30189625,9
channel-47,198629,30189618,30189635,17
channel-0,4035518,30189629,30189641,12
channel-75755,5515,30189637,30189646,9
channel-208,1489017,30189641,30189655,14
channel-251,85101,30189641,30189653,12
channel-750,680498,30189648,30189662,14
channel-0,4035519,30189649,30189660,11
channel-85077,58730,30189650,30189677,27
channel-0,4035520,30189662,30189674,12
channel-0,4035521,30189663,30189688,25
channel-199,132423,30189674,30189685,11
channel-750,680499,30189679,30189691,12
channel-85077,58731,30189682,30189712,30
channel-85077,58732,30189692,30189712,20
channel-326,537226,30189702,30189724,22
channel-208,1489018,30189711,30189723,12
channel-320,119094,30189713,30189738,25
channel-320,119095,30189716,30189726,10
channel-750,680500,30189725,30189730,5
channel-320,119096,30189736,30189746,10
channel-320,119097,30189739,30189771,32
channel-750,680501,30189740,30189761,21
channel-1,407977,30189752,30189777,25
channel-326,537227,30189769,30189778,9
channel-340,3120,30189773,30189781,8
channel-85077,58733,30189774,30189799,25
channel-19774,345626,30189799,30189810,11
channel-0,4035522,30189801,30189830,29
channel-85077,58734,30189814,30189830,16
channel-1,407978,30189835,30189873,38
channel-412,64364,30189835,30189845,10
channel-750,680502,30189838,30189853,15
channel-85077,58735,30189840,30189861,21
channel-750,680503,30189849,30189859,10
channel-85077,58736,30189853,30189861,8
channel-6994,1322340,30189880,30189891,11
channel-750,680504,30189886,30189901,15
channel-6994,1322341,30189888,30189900,12
channel-85077,58737,30189895,30189925,30
channel-75,844418,30189916,30189923,7
channel-340,3121,30189919,30189930,11
channel-6994,1322342,30189926,30189936,10
channel-38946,123936,30189937,30189964,27
channel-5,184153,30189968,30189977,9
channel-91017,2666,30189978,30189987,9
channel-0,4035523,30189986,30189996,10
channel-208,1489019,30190000,30190017,17
channel-122,667379,30190003,30190006,3
channel-85077,58738,30190014,30190026,12
channel-750,680505,30190016,30190030,14
channel-0,4035524,30190020,30190026,6
channel-750,680506,30190040,30190057,17
channel-0,4035525,30190050,30190061,11
channel-6994,1322343,30190050,30190064,14
channel-85077,58739,30190063,30190078,15
channel-0,4035526,30190065,30190073,8
channel-85077,58740,30190071,30190078,7
channel-6787,166548,30190084,30190088,4
channel-6994,1322344,30190107,30190114,7
channel-0,4035527,30190111,30190123,12
channel-0,4035528,30190140,30190152,12
channel-1429,140615,30190140,30190152,12
channel-320,119098,30190143,30190168,25
channel-208,1489020,30190144,30190156,12
channel-85077,58741,30190146,30190156,10
channel-750,680507,30190146,30190161,15
channel-208,1489021,30190147,30190156,9
channel-750,680508,30190150,30190153,3
channel-750,680509,30190152,30190168,16
channel-320,119099,30190173,30190183,10
channel-320,119100,30190184,30190197,13
channel-750,680510,30190185,30190195,10
channel-320,119101,30190190,30190211,21
channel-6994,1322345,30190212,30190232,20
channel-122,667380,30190214,30190217,3
channel-320,119102,30190219,30190230,11
channel-320,119103,30190233,30190242,9
channel-208,1489022,30190236,30190244,8
channel-340,3122,30190238,30190244,6
channel-42,1489751,30190239,30190246,7
channel-320,119104,30190240,30190312,72
channel-750,680511,30190244,30190249,5
channel-85077,58742,30190244,30190257,13
channel-89298,18522,30190246,30190255,9
channel-75755,5516,30190247,30190261,14
channel-750,680512,30190254,30190259,5
channel-208,1489023,30190259,30190270,11
channel-750,680513,30190266,30190280,14
channel-208,1489024,30190266,30190279,13
channel-122,667381,30190268,30190272,4
channel-85077,58743,30190271,30190289,18
channel-85077,58744,30190292,30190322,30
channel-85077,58745,30190296,30190322,26
channel-208,1489025,30190296,30190305,9
channel-874,292212,30190299,30190305,6
channel-85077,58746,30190299,30190322,23
channel-122,667382,30190301,30190304,3
channel-91017,2667,30190308,30190317,9
channel-326,537228,30190327,30190354,27
channel-199,132424,30190333,30190348,15
channel-199,132425,30190335,30190348,13
channel-750,680514,30190339,30190344,5
channel-208,1489026,30190351,30190364,13
channel-199,132426,30190356,30190371,15
channel-208,1489027,30190378,30190389,11
channel-122,667383,30190384,30190387,3
channel-85077,58747,30190395,30190425,30
channel-750,680515,30190398,30190402,4
channel-208,1489028,30190401,30190412,11
channel-85077,58748,30190402,30190425,23
channel-1575,15154,30190434,30190443,9
channel-91017,2668,30190438,30190446,8
channel-89321,19275,30190449,30190459,10
channel-85077,58749,30190452,30190478,26
channel-91017,2669,30190460,30190469,9
channel-1575,15155,30190461,30190469,8
channel-85077,58750,30190479,30190511,32
channel-89321,19276,30190483,30190490,7
channel-72,516360,30190483,30190527,44
channel-144,86663,30190492,30190501,9
channel-122,667384,30190492,30190496,4
channel-76971,12195,30190492,30190514,22
channel-85077,58751,30190500,30190511,11
channel-340,3123,30190500,30190505,5
channel-0,4035529,30190500,30190512,12
channel-320,119105,30190509,30190517,8
channel-91017,2670,30190524,30190530,6
