channel_id,sequence,send_height,ack_height,block_delay
channel-326,536835,30131002,30131009,7
channel-6994,1321644,30131007,30131023,16
channel-750,679240,30131011,30131034,23
channel-0,4034099,30131013,30131022,9
channel-750,679241,30131035,30131046,11
channel-122,667094,30131036,30131039,3
channel-0,4034100,30131046,30131055,9
channel-76971,12178,30131047,30131058,11
channel-6994,1321645,30131047,30131059,12
channel-122,667095,30131048,30131052,4
channel-75,843916,30131055,30131066,11
channel-0,4034101,30131066,30131100,34
channel-85077,58033,30131066,30131088,22
channel-0,4034102,30131073,30131085,12
channel-75,843917,30131076,30131084,8
channel-1279,67078,30131076,30131088,12
channel-85077,58034,30131076,30131088,12
channel-750,679242,30131077,30131103,26
channel-122,667096,30131087,30131100,13
channel-874,292043,30131088,30131095,7
channel-0,4034103,30131089,30131100,11
channel-251,85061,30131090,30131100,10
channel-75,843918,30131097,30131104,7
channel-0,4034104,30131097,30131105,8
channel-1,407783,30131098,30131125,27
channel-75,843919,30131098,30131104,6
channel-0,4034105,30131099,30131105,6
channel-42,1489669,30131100,30131109,9
channel-750,679243,30131102,30131134,32
channel-326,536836,30131103,30131261,158
channel-326,536837,30131103,30131261,158
channel-326,536838,30131103,30131261,158
channel-326,536839,30131103,30131261,158
channel-326,536840,30131103,30131261,158
channel-208,1488571,30131103,30131111,8
channel-75,843920,30131108,30131119,11
channel-85077,58035,30131115,30131141,26
channel-42,1489670,30131119,30131136,17
channel-92956,185,30131123,30131132,9
channel-122,667097,30131123,30131126,3
channel-199,132242,30131124,30131137,13
channel-75,843921,30131128,30131137,9
channel-0,4034106,30131135,30131145,10
channel-0,4034107,30131138,30131145,7
channel-750,679244,30131142,30131162,20
channel-0,4034108,30131142,30131149,7
channel-75,843922,30131145,30131155,10
channel-326,536841,30131146,30131154,8
channel-0,4034109,30131153,30131163,10
channel-2,130505,30131157,30131165,8
channel-0,4034110,30131166,30131177,11
channel-0,4034111,30131169,30131181,12
channel-6994,1321646,30131171,30131184,13
channel-1429,140581,30131186,30131198,12
channel-0,4034112,30131189,30131199,10
channel-6994,1321647,30131190,30131200,10
channel-89298,18442,30131196,30131204,8
channel-75,843923,30131196,30131204,8
channel-6994,1321648,30131197,30131210,13
channel-750,679245,30131199,30131219,20
channel-320,119025,30131210,30131223,13
channel-42,1489671,30131211,30131219,8
channel-73755,5804,30131212,30131220,8
channel-6994,1321649,30131221,30131237,16
channel-75,843924,30131224,30131231,7
channel-75,843925,30131227,30131234,7
channel-208,1488572,30131228,30131241,13
channel-6994,1321650,30131232,30131258,26
channel-122,667098,30131233,30131236,3
channel-165,71333,30131238,30131936,698
channel-75,843926,30131243,30131251,8
channel-122,667099,30131244,30131247,3
channel-42,1489672,30131244,30131255,11
channel-750,679246,30131253,30131258,5
channel-208,1488573,30131254,30131262,8
channel-88,466901,30131255,30131273,18
channel-750,679247,30131259,30131264,5
channel-6994,1321651,30131262,30131277,15
channel-75,843927,30131263,30131272,9
channel-75,843928,30131268,30131276,8
channel-0,4034113,30131270,30131282,12
channel-75,843929,30131275,30131282,7
channel-6994,1321652,30131276,30131287,11
channel-412,64328,30131278,30131292,14
channel-6994,1321653,30131280,30131310,30
channel-0,4034114,30131285,30131296,11
channel-6994,1321654,30131286,30131315,29
channel-75,843930,30131291,30131299,8
channel-750,679248,30131296,30131303,7
channel-42,1489673,30131298,30131308,10
channel-6994,1321655,30131299,30131341,42
channel-6994,1321656,30131300,30131315,15
channel-750,679249,30131302,30131311,9
channel-19774,345466,30131310,30131320,10
channel-75,843931,30131311,30131323,12
channel-122,667100,30131312,30131316,4
channel-412,64329,30131315,30131331,16
channel-39535,10282,30131315,30131522,207
channel-75,843932,30131317,30131328,11
channel-6994,1321657,30131320,30131331,11
channel-0,4034115,30131321,30131329,8
channel-122,667101,30131322,30131326,4
channel-19774,345467,30131323,30131335,12
channel-0,4034116,30131325,30131346,21
channel-6787,166490,30131335,30131339,4
channel-0,4034117,30131344,30131371,27
channel-75,843933,30131346,30131352,6
channel-6994,1321658,30131347,30131393,46
channel-0,4034118,30131348,30131360,12
channel-122,667102,30131350,30131354,4
channel-0,4034119,30131364,30131374,10
channel-750,679250,30131366,30131383,17
channel-75,843934,30131376,30131382,6
channel-85077,58036,30131377,30131385,8
channel-0,4034120,30131380,30131389,9
channel-75,843935,30131394,30131401,7
channel-326,536842,30131404,30131412,8
channel-476,11792,30131405,30131418,13
channel-122,667103,30131407,30131412,5
channel-216,93917,30131410,30131413,3
channel-6994,1321659,30131416,30131426,10
channel-75,843936,30131419,30131428,9
channel-88,466902,30131426,30131438,12
channel-0,4034121,30131429,30131439,10
channel-0,4034122,30131430,30131439,9
channel-75,843937,30131434,30131441,7
channel-259,314040,30131444,30131449,5
channel-0,4034123,30131447,30131460,13
channel-75,843938,30131449,30131458,9
channel-6994,1321660,30131451,30131465,14
channel-0,4034124,30131454,30131488,34
channel-326,536843,30131458,30131472,14
channel-122,667104,30131462,30131466,4
channel-75,843939,30131463,30131471,8
channel-75,843940,30131463,30131471,8
channel-0,4034125,30131466,30131474,8
channel-75,843941,30131483,30131489,6
channel-208,1488574,30131483,30131492,9
channel-1,407784,30131487,30131510,23
channel-0,4034126,30131495,30131508,13
channel-122,667105,30131499,30131503,4
channel-0,4034127,30131502,30131514,12
channel-750,679251,30131504,30131510,6
channel-0,4034128,30131513,30131523,10
channel-208,1488575,30131516,30131527,11
channel-75,843942,30131517,30131525,8
channel-21113,25231,30131520,30131528,8
channel-6994,1321661,30131520,30131530,10
channel-0,4034129,30131521,30131534,13
channel-6994,1321662,30131534,30131544,10
channel-0,4034130,30131534,30131546,12
channel-122,667106,30131538,30131541,3
channel-0,4034131,30131540,30131549,9
channel-750,679252,30131543,30131547,4
channel-6994,1321663,30131550,30131611,61
channel-6994,1321664,30131554,30131568,14
channel-47,198621,30131561,30131572,11
channel-0,4034132,30131561,30131587,26
channel-0,4034133,30131562,30131572,10
channel-91017,2593,30131562,30131570,8
channel-750,679253,30131565,30131571,6
channel-6994,1321665,30131584,30131601,17
channel-0,4034134,30131586,30131593,7
channel-184,137302,30131587,30131603,16
channel-42,1489674,30131588,30131596,8
channel-199,132243,30131590,30131598,8
channel-0,4034135,30131601,30131613,12
channel-75,843943,30131605,30131613,8
channel-6994,1321666,30131605,30131617,12
channel-75,843944,30131605,30131613,8
channel-0,4034136,30131618,30131628,10
channel-0,4034137,30131628,30131650,22
channel-75,843945,30131628,30131636,8
channel-0,4034138,30131629,30131650,21
channel-75,843946,30131633,30131641,8
channel-1,407785,30131644,30131671,27
channel-75,843947,30131654,30131659,5
channel-75,843948,30131656,30131660,4
channel-208,1488576,30131658,30131669,11
channel-208,1488577,30131659,30131669,10
channel-208,1488578,30131659,30131669,10
channel-75,843949,30131660,30131668,8
channel-750,679254,30131663,30131668,5
channel-2188,43282,30131667,30131673,6
channel-75,843950,30131671,30131680,9
channel-0,4034139,30131691,30131702,11
channel-75,843951,30131700,30131708,8
channel-0,4034140,30131705,30131718,13
channel-0,4034141,30131706,30131718,12
channel-750,679255,30131708,30131718,10
channel-42,1489675,30131719,30131727,8
channel-85077,58037,30131721,30131749,28
channel-85077,58038,30131725,30131749,24
channel-492,20098,30131727,30131737,10
channel-0,4034142,30131739,30131763,24
channel-0,4034143,30131744,30131752,8
channel-75,843952,30131746,30131758,12
channel-750,679256,30131752,30131756,4
channel-750,679257,30131752,30131766,14
channel-229,54923,30131754,30131767,13
channel-0,4034144,30131763,30131775,12
channel-199,132244,30131763,30131774,11
channel-21113,25232,30131763,30131770,7
channel-750,679258,30131764,30131772,8
channel-75,843953,30131764,30131772,8
channel-0,4034145,30131767,30131780,13
channel-750,679259,30131768,30131779,11
channel-199,132245,30131769,30131779,10
channel-21113,25233,30131773,30131781,8
channel-0,4034146,30131778,30131803,25
channel-0,4034147,30131783,30131794,11
channel-19774,345468,30131787,30131796,9
channel-6994,1321667,30131790,30131802,12
channel-0,4034148,30131799,30131809,10
channel-122,667107,30131805,30131809,4
channel-85077,58039,30131808,30131826,18
channel-750,679260,30131810,30131821,11
channel-75,843954,30131814,30131821,7
channel-750,679261,30131825,30131830,5
channel-42,1489676,30131825,30131832,7
channel-2188,43283,30131834,30131838,4
channel-6994,1321668,30131842,30131854,12
channel-75,843955,30131848,30131855,7
channel-6994,1321669,30131855,30131868,13
channel-75,843956,30131857,30131865,8
channel-0,4034149,30131857,30131867,10
channel-0,4034150,30131864,30131869,5
channel-6994,1321670,30131872,30131883,11
channel-38946,123807,30131876,30131890,14
channel-75,843957,30131879,30131886,7
channel-0,4034151,30131880,30131892,12
channel-6787,166491,30131885,30131889,4
channel-6994,1321671,30131903,30131914,11
channel-0,4034152,30131904,30131914,10
channel-208,1488579,30131904,30131914,10
channel-6994,1321672,30131906,30131914,8
channel-85077,58040,30131909,30131927,18
channel-750,679262,30131917,30131921,4
channel-6994,1321673,30131925,30131938,13
channel-0,4034153,30131938,30131950,12
channel-208,1488580,30131942,30131955,13
channel-42,1489677,30131946,30131960,14
channel-0,4034154,30131948,30131961,13
channel-642,126442,30131957,30132671,714
channel-208,1488581,30131958,30131967,9
channel-216,93918,30131967,30131970,3
channel-75,843958,30131968,30131975,7
channel-91017,2594,30131976,30131985,9
channel-113,301212,30131996,30132005,9
channel-340,3092,30131997,30132071,74
channel-6994,1321674,30132000,30132014,14
channel-750,679263,30132001,30132015,14
channel-88,466903,30132004,30132024,20
channel-75,843959,30132014,30132021,7
channel-85077,58041,30132016,30132032,16
channel-0,4034155,30132040,30132052,12
channel-750,679264,30132053,30132068,15
channel-19774,345469,30132067,30132082,15
channel-750,679265,30132070,30132086,16
channel-42,1489678,30132083,30132107,24
channel-750,679266,30132086,30132099,13
channel-88,466904,30132101,30132115,14
channel-0,4034156,30132101,30132113,12
channel-340,3093,30132103,30132113,10
channel-75,843960,30132111,30132118,7
channel-85077,58042,30132116,30132134,18
channel-88,466905,30132124,30132154,30
channel-6994,1321675,30132131,30132141,10
channel-20082,9840,30132137,30132145,8
channel-0,4034157,30132141,30132150,9
channel-42,1489679,30132155,30132163,8
channel-0,4034158,30132158,30132168,10
channel-6994,1321676,30132163,30132176,13
channel-75,843961,30132168,30132176,8
channel-85077,58043,30132182,30132210,28
channel-642,126443,30132198,30132250,52
channel-75,843962,30132198,30132206,8
channel-2186,40728,30132206,30132220,14
channel-0,4034159,30132206,30132217,11
channel-6994,1321677,30132216,30132230,14
channel-0,4034160,30132219,30132232,13
channel-208,1488582,30132230,30132239,9
channel-750,679267,30132230,30132250,20
channel-0,4034161,30132234,30132246,12
channel-42,1489680,30132234,30132247,13
channel-0,4034162,30132239,30132250,11
channel-251,85062,30132240,30132250,10
channel-75,843963,30132256,30132263,7
channel-94814,3638,30132256,30132263,7
channel-89321,19211,30132268,30132276,8
channel-88,466906,30132273,30132293,20
channel-75,843964,30132278,30132286,8
channel-91017,2595,30132282,30132291,9
channel-0,4034163,30132283,30132296,13
channel-75,843965,30132299,30132305,6
channel-0,4034164,30132299,30132314,15
channel-0,4034165,30132300,30132314,14
channel-412,64330,30132313,30132323,10
channel-19774,345470,30132314,30132322,8
channel-0,4034166,30132315,30132324,9
channel-6994,1321678,30132322,30132333,11
channel-75,843966,30132330,30132336,6
channel-42,1489681,30132331,30132339,8
channel-75,843967,30132332,30132339,7
channel-750,679268,30132340,30132357,17
channel-208,1488583,30132357,30132366,9
channel-122,667108,30132364,30132368,4
channel-259,314041,30132365,30132372,7
channel-5413,813,30132372,30132382,10
channel-6994,1321679,30132372,30132382,10
channel-19774,345471,30132373,30132384,11
channel-750,679269,30132374,30132386,12
channel-75,843968,30132375,30132382,7
channel-75,843969,30132379,30132385,6
channel-0,4034167,30132379,30132389,10
channel-750,679270,30132382,30132385,3
channel-75,843970,30132391,30132398,7
channel-251,85063,30132391,30132399,8
channel-0,4034168,30132392,30132406,14
channel-122,667109,30132396,30132401,5
channel-72,516314,30132406,30132439,33
channel-750,679271,30132407,30132417,10
channel-75,843971,30132417,30132424,7
channel-208,1488584,30132417,30132429,12
channel-326,536844,30132420,30132424,4
channel-750,679272,30132421,30132435,14
channel-6994,1321680,30132421,30132451,30
channel-0,4034169,30132423,30132435,12
channel-75,843972,30132427,30132436,9
channel-122,667110,30132439,30132443,4
channel-0,4034170,30132439,30132446,7
channel-75,843973,30132442,30132446,4
channel-326,536845,30132446,30132451,5
channel-0,4034171,30132448,30132457,9
channel-0,4034172,30132455,30132468,13
channel-6994,1321681,30132461,30132473,12
channel-20082,9841,30132462,30132470,8
channel-5,184084,30132468,30132477,9
channel-0,4034173,30132469,30132481,12
channel-6994,1321682,30132487,30132500,13
channel-85077,58044,30132489,30132501,12
channel-0,4034174,30132493,30132518,25
channel-75,843974,30132494,30132500,6
channel-326,536846,30132500,30132506,6
channel-208,1488585,30132505,30132514,9
channel-208,1488586,30132507,30132519,12
channel-0,4034175,30132508,30132518,10
channel-688,33490,30132518,30132525,7
channel-0,4034176,30132519,30132525,6
channel-6994,1321683,30132520,30132573,53
channel-88,466907,30132521,30132531,10
channel-0,4034177,30132524,30132533,9
channel-0,4034178,30132524,30132533,9
channel-0,4034179,30132530,30132545,15
channel-6994,1321684,30132530,30132543,13
channel-88,466908,30132531,30132549,18
channel-122,667111,30132537,30132540,3
channel-0,4034180,30132540,30132551,11
channel-0,4034181,30132541,30132551,10
channel-122,667112,30132544,30132547,3
channel-6994,1321685,30132545,30132557,12
channel-85077,58045,30132548,30132576,28
channel-0,4034182,30132572,30132579,7
channel-750,679273,30132573,30132578,5
channel-208,1488587,30132577,30132586,9
channel-6994,1321686,30132577,30132593,16
channel-6994,1321687,30132581,30132628,47
channel-122,667113,30132582,30132585,3
channel-122,667114,30132585,30132589,4
channel-0,4034183,30132599,30132609,10
channel-75,843975,30132600,30132606,6
channel-0,4034184,30132603,30132614,11
channel-0,4034185,30132604,30132614,10
channel-75,843976,30132609,30132615,6
channel-0,4034186,30132609,30132619,10
channel-259,314042,30132609,30132614,5
channel-75,843977,30132617,30132625,8
channel-0,4034187,30132618,30132629,11
channel-2494,31776,30132623,30132638,15
channel-0,4034188,30132625,30132635,10
channel-412,64331,30132648,30132659,11
channel-75,843978,30132649,30132656,7
channel-79703,4370,30132655,30132667,12
channel-0,4034189,30132658,30132666,8
channel-0,4034190,30132660,30132668,8
channel-2494,31777,30132661,30132675,14
channel-0,4034191,30132666,30132678,12
channel-767,14317,30132675,30132688,13
channel-0,4034192,30132679,30132690,11
channel-75,843979,30132685,30132691,6
channel-0,4034193,30132690,30132700,10
channel-767,14318,30132697,30132708,11
channel-0,4034194,30132702,30132714,12
channel-0,4034195,30132708,30132718,10
channel-0,4034196,30132721,30132749,28
channel-75,843980,30132722,30132730,8
channel-326,536847,30132738,30132757,19
channel-75,843981,30132753,30132761,8
channel-6994,1321688,30132758,30132771,13
channel-0,4034197,30132762,30132770,8
channel-0,4034198,30132766,30132776,10
channel-208,1488588,30132766,30132777,11
channel-19774,345472,30132771,30132783,12
channel-19774,345473,30132776,30132786,10
channel-0,4034199,30132779,30132788,9
channel-208,1488589,30132785,30132798,13
channel-75,843982,30132794,30132799,5
channel-259,314043,30132799,30132805,6
channel-6994,1321689,30132799,30132815,16
channel-0,4034200,30132800,30132810,10
channel-0,4034201,30132805,30132814,9
channel-75,843983,30132808,30132814,6
channel-0,4034202,30132811,30132823,12
channel-122,667115,30132813,30132816,3
channel-122,667116,30132815,30132819,4
channel-0,4034203,30132830,30132838,8
channel-75,843984,30132834,30133050,216
channel-75,843985,30132834,30133050,216
channel-0,4034204,30132838,30132846,8
channel-85077,58046,30132846,30132863,17
channel-251,85064,30132847,30132856,9
channel-0,4034205,30132853,30132864,11
channel-122,667117,30132871,30132874,3
channel-0,4034206,30132873,30132903,30
channel-75,843986,30132874,30132884,10
channel-122,667118,30132896,30132900,4
channel-75,843987,30132900,30132907,7
channel-208,1488590,30132901,30132913,12
channel-0,4034207,30132902,30132912,10
channel-75,843988,30132903,30132910,7
channel-0,4034208,30132903,30132912,9
channel-750,679274,30132907,30132917,10
channel-874,292044,30132910,30132916,6
channel-0,4034209,30132911,30132922,11
channel-0,4034210,30132915,30132929,14
channel-0,4034211,30132916,30132929,13
channel-0,4034212,30132925,30132936,11
channel-750,679275,30132929,30132934,5
channel-326,536848,30132930,30132935,5
channel-1575,15140,30132936,30132946,10
channel-75,843989,30132940,30132947,7
channel-0,4034213,30132942,30132954,12
channel-88,466909,30132975,30132998,23
channel-88,466910,30132977,30132998,21
channel-0,4034214,30132985,30132994,9
channel-6994,1321690,30132985,30132996,11
channel-0,4034215,30132998,30133011,13
channel-874,292045,30133007,30133012,5
channel-750,679276,30133012,30133025,13
channel-75,843990,30133020,30133029,9
channel-0,4034216,30133025,30133037,12
channel-122,667119,30133027,30133030,3
channel-750,679277,30133047,30133056,9
channel-122,667120,30133052,30133055,3
channel-6787,166492,30133054,30133058,4
channel-0,4034217,30133055,30133065,10
channel-6994,1321691,30133059,30133072,13
channel-750,679278,30133063,30133069,6
channel-122,667121,30133069,30133073,4
channel-0,4034218,30133070,30133079,9
channel-208,1488591,30133071,30133085,14
channel-750,679279,30133071,30133083,12
channel-21113,25234,30133076,30133084,8
channel-1,407786,30133079,30133098,19
channel-75,843991,30133082,30133091,9
channel-75,843992,30133083,30133091,8
channel-750,679280,30133092,30133109,17
channel-122,667122,30133094,30133098,4
channel-208,1488592,30133097,30133110,13
channel-122,667123,30133106,30133109,3
channel-750,679281,30133106,30133114,8
channel-326,536849,30133113,30133128,15
channel-767,14319,30133122,30133131,9
channel-75,843993,30133123,30133128,5
channel-122,667124,30133124,30133128,4
channel-75,843994,30133127,30133136,9
channel-0,4034219,30133128,30133153,25
channel-0,4034220,30133132,30133143,11
channel-75,843995,30133143,30133150,7
channel-0,4034221,30133149,30133160,11
channel-75,843996,30133154,30133161,7
channel-0,4034222,30133160,30133188,28
channel-781,11374,30133160,30133165,5
channel-326,536850,30133161,30133186,25
channel-0,4034223,30133176,30133188,12
channel-88,466911,30133195,30133216,21
channel-75,843997,30133197,30133203,6
channel-6994,1321692,30133201,30133217,16
channel-208,1488593,30133206,30133221,15
channel-0,4034224,30133209,30133218,9
channel-0,4034225,30133209,30133218,9
channel-0,4034226,30133211,30133223,12
channel-19774,345474,30133212,30133225,13
channel-326,536851,30133213,30133228,15
channel-0,4034227,30133214,30133223,9
channel-85077,58047,30133217,30133246,29
channel-0,4034228,30133222,30133233,11
channel-75,843998,30133229,30133236,7
channel-0,4034229,30133229,30133242,13
channel-0,4034230,30133240,30133252,12
channel-188,190485,30133242,30133328,86
channel-6994,1321693,30133246,30133254,8
channel-750,679282,30133251,30133260,9
channel-75,843999,30133254,30133262,8
channel-0,4034231,30133255,30133266,11
channel-188,190486,30133261,30133328,67
channel-208,1488594,30133262,30133273,11
channel-6994,1321694,30133264,30133274,10
channel-326,536852,30133268,30133279,11
channel-208,1488595,30133271,30133280,9
channel-2,130506,30133283,30133296,13
channel-85077,58048,30133286,30133301,15
channel-750,679283,30133290,30133299,9
channel-0,4034232,30133296,30133303,7
channel-750,679284,30133304,30133312,8
channel-216,93919,30133312,30133318,6
channel-75,844000,30133312,30133318,6
channel-0,4034233,30133312,30133320,8
channel-85077,58049,30133325,30133358,33
channel-199,132246,30133338,30133346,8
channel-750,679285,30133339,30133345,6
channel-750,679286,30133342,30133346,4
channel-75,844001,30133352,30133360,8
channel-208,1488596,30133359,30133380,21
channel-6994,1321695,30133365,30133374,9
channel-89298,18443,30133370,30133377,7
channel-91017,2596,30133370,30133378,8
channel-750,679287,30133371,30133376,5
channel-208,1488597,30133372,30133383,11
channel-19774,345475,30133373,30133382,9
channel-0,4034234,30133373,30133383,10
channel-199,132247,30133374,30133382,8
channel-19774,345476,30133375,30133387,12
channel-6994,1321696,30133383,30133393,10
channel-199,132248,30133384,30133395,11
channel-0,4034235,30133388,30133397,9
channel-750,679288,30133393,30133401,8
channel-75,844002,30133393,30133401,8
channel-122,667125,30133397,30133400,3
channel-208,1488598,30133400,30133408,8
channel-208,1488599,30133401,30133412,11
channel-0,4034236,30133404,30133413,9
channel-19774,345477,30133409,30133419,10
channel-750,679289,30133409,30133422,13
channel-0,4034237,30133409,30133418,9
channel-19774,345478,30133412,30133419,7
channel-85077,58050,30133419,30133431,12
channel-122,667126,30133424,30133428,4
channel-326,536853,30133436,30133442,6
channel-750,679290,30133438,30133445,7
channel-229,54924,30133442,30133453,11
channel-0,4034238,30133442,30133448,6
channel-0,4034239,30133448,30133458,10
channel-6994,1321697,30133450,30133461,11
channel-0,4034240,30133457,30133467,10
channel-6994,1321698,30133460,30133470,10
channel-0,4034241,30133460,30133483,23
channel-122,667127,30133462,30133465,3
channel-0,4034242,30133464,30133472,8
channel-6994,1321699,30133467,30133479,12
channel-326,536854,30133469,30133475,6
channel-0,4034243,30133477,30133488,11
channel-122,667128,30133479,30133483,4
channel-750,679291,30133504,30133514,10
channel-19774,345479,30133509,30133517,8
channel-85077,58051,30133509,30133531,22
channel-0,4034244,30133514,30133523,9
channel-0,4034245,30133521,30133533,12
channel-2494,31778,30133522,30133531,9
channel-122,667129,30133536,30133540,4
channel-0,4034246,30133537,30133549,12
channel-0,4034247,30133538,30133549,11
channel-122,667130,30133542,30133546,4
channel-6994,1321700,30133544,30133554,10
channel-0,4034248,30133555,30133578,23
channel-750,679292,30133560,30133568,8
channel-122,667131,30133562,30133565,3
channel-6994,1321701,30133573,30133601,28
channel-874,292046,30133574,30133582,8
channel-75,844003,30133586,30133593,7
channel-326,536855,30133597,30133604,7
channel-326,536856,30133597,30133604,7
channel-326,536857,30133597,30133604,7
channel-326,536858,30133597,30133604,7
channel-326,536859,30133597,30133604,7
channel-326,536860,30133597,30133604,7
channel-326,536861,30133597,30133604,7
channel-0,4034249,30133607,30133619,12
channel-750,679293,30133619,30133627,8
channel-0,4034250,30133620,30133629,9
channel-19774,345480,30133625,30133634,9
channel-750,679294,30133626,30133635,9
channel-6994,1321702,30133631,30133645,14
channel-208,1488600,30133647,30133660,13
channel-750,679295,30133647,30133665,18
channel-750,679296,30133647,30133665,18
channel-75,844004,30133653,30133661,8
channel-75,844005,30133660,30133666,6
channel-0,4034251,30133661,30133671,10
channel-6994,1321703,30133662,30133675,13
channel-6994,1321704,30133663,30133689,26
channel-75,844006,30133675,30133683,8
channel-75,844007,30133679,30133686,7
channel-0,4034252,30133680,30133705,25
channel-42,1489682,30133680,30133691,11
channel-0,4034253,30133686,30133697,11
channel-0,4034254,30133689,30133702,13
channel-208,1488601,30133694,30133704,10
channel-874,292047,30133697,30133718,21
channel-216,93920,30133709,30133713,4
channel-0,4034255,30133710,30133719,9
channel-42,1489683,30133711,30133810,99
channel-122,667132,30133712,30133716,4
channel-199,132249,30133728,30133739,11
channel-0,4034256,30133741,30133751,10
channel-6994,1321705,30133744,30133758,14
channel-199,132250,30133750,30133760,10
channel-0,4034257,30133755,30133766,11
channel-750,679297,30133762,30133772,10
channel-6994,1321706,30133782,30133796,14
channel-6994,1321707,30133786,30133814,28
channel-0,4034258,30133788,30133797,9
channel-0,4034259,30133791,30133800,9
channel-72,516315,30133796,30133830,34
channel-208,1488602,30133798,30133806,8
channel-6787,166493,30133807,30133812,5
channel-75,844008,30133818,30133826,8
channel-199,132251,30133819,30133827,8
channel-0,4034260,30133820,30133829,9
channel-0,4034261,30133820,30133829,9
channel-199,132252,30133822,30133830,8
channel-326,536862,30133830,30133839,9
channel-0,4034262,30133833,30133844,11
channel-2494,31779,30133840,30133849,9
channel-6994,1321708,30133845,30133857,12
channel-326,536863,30133849,30133855,6
channel-0,4034263,30133855,30133870,15
channel-1279,67080,30133874,30133890,16
channel-253,1433,30133893,30133926,33
channel-199,132253,30133902,30133910,8
channel-326,536864,30133905,30133928,23
channel-6787,166494,30133909,30133913,4
channel-0,4034264,30133910,30133921,11
channel-76971,12179,30133911,30133960,49
channel-0,4034265,30133915,30133925,10
channel-0,4034266,30133920,30133928,8
channel-0,4034267,30133932,30133944,12
channel-76971,12180,30133934,30133972,38
channel-6994,1321709,30133939,30133983,44
channel-0,4034268,30133944,30133972,28
channel-76971,12181,30133945,30133990,45
channel-0,4034269,30133945,30133957,12
channel-6994,1321710,30133949,30133962,13
channel-6994,1321711,30133976,30133988,12
channel-6994,1321712,30133980,30133992,12
channel-750,679298,30133986,30133993,7
channel-750,679299,30133990,30133996,6
channel-0,4034270,30133995,30134019,24
channel-75,844009,30133996,30134003,7
channel-75,844010,30133996,30134003,7
channel-91017,2597,30134001,30134011,10
channel-6994,1321713,30134002,30134016,14
channel-0,4034271,30134018,30134026,8
channel-113,301213,30134019,30134033,14
channel-6994,1321714,30134022,30134034,12
channel-122,667133,30134024,30134027,3
channel-208,1488603,30134029,30134039,10
channel-75,844011,30134041,30134046,5
channel-6994,1321715,30134044,30134051,7
channel-6994,1321716,30134058,30134071,13
channel-75,844012,30134083,30134093,10
channel-6994,1321717,30134085,30134096,11
channel-326,536865,30134095,30134103,8
channel-113,301214,30134098,30134107,9
channel-6994,1321718,30134112,30134124,12
channel-0,4034272,30134129,30134140,11
channel-6994,1321719,30134131,30134143,12
channel-340,3094,30134138,30134147,9
channel-874,292048,30134152,30134158,6
channel-216,93921,30134155,30134159,4
channel-0,4034273,30134161,30134168,7
channel-6994,1321720,30134163,30134174,11
channel-6994,1321721,30134164,30134174,10
channel-6994,1321722,30134164,30134174,10
channel-75,844013,30134164,30134171,7
channel-75,844014,30134165,30134172,7
channel-362,86666,30134167,30134177,10
channel-165,71334,30134168,30134325,157
channel-75,844015,30134177,30134184,7
channel-326,536866,30134183,30134192,9
channel-326,536867,30134183,30134192,9
channel-326,536868,30134183,30134192,9
channel-326,536869,30134183,30134192,9
channel-326,536870,30134183,30134192,9
channel-326,536871,30134183,30134192,9
channel-326,536872,30134183,30134192,9
channel-326,536873,30134183,30134192,9
channel-91017,2598,30134197,30134206,9
channel-6994,1321723,30134198,30134211,13
channel-6994,1321724,30134220,30134232,12
channel-75,844016,30134232,30134239,7
channel-75,844017,30134232,30134239,7
channel-326,536874,30134254,30134258,4
channel-0,4034274,30134266,30134278,12
channel-75,844018,30134274,30134282,8
channel-326,536875,30134282,30134309,27
channel-6994,1321725,30134287,30134313,26
channel-750,679300,30134301,30134315,14
channel-75,844019,30134318,30134325,7
channel-6994,1321726,30134323,30134350,27
channel-75,844020,30134324,30134331,7
channel-750,679301,30134330,30134342,12
channel-75,844021,30134335,30134340,5
channel-0,4034275,30134336,30134344,8
channel-91017,2599,30134344,30134354,10
channel-0,4034276,30134350,30134362,12
channel-6994,1321727,30134357,30134370,13
channel-0,4034277,30134367,30134379,12
channel-0,4034278,30134373,30134383,10
channel-6994,1321728,30134380,30134395,15
channel-6994,1321729,30134398,30134412,14
channel-75,844022,30134410,30134416,6
channel-38946,123808,30134412,30134665,253
channel-122,667134,30134412,30134416,4
channel-6994,1321730,30134413,30134429,16
channel-0,4034279,30134426,30134433,7
channel-1,407787,30134428,30134485,57
channel-75,844023,30134442,30134448,6
channel-75,844024,30134458,30134465,7
channel-75,844025,30134461,30134468,7
channel-85186,847,30134464,30134473,9
channel-412,64332,30134464,30134474,10
channel-750,679302,30134477,30134487,10
channel-326,536876,30134483,30134494,11
channel-122,667135,30134508,30134512,4
channel-0,4034280,30134513,30134541,28
channel-75,844026,30134518,30134524,6
channel-75,844027,30134520,30134530,10
channel-208,1488604,30134533,30134544,11
channel-75,844028,30134536,30134543,7
channel-75,844029,30134539,30134546,7
channel-165,71337,30134547,30134584,37
channel-85077,58052,30134553,30134580,27
channel-6994,1321731,30134561,30134590,29
channel-38946,123809,30134561,30134572,11
channel-0,4034281,30134568,30134580,12
channel-19774,345481,30134571,30134583,12
channel-165,71338,30134587,30134627,40
channel-750,679303,30134591,30134594,3
channel-750,679304,30134636,30134650,14
channel-326,536877,30134637,30134642,5
channel-75,844030,30134641,30134647,6
channel-88,466912,30134645,30134676,31
channel-6994,1321732,30134647,30134655,8
channel-750,679305,30134648,30134652,4
channel-6994,1321733,30134651,30134660,9
channel-216,93922,30134657,30134661,4
channel-0,4034282,30134658,30134667,9
channel-492,20099,30134664,30134674,10
channel-6994,1321734,30134666,30134681,15
channel-85077,58053,30134676,30134702,26
channel-2186,40729,30134688,30134699,11
channel-0,4034283,30134692,30134714,22
channel-6994,1321735,30134700,30134711,11
channel-4,166647,30134725,30134736,11
channel-750,679306,30134735,30134749,14
channel-6994,1321736,30134737,30134751,14
channel-184,137303,30134743,30134757,14
channel-0,4034284,30134751,30134764,13
channel-1,407788,30134754,30134797,43
channel-6994,1321737,30134757,30134767,10
channel-750,679307,30134770,30134777,7
channel-208,1488605,30134774,30134785,11
channel-750,679308,30134777,30134795,18
channel-199,132254,30134781,30134791,10
channel-19774,345482,30134789,30134800,11
channel-0,4034285,30134790,30134802,12
channel-0,4034286,30134796,30134822,26
channel-122,667136,30134803,30134807,4
channel-76971,12182,30134814,30134835,21
channel-208,1488606,30134822,30134833,11
channel-75,844031,30134828,30134837,9
channel-75,844032,30134840,30134848,8
channel-6787,166495,30134840,30134844,4
channel-1,407789,30134851,30134870,19
channel-0,4034287,30134862,30134872,10
channel-169,117519,30134864,30134873,9
channel-2,130507,30134864,30134873,9
channel-0,4034288,30134866,30134875,9
channel-75,844033,30134869,30134874,5
channel-412,64333,30134872,30134884,12
channel-340,3095,30134877,30134889,12
channel-20082,9842,30134877,30134886,9
channel-0,4034289,30134880,30134900,20
channel-767,14320,30134887,30134899,12
channel-89298,18444,30134890,30134898,8
channel-6994,1321738,30134893,30134902,9
channel-0,4034290,30134902,30134912,10
channel-73,51318,30134907,30134930,23
channel-75755,5497,30134917,30134926,9
channel-208,1488607,30134940,30134952,12
channel-2,130508,30134946,30134956,10
channel-122,667137,30134969,30134973,4
channel-6994,1321739,30134971,30134985,14
channel-320,119026,30134991,30135010,19
channel-750,679309,30135002,30135009,7
channel-0,4034291,30135016,30135025,9
channel-779,1167,30135016,30135064,48
channel-208,1488608,30135017,30135028,11
channel-750,679310,30135030,30135050,20
channel-0,4034292,30135032,30135041,9
channel-783,104066,30135036,30135043,7
channel-0,4034293,30135037,30135051,14
channel-750,679311,30135041,30135056,15
channel-6994,1321740,30135057,30135068,11
channel-85077,58054,30135061,30135067,6
channel-122,667138,30135062,30135066,4
channel-19774,345483,30135069,30135080,11
channel-0,4034294,30135073,30135081,8
channel-1,407790,30135080,30135092,12
channel-122,667139,30135098,30135102,4
channel-1,407791,30135099,30135141,42
channel-320,119027,30135100,30135109,9
channel-750,679312,30135103,30135114,11
channel-75,844034,30135104,30135112,8
channel-6994,1321741,30135109,30135123,14
channel-6787,166496,30135114,30135119,5
channel-75,844035,30135117,30135120,3
channel-0,4034295,30135118,30135131,13
channel-6994,1321742,30135123,30135138,15
channel-0,4034296,30135123,30135152,29
channel-19774,345484,30135141,30135153,12
channel-326,536878,30135143,30135148,5
channel-19774,345485,30135156,30135167,11
channel-6994,1321743,30135157,30135171,14
channel-0,4034297,30135162,30135171,9
channel-750,679313,30135164,30135170,6
channel-6994,1321744,30135183,30135194,11
channel-38946,123810,30135188,30135201,13
channel-750,679314,30135189,30135193,4
channel-19774,345486,30135192,30135203,11
channel-89298,18445,30135197,30135208,11
channel-122,667140,30135200,30135204,4
channel-0,4034298,30135201,30135209,8
channel-6994,1321745,30135220,30135232,12
channel-75,844036,30135234,30135242,8
channel-6994,1321746,30135243,30135255,12
channel-750,679315,30135245,30135250,5
channel-6787,166497,30135262,30135266,4
channel-6994,1321747,30135276,30135394,118
channel-0,4034299,30135281,30135290,9
channel-75,844037,30135283,30135290,7
channel-75,844038,30135289,30135295,6
channel-6994,1321748,30135292,30135303,11
channel-0,4034300,30135301,30135312,11
channel-88,466913,30135303,30135324,21
channel-85077,58055,30135309,30135326,17
channel-6994,1321749,30135311,30135320,9
channel-0,4034301,30135311,30135323,12
channel-750,679316,30135317,30135322,5
channel-0,4034302,30135320,30135330,10
channel-208,1488609,30135332,30135347,15
channel-122,667141,30135346,30135350,4
channel-165,71339,30135346,30135929,583
channel-750,679317,30135350,30135356,6
channel-208,1488610,30135354,30135366,12
channel-75,844039,30135354,30135362,8
channel-0,4034303,30135369,30135378,9
channel-6994,1321750,30135371,30135380,9
channel-750,679318,30135374,30135378,4
channel-75,844040,30135387,30135395,8
channel-232,49149,30135390,30135400,10
channel-165,71340,30135395,30135428,33
channel-6994,1321751,30135395,30135407,12
channel-75,844041,30135398,30135406,8
channel-0,4034304,30135401,30135411,10
channel-0,4034305,30135406,30135415,9
channel-750,679319,30135409,30135418,9
channel-6994,1321752,30135414,30135423,9
channel-2188,43284,30135418,30135423,5
channel-750,679320,30135428,30135442,14
channel-6994,1321753,30135439,30135450,11
channel-122,667142,30135442,30135445,3
channel-122,667143,30135447,30135455,8
channel-19774,345487,30135451,30135460,9
channel-87,182878,30135452,30135467,15
channel-75,844042,30135455,30135462,7
channel-6994,1321754,30135458,30135467,9
channel-0,4034306,30135467,30135495,28
channel-184,137304,30135475,30135487,12
channel-0,4034307,30135477,30135490,13
channel-750,679321,30135478,30135482,4
channel-208,1488611,30135482,30135492,10
channel-122,667144,30135482,30135486,4
channel-0,4034308,30135488,30135494,6
channel-122,667145,30135489,30135493,4
channel-85077,58056,30135490,30135512,22
channel-750,679322,30135491,30135505,14
channel-0,4034309,30135491,30135503,12
channel-6994,1321755,30135495,30135506,11
channel-0,4034310,30135497,30135507,10
channel-85077,58057,30135503,30135512,9
channel-122,667146,30135540,30135544,4
channel-75,844043,30135543,30135550,7
channel-181,13571,30135554,30135564,10
channel-251,85065,30135566,30135576,10
channel-85077,58058,30135573,30135592,19
channel-122,667147,30135607,30135610,3
channel-0,4034311,30135608,30135619,11
channel-181,13572,30135616,30135629,13
channel-0,4034312,30135626,30135637,11
channel-5,184085,30135629,30135639,10
channel-85077,58059,30135630,30135647,17
channel-89298,18446,30135636,30135645,9
channel-76971,12183,30135644,30135670,26
channel-6994,1321756,30135646,30135656,10
channel-6994,1321757,30135660,30135673,13
channel-165,71341,30135665,30135674,9
channel-122,667148,30135677,30135680,3
channel-72,516316,30135681,30135723,42
channel-165,71342,30135682,30135692,10
channel-95,331582,30135685,30135701,16
channel-259,314044,30135686,30135692,6
channel-326,536879,30135689,30135699,10
channel-75,844044,30135693,30135702,9
channel-85077,58060,30135701,30135726,25
channel-85077,58061,30135723,30135755,32
channel-19774,345488,30135726,30135742,16
channel-165,71343,30135729,30135741,12
channel-75,844045,30135732,30135740,8
channel-85077,58062,30135735,30135755,20
channel-72,516317,30135747,30135791,44
channel-208,1488612,30135752,30135763,11
channel-0,4034313,30135756,30135762,6
channel-42,1489684,30135772,30135783,11
channel-42,1489685,30135783,30135790,7
channel-1,407792,30135787,30135875,88
channel-75,844046,30135789,30135798,9
channel-5,184086,30135794,30135804,10
channel-6994,1321758,30135798,30135810,12
channel-75,844047,30135800,30135806,6
channel-95,331583,30135804,30135817,13
channel-199,132255,30135811,30135823,12
channel-42,1489686,30135818,30135829,11
channel-0,4034314,30135823,30135832,9
channel-165,71344,30135828,30135838,10
channel-259,314045,30135830,30135836,6
channel-122,667149,30135838,30135841,3
channel-0,4034315,30135847,30135858,11
channel-0,4034316,30135861,30135884,23
channel-88,466914,30135892,30135908,16
channel-165,71346,30135892,30135929,37
channel-5,184087,30135898,30135905,7
channel-0,4034317,30135900,30135910,10
channel-1,407793,30135900,30135909,9
channel-5,184088,30135910,30135920,10
channel-184,137305,30135915,30135926,11
channel-0,4034318,30135918,30135928,10
channel-2188,43285,30135919,30135925,6
channel-412,64334,30135928,30135940,12
channel-0,4034319,30135939,30135953,14
channel-0,4034320,30135963,30135972,9
channel-75,844048,30135967,30135975,8
channel-0,4034321,30135976,30135983,7
channel-75,844049,30135983,30135990,7
channel-19774,345489,30135989,30135998,9
channel-75,844050,30136006,30136014,8
channel-75,844051,30136021,30136028,7
channel-5,184089,30136051,30136060,9
channel-122,667150,30136057,30136061,4
channel-85077,58063,30136057,30136074,17
channel-750,679323,30136058,30136063,5
channel-0,4034322,30136059,30136072,13
channel-1,407794,30136062,30136075,13
channel-75,844052,30136067,30136074,7
channel-750,679324,30136068,30136073,5
channel-0,4034323,30136075,30136085,10
channel-750,679325,30136075,30136081,6
channel-6994,1321759,30136078,30136087,9
channel-767,14321,30136090,30136099,9
channel-0,4034324,30136092,30136102,10
channel-75,844053,30136097,30136105,8
channel-88,466915,30136104,30136124,20
channel-122,667151,30136110,30136117,7
channel-0,4034325,30136112,30136128,16
channel-122,667152,30136113,30136116,3
channel-199,132256,30136114,30136123,9
channel-6994,1321760,30136116,30136124,8
channel-122,667153,30136119,30136122,3
channel-782,309958,30136126,30136135,9
channel-750,679326,30136129,30136134,5
channel-1,407795,30136132,30136182,50
channel-0,4034326,30136132,30136143,11
channel-6994,1321761,30136140,30136152,12
channel-750,679327,30136143,30136155,12
channel-199,132257,30136148,30136158,10
channel-0,4034327,30136150,30136178,28
channel-89298,18447,30136153,30136161,8
channel-75,844054,30136159,30136162,3
channel-165,71352,30136160,30136168,8
channel-750,679328,30136168,30136179,11
channel-0,4034328,30136169,30136178,9
channel-72,516318,30136174,30136227,53
channel-122,667154,30136176,30136180,4
channel-0,4034329,30136179,30136189,10
channel-6994,1321762,30136184,30136196,12
channel-122,667155,30136191,30136195,4
channel-750,679329,30136195,30136205,10
channel-75,844055,30136197,30136206,9
channel-122,667156,30136200,30136204,4
channel-75,844056,30136207,30136214,7
channel-19774,345490,30136209,30136217,8
channel-874,292049,30136211,30136227,16
channel-75,844057,30136211,30136216,5
channel-75,844058,30136213,30136221,8
channel-750,679330,30136219,30136229,10
channel-75,844059,30136220,30136229,9
channel-320,119028,30136221,30136237,16
channel-75,844060,30136228,30136235,7
channel-750,679331,30136248,30136258,10
channel-122,667157,30136249,30136253,4
channel-89298,18448,30136260,30136270,10
channel-0,4034330,30136267,30136276,9
channel-6994,1321763,30136268,30136281,13
channel-0,4034331,30136275,30136285,10
channel-122,667158,30136279,30136282,3
channel-19774,345491,30136279,30136289,10
channel-75,844061,30136280,30136289,9
channel-75,844062,30136291,30136298,7
channel-199,132258,30136294,30136302,8
channel-6994,1321764,30136307,30136319,12
channel-6994,1321765,30136307,30136319,12
channel-6787,166498,30136307,30136311,4
channel-0,4034332,30136313,30136325,12
channel-750,679332,30136316,30136326,10
channel-75,844063,30136317,30136326,9
channel-0,4034333,30136322,30136334,12
channel-326,536880,30136325,30136351,26
channel-75,844064,30136325,30136333,8
channel-6994,1321766,30136340,30136352,12
channel-0,4034334,30136345,30136355,10
channel-75,844065,30136355,30136361,6
channel-75,844066,30136368,30136378,10
channel-199,132259,30136379,30136389,10
channel-750,679333,30136385,30136390,5
channel-1429,140582,30136387,30136399,12
channel-122,667159,30136390,30136393,3
channel-0,4034335,30136398,30136407,9
channel-75,844067,30136404,30136410,6
channel-19774,345492,30136406,30136416,10
channel-0,4034336,30136409,30136435,26
channel-0,4034337,30136412,30136424,12
channel-6994,1321767,30136423,30136467,44
channel-874,292050,30136423,30136432,9
channel-0,4034338,30136428,30136440,12
channel-184,137306,30136433,30136458,25
channel-0,4034339,30136443,30136455,12
channel-6994,1321768,30136447,30136458,11
channel-1279,67081,30136451,30136463,12
channel-6994,1321769,30136451,30136463,12
channel-88,466916,30136451,30136472,21
channel-75,844068,30136459,30136466,7
channel-122,667160,30136469,30136473,4
channel-75,844069,30136472,30136480,8
channel-208,1488613,30136483,30136496,13
channel-6994,1321770,30136487,30136527,40
channel-0,4034340,30136490,30136501,11
channel-122,667161,30136490,30136494,4
channel-94814,3639,30136498,30136514,16
channel-75,844070,30136503,30136509,6
channel-6994,1321771,30136516,30136527,11
channel-750,679334,30136520,30136529,9
channel-6994,1321772,30136531,30136543,12
channel-0,4034341,30136546,30136558,12
channel-5,184090,30136546,30136556,10
channel-6994,1321773,30136546,30136559,13
channel-6994,1321774,30136549,30136602,53
channel-122,667162,30136555,30136558,3
channel-6994,1321775,30136565,30136577,12
channel-89298,18449,30136566,30136579,13
channel-326,536881,30136569,30136589,20
channel-75,844071,30136577,30136587,10
channel-75,844072,30136579,30136775,196
channel-208,1488614,30136603,30136615,12
channel-750,679335,30136603,30136616,13
channel-0,4034342,30136606,30136617,11
channel-208,1488615,30136617,30136630,13
channel-6994,1321776,30136626,30136652,26
channel-72,516319,30136633,30136686,53
channel-85077,58064,30136639,30136660,21
channel-6897,5616,30136640,30136648,8
channel-2188,43286,30136642,30136648,6
channel-0,4034343,30136647,30136654,7
channel-19774,345493,30136648,30136660,12
channel-750,679336,30136655,30136667,12
channel-783,104067,30136659,30136668,9
channel-874,292051,30136664,30136670,6
channel-6994,1321777,30136678,30136688,10
channel-19774,345494,30136685,30136697,12
channel-6994,1321778,30136686,30136717,31
channel-0,4034344,30136686,30136714,28
channel-6994,1321779,30136687,30136698,11
channel-6994,1321780,30136691,30136736,45
channel-75,844073,30136708,30136716,8
channel-75,844074,30136709,30136716,7
channel-6994,1321781,30136717,30136728,11
channel-750,679337,30136717,30136723,6
channel-6994,1321782,30136739,30136768,29
channel-6994,1321783,30136742,30136768,26
channel-326,536882,30136744,30136767,23
channel-326,536883,30136749,30136768,19
channel-97998,31,30136750,30136756,6
channel-326,536884,30136751,30136776,25
channel-6994,1321785,30136756,30136804,48
channel-750,679338,30136775,30136781,6
channel-750,679339,30136776,30136793,17
channel-750,679340,30136779,30136792,13
channel-19774,345495,30136787,30136796,9
channel-750,679341,30136795,30136806,11
channel-6994,1321786,30136818,30136860,42
channel-75,844075,30136823,30136829,6
channel-6994,1321787,30136836,30136847,11
channel-94814,3640,30136841,30136852,11
channel-208,1488616,30136854,30136864,10
channel-6994,1321788,30136856,30136868,12
channel-6994,1321789,30136861,30136873,12
channel-204,670575,30136861,30136869,8
channel-75,844076,30136871,30136880,9
channel-6994,1321790,30136871,30136882,11
channel-750,679342,30136872,30136887,15
channel-6994,1321791,30136878,30136934,56
channel-6994,1321792,30136883,30136897,14
channel-750,679343,30136890,30136899,9
channel-0,4034345,30136897,30136906,9
channel-6994,1321793,30136900,30136911,11
channel-0,4034346,30136904,30136916,12
channel-6994,1321794,30136914,30136925,11
channel-6994,1321795,30136936,30136984,48
channel-89298,18450,30136940,30136951,11
channel-0,4034347,30136948,30136955,7
channel-0,4034348,30136951,30136978,27
channel-91017,2600,30136957,30136966,9
channel-6994,1321796,30136959,30136989,30
channel-6994,1321797,30136961,30136970,9
channel-750,679344,30136965,30136974,9
channel-122,667163,30136968,30136972,4
channel-750,679345,30136973,30136982,9
channel-97998,32,30136974,30136978,4
channel-19774,345496,30136985,30137000,15
channel-85077,58065,30136986,30137005,19
channel-6994,1321798,30136990,30137005,15
channel-0,4034349,30137001,30137014,13
channel-0,4034350,30137001,30137014,13
channel-2188,43287,30137005,30137011,6
channel-6994,1321799,30137026,30137081,55
channel-39535,10283,30137027,30137255,228
channel-6994,1321800,30137029,30137076,47
channel-75,844077,30137053,30137060,7
channel-89298,18451,30137054,30137065,11
channel-208,1488617,30137055,30137069,14
channel-19774,345497,30137056,30137064,8
channel-85077,58066,30137060,30137085,25
channel-6994,1321801,30137063,30137076,13
channel-5,184091,30137071,30137081,10
channel-75,844078,30137076,30137083,7
channel-75,844079,30137076,30137083,7
channel-208,1488618,30137088,30137099,11
channel-6994,1321802,30137088,30137121,33
channel-6994,1321803,30137091,30137140,49
channel-326,536885,30137097,30137113,16
channel-6994,1321804,30137101,30137149,48
channel-6994,1321805,30137111,30137149,38
channel-0,4034351,30137116,30137125,9
channel-199,132260,30137118,30137131,13
channel-75,844080,30137119,30137126,7
channel-76971,12184,30137122,30137141,19
channel-0,4034352,30137125,30137134,9
channel-208,1488619,30137130,30137139,9
channel-97998,33,30137133,30137138,5
channel-75,844081,30137134,30137141,7
channel-75,844082,30137145,30137150,5
channel-0,4034353,30137145,30137154,9
channel-199,132261,30137147,30137153,6
channel-6787,166499,30137148,30137152,4
channel-6994,1321806,30137151,30137163,12
channel-1,407796,30137169,30137195,26
channel-208,1488620,30137172,30137182,10
channel-199,132262,30137174,30137185,11
channel-6994,1321807,30137192,30137202,10
channel-0,4034354,30137195,30137228,33
channel-75,844083,30137212,30137220,8
channel-0,4034355,30137230,30137242,12
channel-89298,18452,30137238,30137247,9
channel-75,844084,30137238,30137244,6
channel-6994,1321808,30137244,30137289,45
channel-6994,1321809,30137248,30137263,15
channel-0,4034356,30137262,30137274,12
channel-326,536886,30137264,30137273,9
channel-326,536887,30137264,30137273,9
channel-326,536888,30137264,30137273,9
channel-326,536889,30137264,30137273,9
channel-0,4034357,30137269,30137278,9
channel-6994,1321810,30137278,30137314,36
channel-750,679346,30137295,30137300,5
channel-6994,1321811,30137308,30137347,39
channel-75,844085,30137314,30137322,8
channel-88,466917,30137314,30137334,20
channel-208,1488621,30137317,30137327,10
channel-75,844086,30137328,30137335,7
channel-75,844087,30137363,30137370,7
channel-89298,18453,30137368,30137377,9
channel-6994,1321812,30137369,30137410,41
channel-89321,19212,30137380,30137391,11
channel-5,184092,30137380,30137391,11
channel-1,407797,30137380,30137403,23
channel-5,184093,30137395,30137404,9
channel-0,4034358,30137397,30137428,31
channel-750,679347,30137411,30137417,6
channel-6994,1321813,30137422,30137456,34
channel-19774,345498,30137456,30137463,7
channel-6994,1321814,30137456,30137499,43
channel-1,407798,30137456,30137503,47
channel-0,4034359,30137457,30137470,13
channel-6994,1321815,30137463,30137477,14
channel-6994,1321816,30137478,30137489,11
channel-340,3096,30137479,30137489,10
channel-19774,345499,30137479,30137487,8
channel-75,844088,30137482,30137491,9
channel-750,679348,30137493,30137501,8
channel-6994,1321817,30137498,30137511,13
channel-204,670576,30137498,30137510,12
channel-85077,58067,30137499,30137508,9
channel-750,679349,30137505,30137515,10
channel-85077,58068,30137508,30137543,35
channel-782,309959,30137515,30137523,8
channel-259,314046,30137523,30137528,5
channel-6994,1321818,30137538,30137550,12
channel-85077,58069,30137547,30137571,24
channel-165,71359,30137550,30137560,10
channel-165,71360,30137553,30137564,11
channel-6787,166500,30137556,30137560,4
channel-0,4034360,30137559,30137567,8
channel-750,679350,30137564,30137568,4
channel-750,679351,30137569,30137582,13
channel-750,679352,30137571,30137575,4
channel-19774,345500,30137573,30137588,15
channel-0,4034361,30137575,30137584,9
channel-326,536890,30137582,30137590,8
channel-6994,1321819,30137584,30137594,10
channel-874,292052,30137597,30137602,5
channel-750,679353,30137599,30137611,12
channel-75,844089,30137608,30137617,9
channel-165,71361,30137615,30137623,8
channel-85077,58070,30137619,30137647,28
channel-1,407799,30137620,30137654,34
channel-6994,1321820,30137622,30137632,10
channel-259,314047,30137626,30137631,5
channel-19774,345501,30137631,30137641,10
channel-75,844090,30137637,30137645,8
channel-750,679354,30137640,30137652,12
channel-259,314048,30137657,30137663,6
channel-259,314049,30137660,30137665,5
channel-6994,1321821,30137661,30137672,11
channel-75,844091,30137676,30137681,5
channel-204,670577,30137677,30137687,10
channel-326,536891,30137681,30137688,7
channel-6994,1321822,30137681,30137695,14
channel-5,184094,30137685,30137695,10
channel-85077,58071,30137696,30137724,28
channel-89298,18454,30137710,30137720,10
channel-75,844092,30137711,30137716,5
channel-199,132263,30137713,30137720,7
channel-122,667164,30137714,30137717,3
channel-208,1488622,30137717,30137726,9
channel-6994,1321823,30137731,30137744,13
channel-750,679355,30137732,30137736,4
channel-85077,58072,30137739,30137757,18
channel-320,119029,30137739,30137750,11
channel-208,1488623,30137743,30137757,14
channel-326,536892,30137759,30137769,10
channel-97998,34,30137761,30137767,6
channel-6994,1321824,30137762,30137774,12
channel-4,166648,30137763,30137776,13
channel-259,314050,30137768,30137774,6
channel-750,679356,30137774,30137777,3
channel-750,679357,30137776,30137794,18
channel-19774,345502,30137779,30137790,11
channel-75,844093,30137793,30137802,9
channel-75,844094,30137803,30137809,6
channel-85077,58073,30137803,30137834,31
channel-750,679358,30137804,30137814,10
channel-88,466918,30137809,30137837,28
channel-85077,58074,30137825,30137834,9
channel-75,844095,30137833,30137840,7
channel-750,679359,30137863,30137873,10
channel-782,309960,30137880,30137885,5
channel-6994,1321825,30137890,30137909,19
channel-75,844096,30137906,30137913,7
channel-750,679360,30137911,30137922,11
channel-19774,345503,30137912,30137930,18
channel-750,679361,30137926,30137931,5
channel-259,314051,30137935,30137941,6
channel-320,119030,30137936,30137962,26
channel-750,679362,30137941,30137946,5
channel-85077,58075,30137942,30137965,23
channel-89321,19213,30137945,30137958,13
channel-89298,18455,30137948,30137956,8
channel-0,4034362,30137949,30137960,11
channel-208,1488624,30137956,30137966,10
channel-75,844097,30137959,30137966,7
channel-75,844098,30137966,30137975,9
channel-750,679363,30137970,30137981,11
channel-19774,345504,30137970,30137982,12
channel-38946,123811,30138011,30138019,8
channel-750,679364,30138014,30138026,12
channel-0,4034363,30138016,30138025,9
channel-38946,123812,30138029,30138047,18
channel-750,679365,30138034,30138049,15
channel-208,1488625,30138035,30138047,12
channel-750,679366,30138036,30138048,12
channel-88,466919,30138037,30138064,27
channel-0,4034364,30138041,30138047,6
channel-38946,123813,30138047,30138059,12
channel-259,314052,30138047,30138053,6
channel-85077,58076,30138052,30138072,20
channel-1,407800,30138070,30138087,17
channel-75,844099,30138072,30138080,8
channel-750,679367,30138073,30138084,11
channel-208,1488626,30138083,30138092,9
channel-122,667165,30138085,30138089,4
channel-208,1488627,30138098,30138111,13
channel-229,54925,30138124,30138134,10
channel-38946,123814,30138124,30138139,15
channel-229,54926,30138136,30138148,12
channel-750,679368,30138155,30138160,5
channel-38946,123815,30138155,30138173,18
channel-6994,1321826,30138156,30138168,12
channel-750,679369,30138161,30138166,5
channel-6994,1321827,30138163,30138179,16
channel-750,679370,30138165,30138175,10
channel-38946,123816,30138169,30154480,16311
channel-38946,123817,30138171,30143015,4844
channel-0,4034365,30138183,30138193,10
channel-122,667166,30138191,30138195,4
channel-6994,1321828,30138193,30138204,11
channel-750,679371,30138197,30138207,10
channel-0,4034366,30138208,30138218,10
channel-38946,123818,30138209,30138223,14
channel-208,1488628,30138224,30138236,12
channel-19774,345505,30138227,30138245,18
channel-0,4034367,30138227,30138235,8
channel-750,679372,30138228,30138237,9
channel-750,679373,30138229,30138238,9
channel-38946,123819,30138235,30138245,10
channel-750,679374,30138238,30138243,5
channel-122,667167,30138239,30138243,4
channel-38946,123820,30138239,30138253,14
channel-2188,43288,30138241,30138245,4
channel-19774,345506,30138241,30138249,8
channel-208,1488629,30138242,30138251,9
channel-38946,123821,30138245,30141007,2762
channel-38946,123822,30138245,30141170,2925
channel-750,679375,30138246,30138264,18
channel-91017,2601,30138249,30138258,9
channel-750,679376,30138253,30138264,11
channel-6994,1321829,30138256,30138314,58
channel-750,679377,30138258,30138271,13
channel-208,1488630,30138262,30138270,8
channel-38946,123823,30138265,30138284,19
channel-0,4034368,30138265,30138273,8
channel-75,844100,30138274,30138282,8
channel-0,4034369,30138275,30138287,12
channel-0,4034370,30138277,30138287,10
channel-767,14322,30138285,30138294,9
channel-326,536893,30138285,30138291,6
channel-0,4034371,30138297,30138312,15
channel-0,4034372,30138297,30138312,15
channel-38946,123824,30138300,30153453,15153
channel-750,679378,30138305,30138317,12
channel-750,679379,30138308,30138321,13
channel-208,1488631,30138316,30138327,11
channel-6994,1321830,30138318,30138330,12
channel-0,4034373,30138318,30138329,11
channel-91017,2602,30138321,30138328,7
channel-6994,1321831,30138321,30138349,28
channel-0,4034374,30138321,30138329,8
channel-38946,123826,30138324,30138340,16
channel-0,4034375,30138326,30138334,8
channel-750,679380,30138333,30138338,5
channel-750,679381,30138339,30138354,15
channel-750,679382,30138340,30138355,15
channel-750,679383,30138340,30138354,14
channel-6994,1321832,30138341,30138355,14
channel-0,4034376,30138348,30138358,10
channel-38946,123827,30138360,30138371,11
channel-326,536894,30138368,30138388,20
channel-38946,123828,30138372,30138379,7
channel-75,844101,30138374,30138381,7
channel-874,292053,30138374,30138380,6
channel-38946,123829,30138384,30138395,11
channel-6994,1321833,30138387,30138414,27
channel-85077,58077,30138387,30138413,26
channel-326,536895,30138389,30138394,5
channel-208,1488632,30138403,30138413,10
channel-38946,123830,30138403,30138416,13
channel-79703,4371,30138409,30138426,17
channel-42,1489687,30138412,30138424,12
channel-0,4034377,30138414,30138428,14
channel-750,679384,30138415,30138426,11
channel-38946,123831,30138428,30138442,14
channel-75,844102,30138432,30138454,22
channel-6994,1321834,30138439,30138452,13
channel-208,1488633,30138440,30138453,13
channel-750,679385,30138462,30138475,13
channel-750,679386,30138464,30138468,4
channel-750,679387,30138484,30138512,28
channel-1575,15141,30138492,30138504,12
channel-88,466920,30138496,30138520,24
channel-75,844103,30138505,30138513,8
channel-208,1488634,30138510,30138526,16
channel-0,4034378,30138512,30138523,11
channel-8945,17715,30138514,30138531,17
channel-476,11793,30138515,30138528,13
channel-0,4034379,30138519,30138550,31
channel-0,4034380,30138521,30138534,13
channel-1,407801,30138541,30138585,44
channel-750,679388,30138544,30138555,11
channel-6994,1321835,30138551,30138579,28
channel-0,4034381,30138553,30138577,24
channel-6994,1321836,30138557,30138569,12
channel-75,844104,30138569,30138577,8
channel-0,4034382,30138569,30138577,8
channel-783,104068,30138575,30138580,5
channel-750,679389,30138579,30138583,4
channel-85077,58078,30138590,30138610,20
channel-85077,58079,30138596,30138610,14
channel-6994,1321837,30138608,30138634,26
channel-208,1488635,30138614,30138626,12
channel-208,1488636,30138632,30138645,13
channel-6994,1321838,30138640,30138662,22
channel-146,20019,30138659,30138699,40
channel-750,679390,30138668,30138683,15
channel-38946,123832,30138671,30138680,9
channel-750,679391,30138672,30138677,5
channel-75,844105,30138675,30138686,11
channel-1279,67082,30138676,30140030,1354
channel-38946,123833,30138684,30138698,14
channel-113,301215,30138691,30138710,19
channel-0,4034383,30138702,30138713,11
channel-750,679392,30138710,30138732,22
channel-642,126444,30138712,30138771,59
channel-229,54927,30138721,30138738,17
channel-258,17745,30138722,30138734,12
channel-0,4034384,30138730,30138741,11
channel-122,667168,30138734,30138737,3
channel-75,844106,30138737,30138743,6
channel-208,1488637,30138746,30138756,10
channel-0,4034385,30138747,30138756,9
channel-0,4034386,30138751,30138758,7
channel-6994,1321839,30138767,30138784,17
channel-0,4034387,30138770,30138783,13
channel-91017,2603,30138772,30138779,7
channel-0,4034388,30138783,30138792,9
channel-38946,123834,30138784,30138801,17
channel-0,4034389,30138786,30138797,11
channel-89298,18456,30138790,30138802,12
channel-1,407802,30138797,30138814,17
channel-6994,1321840,30138799,30138811,12
channel-782,309961,30138802,30138809,7
channel-0,4034390,30138803,30138813,10
channel-75,844107,30138804,30138814,10
channel-4,166649,30138807,30138833,26
channel-0,4034391,30138809,30138821,12
channel-0,4034392,30138810,30138820,10
channel-4,166650,30138813,30138849,36
channel-0,4034393,30138820,30138829,9
channel-20082,9843,30138821,30138834,13
channel-750,679393,30138826,30138841,15
channel-4,166651,30138830,30138849,19
channel-6994,1321841,30138833,30138845,12
channel-1279,67083,30138834,30138846,12
channel-874,292054,30138835,30138844,9
channel-0,4034394,30138836,30138847,11
channel-75,844108,30138838,30138844,6
channel-2188,43289,30138839,30138843,4
channel-97998,35,30138839,30138845,6
channel-1,407803,30138842,30138865,23
channel-1,407804,30138848,30138865,17
channel-85077,58080,30138848,30138870,22
channel-38946,123835,30138852,30138863,11
channel-21113,25235,30138855,30138862,7
channel-750,679394,30138855,30138860,5
channel-750,679395,30138862,30138871,9
channel-782,309962,30138864,30138868,4
channel-19774,345507,30138868,30138880,12
channel-2186,40730,30138871,30138886,15
channel-4,166652,30138871,30138904,33
channel-874,292055,30138873,30138878,5
channel-750,679396,30138883,30138914,31
channel-0,4034395,30138886,30138915,29
channel-0,4034396,30138892,30138904,12
channel-750,679397,30138895,30138910,15
channel-750,679398,30138896,30138912,16
channel-85077,58081,30138897,30138923,26
channel-750,679399,30138902,30138928,26
channel-85077,58082,30138904,30138926,22
channel-782,309963,30138905,30138910,5
channel-750,679400,30138906,30138920,14
channel-2188,43290,30138908,30138913,5
channel-85077,58083,30138910,30138926,16
channel-89321,19214,30138910,30138918,8
channel-750,679401,30138917,30138929,12
channel-85077,58084,30138917,30138926,9
channel-89321,19215,30138922,30138930,8
channel-4,166653,30138922,30138944,22
channel-2494,31780,30138926,30138935,9
channel-0,4034397,30138927,30138937,10
channel-1,407805,30138929,30138953,24
channel-0,4034398,30138929,30138937,8
channel-4,166654,30138932,30138992,60
channel-750,679402,30138937,30138950,13
channel-6994,1321842,30138937,30138986,49
channel-2188,43291,30138938,30138943,5
channel-6994,1321843,30138940,30138954,14
channel-4,166655,30138941,30139030,89
channel-750,679403,30138945,30138950,5
channel-750,679404,30138946,30138960,14
channel-19774,345508,30138953,30138964,11
channel-750,679405,30138956,30138970,14
channel-0,4034399,30138957,30138966,9
channel-75,844109,30138959,30138965,6
channel-4,166656,30138960,30139010,50
channel-2188,43292,30138963,30138967,4
channel-750,679406,30138968,30138980,12
channel-122,667169,30138976,30138979,3
channel-89298,18457,30138977,30138985,8
channel-2188,43293,30138985,30138990,5
channel-750,679407,30138987,30139004,17
channel-326,536896,30138989,30139010,21
channel-4,166657,30138991,30139021,30
channel-75,844110,30138993,30139000,7
channel-89321,19216,30138996,30139004,8
channel-0,4034400,30139004,30139014,10
channel-89321,19217,30139007,30139017,10
channel-2188,43294,30139008,30139013,5
channel-750,679408,30139009,30139021,12
channel-4,166658,30139010,30139030,20
channel-19774,345509,30139012,30139020,8
channel-750,679409,30139016,30139025,9
channel-6994,1321844,30139017,30139053,36
channel-750,679410,30139019,30139028,9
channel-750,679411,30139021,30139036,15
channel-750,679412,30139023,30139027,4
channel-208,1488638,30139024,30139034,10
channel-2188,43295,30139027,30139033,6
channel-208,1488639,30139030,30139043,13
channel-122,667170,30139031,30139037,6
channel-6994,1321845,30139034,30139047,13
channel-85077,58085,30139037,30139059,22
channel-750,679413,30139046,30139060,14
channel-6994,1321846,30139049,30139062,13
channel-2188,43296,30139052,30139057,5
channel-75,844111,30139056,30139063,7
channel-89321,19218,30139056,30139063,7
channel-21113,25236,30139062,30139070,8
channel-750,679414,30139064,30139090,26
channel-38946,123836,30139066,30139084,18
channel-19774,345510,30139076,30139086,10
channel-89321,19219,30139076,30139084,8
channel-750,679415,30139080,30139094,14
channel-750,679416,30139086,30139100,14
channel-75,844112,30139088,30139096,8
channel-75,844113,30139099,30139106,7
channel-750,679417,30139100,30139113,13
channel-75,844114,30139101,30139109,8
channel-750,679418,30139102,30139118,16
channel-232,49150,30139113,30139126,13
channel-750,679419,30139117,30139133,16
channel-4,166659,30139118,30139156,38
channel-750,679420,30139119,30139124,5
channel-19774,345511,30139122,30139132,10
channel-89321,19220,30139134,30139141,7
channel-750,679421,30139134,30139150,16
channel-4,166660,30139148,30139194,46
channel-4,166661,30139148,30139194,46
channel-19774,345512,30139150,30139158,8
channel-75,844115,30139155,30139162,7
channel-2494,31781,30139163,30139177,14
channel-89321,19221,30139164,30139177,13
channel-75,844116,30139164,30139172,8
channel-5,184095,30139177,30139188,11
channel-4,166662,30139186,30139216,30
channel-750,679422,30139195,30139210,15
channel-6994,1321847,30139204,30139236,32
channel-767,14323,30139205,30139213,8
channel-89321,19222,30139206,30139214,8
channel-85077,58086,30139216,30139228,12
channel-782,309964,30139227,30139232,5
channel-89321,19223,30139228,30139239,11
channel-0,4034401,30139232,30139243,11
channel-750,679423,30139232,30139244,12
channel-75,844117,30139236,30139244,8
channel-4,166663,30139241,30139270,29
channel-326,536897,30139246,30139252,6
channel-750,679424,30139265,30139270,5
channel-4,166664,30139267,30139297,30
channel-4,166665,30139267,30139356,89
channel-184,137307,30139274,30139288,14
channel-89321,19224,30139274,30139283,9
channel-0,4034402,30139274,30139285,11
channel-94814,3641,30139280,30139294,14
channel-89321,19225,30139285,30139294,9
channel-1,407806,30139290,30139302,12
channel-208,1488640,30139291,30139302,11
channel-208,1488641,30139294,30139302,8
channel-4,166666,30139297,30139323,26
channel-4,166667,30139307,30139378,71
channel-75,844118,30139316,30139322,6
channel-75,844119,30139318,30139325,7
channel-750,679425,30139319,30139324,5
channel-199,132264,30139324,30139338,14
channel-750,679426,30139332,30139336,4
channel-750,679427,30139333,30139345,12
channel-208,1488642,30139339,30139351,12
channel-750,679428,30139342,30139356,14
channel-208,1488643,30139346,30139355,9
channel-4,166668,30139346,30139407,61
channel-4,166669,30139357,30139435,78
channel-557,52035,30139361,30139372,11
channel-208,1488644,30139364,30139373,9
channel-2494,31782,30139381,30139393,12
channel-0,4034403,30139383,30139394,11
channel-1,407807,30139391,30139436,45
channel-75,844120,30139395,30139403,8
channel-326,536898,30139410,30139416,6
channel-4,166670,30139410,30139463,53
channel-750,679429,30139411,30139416,5
channel-750,679430,30139413,30139418,5
channel-122,667171,30139415,30139419,4
channel-75,844121,30139435,30139443,8
channel-1,407808,30139438,30139450,12
channel-6994,1321848,30139438,30139482,44
channel-0,4034404,30139440,30139450,10
channel-0,4034405,30139449,30139459,10
channel-19774,345513,30139449,30139458,9
channel-4,166671,30139453,30139489,36
channel-75,844122,30139459,30139466,7
channel-4,166672,30139460,30139500,40
channel-89321,19226,30139471,30139479,8
channel-88,466921,30139474,30139495,21
channel-89321,19227,30139485,30139491,6
channel-232,49151,30139490,30139500,10
channel-326,536899,30139491,30139496,5
channel-75,844123,30139494,30139501,7
channel-122,667172,30139507,30139510,3
channel-199,132265,30139513,30139522,9
channel-750,679431,30139518,30139523,5
channel-4,166673,30139528,30139545,17
channel-216,93923,30139534,30139538,4
channel-1,407809,30139542,30139563,21
channel-232,49152,30139544,30139553,9
channel-76971,12185,30139545,30139564,19
channel-88,466922,30139547,30139565,18
channel-113,301216,30139554,30139576,22
channel-89321,19228,30139559,30139572,13
channel-0,4034406,30139568,30139580,12
channel-89321,19229,30139579,30139584,5
channel-557,52036,30139582,30139591,9
channel-75,844124,30139587,30139594,7
channel-75,844125,30139593,30139599,6
channel-19774,345514,30139601,30139608,7
channel-6994,1321849,30139602,30139615,13
channel-89321,19230,30139648,30139685,37
channel-75,844126,30139648,30139654,6
channel-0,4034407,30139657,30139666,9
channel-89321,19231,30139662,30139685,23
channel-1,407810,30139668,30139679,11
channel-4,166674,30139668,30139693,25
channel-85077,58087,30139670,30139693,23
channel-73755,5805,30139677,30139687,10
channel-0,4034408,30139678,30139687,9
channel-208,1488645,30139685,30139694,9
channel-750,679432,30139688,30139693,5
channel-216,93924,30139706,30139709,3
channel-75,844127,30139706,30139711,5
channel-326,536900,30139714,30139719,5
channel-89321,19232,30139714,30139743,29
channel-326,536901,30139727,30139733,6
channel-85077,58088,30139741,30139772,31
channel-750,679433,30139743,30139760,17
channel-0,4034409,30139755,30139765,10
channel-188,190487,30139771,30139785,14
channel-122,667173,30139772,30139775,3
channel-75,844128,30139781,30139786,5
channel-208,1488646,30139785,30139796,11
channel-412,64335,30139785,30139826,41
channel-0,4034410,30139794,30139805,11
channel-326,536902,30139807,30139820,13
channel-326,536903,30139807,30139820,13
channel-326,536904,30139807,30139820,13
channel-326,536905,30139807,30139823,16
channel-326,536906,30139807,30139823,16
channel-326,536907,30139807,30139823,16
channel-47,198622,30139830,30139841,11
channel-208,1488647,30139833,30139845,12
channel-4,166675,30139841,30139857,16
channel-6994,1321850,30139848,30139884,36
channel-0,4034411,30139851,30139864,13
channel-19774,345515,30139852,30139861,9
channel-53,19971,30139858,30139879,21
channel-165,71362,30139859,30140932,1073
channel-326,536908,30139862,30139867,5
channel-750,679434,30139867,30139883,16
channel-0,4034412,30139872,30139884,12
channel-6994,1321851,30139876,30139884,8
channel-251,85066,30139879,30139889,10
channel-2188,43297,30139891,30139895,4
channel-326,536909,30139891,30139896,5
channel-6994,1321852,30139901,30139910,9
channel-750,679435,30139902,30139908,6
channel-94814,3642,30139912,30139926,14
channel-2188,43298,30139915,30139921,6
channel-6994,1321853,30139918,30139928,10
channel-750,679436,30139923,30139935,12
channel-750,679437,30139923,30139932,9
channel-750,679438,30139924,30139944,20
channel-89321,19233,30139928,30139964,36
channel-19774,345516,30139928,30139939,11
channel-251,85067,30139931,30139943,12
channel-91017,2604,30139947,30139955,8
channel-750,679439,30139948,30139952,4
channel-75,844129,30139949,30139956,7
channel-251,85068,30139950,30139961,11
channel-199,132266,30139971,30139980,9
channel-0,4034413,30139974,30139982,8
channel-75,844130,30139984,30139992,8
channel-0,4034414,30139992,30140003,11
channel-216,93925,30139994,30139998,4
channel-750,679440,30139995,30140019,24
channel-0,4034415,30140001,30140014,13
channel-750,679441,30140012,30140024,12
channel-75,844131,30140016,30140024,8
channel-750,679442,30140017,30140027,10
channel-75755,5498,30140019,30140029,10
channel-89321,19234,30140028,30140038,10
channel-0,4034416,30140035,30140043,8
channel-750,679443,30140040,30140045,5
channel-75,844132,30140048,30140058,10
channel-75,844133,30140049,30140058,9
channel-89298,18458,30140058,30140065,7
channel-75755,5499,30140058,30140373,315
channel-4,166676,30140064,30140075,11
channel-208,1488648,30140068,30140080,12
channel-89298,18459,30140074,30140085,11
channel-0,4034417,30140074,30140087,13
channel-85077,58089,30140076,30140106,30
channel-122,667174,30140077,30140080,3
channel-89321,19235,30140077,30140087,10
channel-750,679444,30140081,30140100,19
channel-4,166677,30140082,30140093,11
channel-208,1488649,30140091,30140102,11
channel-750,679445,30140092,30140117,25
channel-75,844134,30140094,30140101,7
channel-89321,19236,30140097,30140109,12
channel-75,844135,30140098,30140108,10
channel-326,536910,30140100,30140110,10
channel-326,536911,30140100,30140110,10
channel-326,536912,30140100,30140110,10
channel-326,536913,30140100,30140110,10
channel-326,536914,30140100,30140110,10
channel-326,536915,30140100,30140110,10
channel-326,536916,30140100,30140110,10
channel-199,132267,30140105,30140117,12
channel-0,4034418,30140109,30140122,13
channel-143,128159,30140120,30140132,12
channel-1,407811,30140133,30140143,10
channel-75,844136,30140138,30140147,9
channel-89321,19237,30140142,30140149,7
channel-204,670578,30140143,30140150,7
channel-89298,18460,30140166,30140176,10
channel-1,407812,30140173,30140204,31
channel-122,667175,30140179,30140182,3
channel-75,844137,30140180,30140187,7
channel-208,1488650,30140182,30140196,14
channel-122,667176,30140192,30140195,3
channel-122,667177,30140195,30140198,3
channel-782,309965,30140212,30140218,6
channel-122,667178,30140217,30140220,3
channel-89321,19238,30140220,30140228,8
channel-122,667179,30140249,30140251,2
channel-75755,5500,30140268,30140373,105
channel-1,407813,30140285,30140310,25
channel-122,667180,30140293,30140296,3
channel-6994,1321854,30140299,30140311,12
channel-2188,43299,30140300,30140305,5
channel-75,844138,30140301,30140309,8
channel-750,679446,30140303,30140317,14
channel-874,292056,30140311,30140315,4
channel-0,4034419,30140317,30140327,10
channel-0,4034420,30140327,30140337,10
channel-783,104069,30140329,30140335,6
channel-89321,19239,30140337,30140346,9
channel-21113,25237,30140340,30140350,10
channel-89321,19240,30140348,30140358,10
channel-122,667181,30140351,30140354,3
channel-122,667182,30140354,30140358,4
channel-0,4034421,30140361,30140372,11
channel-122,667183,30140371,30140375,4
channel-122,667184,30140382,30140385,3
channel-782,309966,30140406,30140413,7
channel-208,1488651,30140416,30140429,13
channel-208,1488652,30140417,30140429,12
channel-0,4034422,30140425,30140438,13
channel-2188,43300,30140427,30140432,5
channel-0,4034423,30140434,30140446,12
channel-6994,1321855,30140436,30140447,11
channel-0,4034424,30140438,30140451,13
channel-89321,19241,30140438,30140451,13
channel-6994,1321856,30140450,30140462,12
channel-6994,1321857,30140452,30140462,10
channel-72,516320,30140456,30140497,41
channel-6994,1321858,30140459,30140471,12
channel-0,4034425,30140465,30140472,7
channel-750,679447,30140480,30140490,10
channel-85077,58090,30140481,30140500,19
channel-89321,19242,30140482,30140491,9
channel-6994,1321859,30140492,30140499,7
channel-6994,1321860,30140504,30140513,9
channel-0,4034426,30140506,30140516,10
channel-42,1489688,30140526,30140535,9
channel-122,667185,30140546,30140550,4
channel-208,1488653,30140554,30140565,11
channel-0,4034427,30140555,30141031,476
channel-783,104070,30140577,30140585,8
channel-75,844139,30140581,30140588,7
channel-6994,1321861,30140589,30140613,24
channel-75,844140,30140598,30140607,9
channel-122,667186,30140602,30140605,3
channel-75755,5501,30140620,30140632,12
channel-42,1489689,30140628,30140640,12
channel-6994,1321862,30140644,30140656,12
channel-0,4034428,30140650,30140665,15
channel-73,51319,30140665,30140675,10
channel-73,51320,30140704,30140715,11
channel-251,85069,30140705,30140713,8
channel-0,4034429,30140745,30140758,13
channel-2188,43301,30140770,30140774,4
channel-320,119031,30140791,30140800,9
channel-2188,43302,30140794,30140799,5
channel-5,184096,30140797,30140805,8
channel-1,407814,30140810,30140835,25
channel-2188,43303,30140815,30140819,4
channel-6994,1321863,30140817,30140831,14
channel-1429,140583,30140834,30140847,13
channel-0,4034430,30140849,30140861,12
channel-0,4034431,30140853,30140865,12
channel-0,4034432,30140883,30140893,10
channel-750,679448,30140905,30140909,4
channel-750,679449,30140909,30140920,11
channel-750,679450,30140915,30140920,5
channel-122,667187,30140941,30140945,4
channel-750,679451,30140943,30140962,19
channel-8945,17716,30140960,30140976,16
channel-4,166678,30140962,30140973,11
channel-4,166679,30140985,30141010,25
channel-122,667188,30140987,30140991,4
channel-0,4034433,30140988,30141000,12
channel-122,667189,30140990,30140993,3
channel-2188,43304,30140998,30141002,4
channel-750,679452,30140999,30141009,10
channel-0,4034434,30141001,30141010,9
channel-75,844141,30141005,30141016,11
channel-1,407815,30141007,30141023,16
channel-0,4034435,30141012,30141020,8
channel-1,407816,30141030,30141046,16
channel-21113,25238,30141030,30141040,10
channel-0,4034436,30141035,30141045,10
channel-0,4034437,30141039,30141050,11
channel-42,1489690,30141060,30141074,14
channel-94814,3643,30141074,30141087,13
channel-874,292057,30141082,30141098,16
channel-750,679453,30141102,30141128,26
channel-91017,2605,30141113,30141121,8
channel-75,844142,30141124,30141130,6
channel-874,292058,30141141,30141147,6
channel-38,11681,30141142,30141153,11
channel-0,4034438,30141151,30141162,11
channel-0,4034439,30141157,30141166,9
channel-750,679454,30141158,30141163,5
channel-750,679455,30141163,30141186,23
channel-122,667190,30141170,30141173,3
channel-326,536917,30141172,30141179,7
channel-89298,18461,30141173,30141181,8
channel-47,198623,30141188,30141206,18
channel-0,4034440,30141198,30141215,17
channel-91017,2606,30141200,30141209,9
channel-258,17746,30141217,30141229,12
channel-750,679456,30141227,30141247,20
channel-0,4034441,30141229,30141240,11
channel-0,4034442,30141238,30141249,11
channel-0,4034443,30141242,30141255,13
channel-0,4034444,30141245,30141255,10
channel-73,51321,30141260,30141269,9
channel-0,4034445,30141260,30141269,9
channel-340,3097,30141267,30141276,9
channel-750,679457,30141278,30141292,14
channel-91017,2607,30141280,30141288,8
channel-750,679458,30141285,30141306,21
channel-88,466923,30141291,30141308,17
channel-122,667191,30141305,30141308,3
channel-4,166680,30141319,30141331,12
channel-750,679459,30141328,30141341,13
channel-122,667192,30141339,30141343,4
channel-0,4034446,30141339,30141350,11
channel-750,679460,30141343,30141362,19
channel-0,4034447,30141354,30141362,8
channel-750,679461,30141355,30141360,5
channel-750,679462,30141358,30141370,12
channel-0,4034448,30141379,30141390,11
channel-750,679463,30141383,30141399,16
channel-6994,1321864,30141384,30141398,14
channel-208,1488654,30141387,30141397,10
channel-89321,19243,30141390,30141400,10
channel-750,679464,30141400,30141411,11
channel-750,679465,30141401,30141411,10
channel-750,679466,30141407,30141427,20
channel-75,844143,30141431,30141439,8
channel-767,14324,30141433,30141444,11
channel-0,4034449,30141437,30141446,9
channel-750,679467,30141439,30141449,10
channel-767,14325,30141446,30141455,9
channel-750,679468,30141459,30141463,4
channel-91017,2608,30141460,30141468,8
channel-19774,345517,30141462,30141471,9
channel-75,844144,30141462,30141469,7
channel-0,4034450,30141462,30141474,12
channel-750,679469,30141468,30141481,13
channel-750,679470,30141471,30141481,10
channel-208,1488655,30141480,30141491,11
channel-750,679471,30141496,30141508,12
channel-326,536918,30141500,30141518,18
channel-19774,345518,30141501,30141509,8
channel-208,1488656,30141504,30141513,9
channel-750,679472,30141508,30141519,11
channel-750,679473,30141511,30141526,15
channel-750,679474,30141519,30141532,13
channel-19774,345519,30141532,30141546,14
channel-208,1488657,30141534,30141544,10
channel-750,679475,30141537,30141554,17
channel-85077,58091,30141539,30141552,13
channel-750,679476,30141546,30141553,7
channel-113,301217,30141568,30141581,13
channel-208,1488658,30141569,30141583,14
channel-75,844145,30141580,30141586,6
channel-88,466924,30141592,30141626,34
channel-750,679477,30141597,30141610,13
channel-750,679478,30141601,30141607,6
channel-750,679479,30141618,30141637,19
channel-75,844146,30141620,30141629,9
channel-6994,1321865,30141621,30141639,18
channel-216,93926,30141644,30141648,4
channel-750,679480,30141659,30141663,4
channel-6994,1321866,30141671,30141682,11
channel-2188,43305,30141691,30141697,6
channel-6994,1321867,30141698,30141708,10
channel-4,166681,30141698,30141719,21
channel-73,51322,30141700,30141711,11
channel-75,844147,30141720,30141729,9
channel-6994,1321868,30141720,30141735,15
channel-0,4034451,30141728,30141737,9
channel-750,679481,30141735,30141748,13
channel-208,1488659,30141737,30141751,14
channel-6994,1321869,30141747,30141760,13
channel-208,1488660,30141750,30141758,8
channel-208,1488661,30141758,30141769,11
channel-750,679482,30141783,30141790,7
channel-216,93927,30141793,30141797,4
channel-6994,1321870,30141809,30141822,13
channel-21113,25239,30141820,30141827,7
channel-19774,345520,30141830,30141842,12
channel-750,679483,30141832,30141841,9
channel-750,679484,30141836,30141853,17
channel-6994,1321871,30141840,30141855,15
channel-0,4034452,30141849,30141859,10
channel-750,679485,30141851,30141871,20
channel-85077,58092,30141861,30141878,17
channel-750,679486,30141878,30141890,12
channel-42,1489691,30141887,30141903,16
channel-21113,25240,30141888,30141896,8
channel-38946,123837,30141891,30141903,12
channel-0,4034453,30141897,30141907,10
channel-326,536919,30141907,30141913,6
channel-874,292059,30141928,30141933,5
channel-0,4034454,30141934,30141944,10
channel-122,667193,30141939,30141943,4
channel-6994,1321872,30141939,30141969,30
channel-199,132268,30141950,30141959,9
channel-75755,5502,30141952,30141960,8
channel-89321,19244,30141954,30141959,5
channel-89321,19245,30141957,30141969,12
channel-232,49153,30141958,30141969,11
channel-75,844148,30141962,30141970,8
channel-75755,5503,30141974,30141984,10
channel-750,679487,30142022,30142027,5
channel-0,4034455,30142027,30142039,12
channel-89298,18462,30142037,30142049,12
channel-750,679488,30142040,30142059,19
channel-326,536920,30142045,30142053,8
channel-750,679489,30142049,30142058,9
channel-750,679490,30142051,30142065,14
channel-122,667194,30142055,30142058,3
channel-208,1488662,30142056,30142066,10
channel-94814,3644,30142070,30142081,11
channel-783,104071,30142070,30142079,9
channel-0,4034456,30142086,30142097,11
channel-0,4034457,30142093,30142101,8
channel-750,679491,30142095,30142109,14
channel-75755,5504,30142106,30142116,10
channel-0,4034458,30142119,30142129,10
channel-208,1488663,30142119,30142128,9
channel-0,4034459,30142126,30142139,13
channel-326,536921,30142129,30142150,21
channel-750,679492,30142132,30142137,5
channel-88,466925,30142137,30142158,21
channel-6787,166501,30142137,30142142,5
channel-1575,15142,30142146,30142159,13
channel-0,4034460,30142153,30142166,13
channel-6994,1321873,30142161,30142176,15
channel-0,4034461,30142164,30142177,13
channel-0,4034462,30142168,30142182,14
channel-6994,1321874,30142215,30142261,46
channel-0,4034463,30142223,30142237,14
channel-522,40365,30142230,30142241,11
channel-75,844149,30142241,30142246,5
channel-326,536922,30142251,30142257,6
channel-75,844150,30142272,30142278,6
channel-0,4034464,30142273,30142283,10
channel-6787,166502,30142274,30142279,5
channel-412,64336,30142286,30142296,10
channel-0,4034465,30142291,30142302,11
channel-750,679493,30142305,30142310,5
channel-1575,15143,30142307,30142317,10
channel-229,54928,30142307,30142316,9
channel-89298,18463,30142319,30142327,8
channel-0,4034466,30142325,30142336,11
channel-2,130509,30142333,30142341,8
channel-0,4034467,30142342,30142346,4
channel-0,4034468,30142344,30142357,13
channel-42,1489692,30142345,30142355,10
channel-522,40366,30142362,30142372,10
channel-750,679494,30142363,30142380,17
channel-229,54929,30142365,30142374,9
channel-750,679495,30142366,30142380,14
channel-122,667195,30142373,30142376,3
channel-75,844151,30142375,30142384,9
channel-0,4034469,30142378,30142390,12
channel-229,54930,30142380,30142388,8
channel-208,1488664,30142381,30142393,12
channel-6787,166503,30142384,30142388,4
channel-750,679496,30142385,30142393,8
channel-0,4034470,30142388,30142398,10
channel-6787,166504,30142392,30142397,5
channel-0,4034471,30142400,30142412,12
channel-326,536923,30142410,30142436,26
channel-122,667196,30142430,30142434,4
channel-750,679497,30142437,30142441,4
channel-208,1488665,30142439,30142452,13
channel-1,407817,30142440,30142457,17
channel-0,4034472,30142443,30142457,14
channel-0,4034473,30142445,30142457,12
channel-75,844152,30142446,30142455,9
channel-75,844153,30142449,30142458,9
channel-750,679498,30142451,30142456,5
channel-2188,43306,30142453,30142458,5
channel-0,4034474,30142456,30142463,7
channel-750,679499,30142463,30142483,20
channel-0,4034475,30142463,30142474,11
channel-19774,345521,30142468,30142478,10
channel-6787,166505,30142469,30142473,4
channel-75,844154,30142469,30142476,7
channel-75,844155,30142474,30142481,7
channel-208,1488666,30142476,30142487,11
channel-2,130510,30142483,30142494,11
channel-0,4034476,30142492,30142500,8
channel-750,679500,30142495,30142510,15
channel-874,292060,30142518,30142537,19
channel-0,4034477,30142522,30142533,11
channel-85077,58093,30142527,30142554,27
channel-0,4034478,30142534,30142543,9
channel-91017,2609,30142535,30142542,7
channel-750,679501,30142539,30142550,11
channel-2,130511,30142543,30142550,7
channel-259,314053,30142549,30142557,8
channel-0,4034479,30142567,30142578,11
channel-750,679502,30142573,30142578,5
channel-6787,166506,30142573,30142578,5
channel-2,130512,30142579,30142589,10
channel-6994,1321875,30142587,30142600,13
channel-0,4034480,30142596,30142606,10
channel-122,667197,30142597,30142601,4
channel-750,679503,30142598,30142603,5
channel-750,679504,30142601,30142612,11
channel-0,4034481,30142601,30142613,12
channel-2,130513,30142604,30142619,15
channel-113,301218,30142609,30142621,12
channel-782,309967,30142616,30142621,5
channel-0,4034482,30142624,30142633,9
channel-38946,123838,30142627,30142639,12
channel-0,4034483,30142645,30142653,8
channel-6787,166507,30142653,30142658,5
channel-750,679505,30142654,30142665,11
channel-0,4034484,30142663,30142673,10
channel-6994,1321876,30142665,30142681,16
channel-874,292061,30142686,30142706,20
channel-75,844156,30142691,30142698,7
channel-0,4034485,30142692,30142702,10
channel-750,679506,30142694,30142704,10
channel-0,4034486,30142714,30142725,11
channel-208,1488667,30142731,30142739,8
channel-0,4034487,30142732,30142743,11
channel-75016,4549,30142740,30142758,18
channel-1,407818,30142744,30142765,21
channel-0,4034488,30142748,30142756,8
channel-19774,345522,30142753,30142765,12
channel-232,49154,30142755,30142764,9
channel-81016,258,30142756,30142768,12
channel-6994,1321877,30142773,30142786,13
channel-0,4034489,30142774,30142786,12
channel-232,49155,30142777,30142791,14
channel-0,4034490,30142778,30142791,13
channel-122,667198,30142795,30142798,3
channel-232,49156,30142801,30142814,13
channel-783,104072,30142814,30142820,6
channel-0,4034491,30142825,30142836,11
channel-6994,1321878,30142831,30142891,60
channel-39535,10284,30142834,30143008,174
channel-39535,10285,30142834,30143008,174
channel-874,292062,30142851,30142859,8
channel-0,4034492,30142858,30142868,10
channel-750,679507,30142858,30142882,24
channel-750,679508,30142858,30142882,24
channel-874,292063,30142872,30142882,10
channel-750,679509,30142886,30142903,17
channel-2188,43307,30142887,30142891,4
channel-6994,1321879,30142889,30142912,23
channel-0,4034493,30142897,30142907,10
channel-208,1488668,30142903,30142913,10
channel-75,844157,30142908,30142913,5
channel-0,4034494,30142915,30142923,8
channel-750,679510,30142924,30142939,15
channel-6787,166508,30142926,30142930,4
channel-522,40367,30142932,30142944,12
channel-208,1488669,30142936,30142947,11
channel-6787,166509,30142943,30142946,3
channel-0,4034495,30142944,30142952,8
channel-750,679511,30142946,30142950,4
channel-750,679512,30142948,30142959,11
channel-750,679513,30142951,30142961,10
channel-208,1488670,30142953,30142962,9
channel-148,16068,30142953,30142961,8
channel-42,1489693,30142956,30142964,8
channel-750,679514,30142958,30142967,9
channel-1,407819,30142961,30142978,17
channel-6787,166510,30142963,30142968,5
channel-1279,67084,30142963,30142985,22
channel-874,292064,30142964,30142971,7
channel-6787,166511,30142984,30142988,4
channel-874,292065,30142998,30143003,5
channel-0,4034496,30142999,30143010,11
channel-0,4034497,30143010,30143017,7
channel-42,1489694,30143010,30143018,8
channel-0,4034498,30143010,30143017,7
channel-750,679515,30143016,30143029,13
channel-208,1488671,30143044,30143057,13
channel-122,667199,30143054,30143058,4
channel-42,1489695,30143065,30143109,44
channel-783,104073,30143065,30143072,7
channel-75,844158,30143069,30143073,4
channel-251,85070,30143089,30143100,11
channel-0,4034499,30143102,30143112,10
channel-148,16069,30143105,30143111,6
channel-19774,345523,30143109,30143118,9
channel-0,4034500,30143122,30143131,9
channel-6787,166512,30143126,30143130,4
channel-1,407820,30143140,30143155,15
channel-6994,1321880,30143144,30143156,12
channel-750,679516,30143156,30143165,9
channel-750,679517,30143157,30143173,16
channel-6994,1321881,30143175,30143187,12
channel-216,93928,30143178,30143183,5
channel-320,119032,30143187,30143199,12
channel-19774,345524,30143199,30143207,8
channel-6787,166513,30143206,30143211,5
channel-122,667200,30143214,30143218,4
channel-91017,2610,30143218,30143227,9
channel-216,93929,30143220,30143224,4
channel-85077,58094,30143224,30143234,10
channel-122,667201,30143238,30143241,3
channel-0,4034501,30143252,30143261,9
channel-326,536924,30143255,30143264,9
channel-750,679518,30143259,30143264,5
channel-2494,31783,30143265,30143276,11
channel-75,844159,30143309,30143316,7
channel-0,4034502,30143327,30143337,10
channel-85077,58095,30143342,30143359,17
channel-184,137308,30143344,30143367,23
channel-750,679519,30143362,30143367,5
channel-75,844160,30143367,30143375,8
channel-0,4034503,30143399,30143409,10
channel-98130,74,30143400,30143418,18
channel-42,1489696,30143405,30143423,18
channel-122,667202,30143412,30143415,3
channel-1,407821,30143412,30143480,68
channel-750,679520,30143414,30143428,14
channel-4,166682,30143414,30143427,13
channel-750,679521,30143416,30143426,10
channel-0,4034504,30143418,30143427,9
channel-6994,1321882,30143422,30143437,15
channel-208,1488672,30143423,30143435,12
channel-143,128160,30143427,30143439,12
channel-0,4034505,30143427,30143437,10
channel-326,536925,30143432,30143450,18
channel-0,4034506,30143435,30143448,13
channel-750,679522,30143438,30143449,11
channel-320,119033,30143443,30143452,9
channel-0,4034507,30143447,30143454,7
channel-208,1488673,30143456,30143467,11
channel-0,4034508,30143470,30143480,10
channel-6787,166514,30143472,30143477,5
channel-6787,166515,30143476,30143480,4
channel-208,1488674,30143481,30143490,9
channel-113,301219,30143485,30143507,22
channel-0,4034509,30143486,30143499,13
channel-85791,3654,30143487,30143497,10
channel-89298,18464,30143489,30143498,9
channel-750,679523,30143490,30143507,17
channel-0,4034510,30143493,30143503,10
channel-750,679524,30143496,30143500,4
channel-72,516321,30143513,30143554,41
channel-750,679525,30143522,30143539,17
channel-0,4034511,30143529,30143558,29
channel-4,166683,30143540,30143581,41
channel-326,536926,30143555,30143573,18
channel-874,292066,30143564,30143571,7
channel-750,679526,30143571,30143576,5
channel-75,844161,30143574,30143581,7
channel-750,679527,30143583,30143600,17
channel-19774,345525,30143592,30143600,8
channel-19774,345526,30143595,30143605,10
channel-208,1488675,30143595,30143603,8
channel-4,166684,30143604,30143617,13
channel-750,679528,30143619,30143634,15
channel-0,4034512,30143622,30143642,20
channel-19774,345527,30143625,30143636,11
channel-1,407822,30143632,30143696,64
channel-750,679529,30143640,30143644,4
channel-874,292067,30143640,30143644,4
channel-6994,1321883,30143643,30143657,14
channel-750,679530,30143643,30143648,5
channel-75,844162,30143644,30143655,11
channel-326,536927,30143645,30143653,8
channel-326,536928,30143645,30143653,8
channel-326,536929,30143645,30143653,8
channel-326,536930,30143645,30143653,8
channel-326,536931,30143645,30143653,8
channel-326,536932,30143645,30143653,8
channel-750,679531,30143664,30143682,18
channel-874,292068,30143667,30143673,6
channel-19774,345528,30143669,30143682,13
channel-208,1488676,30143674,30143684,10
channel-874,292069,30143689,30143694,5
channel-19774,345529,30143697,30143712,15
channel-19774,345530,30143702,30143712,10
channel-0,4034513,30143704,30143712,8
channel-2186,40731,30143708,30143718,10
channel-75,844163,30143712,30143721,9
channel-874,292070,30143712,30143719,7
channel-19774,345531,30143721,30143733,12
channel-0,4034514,30143727,30143747,20
channel-6994,1321884,30143732,30143744,12
channel-85077,58096,30143734,30143746,12
channel-874,292071,30143737,30143742,5
channel-75,844164,30143741,30143750,9
channel-184,137309,30143749,30143760,11
channel-122,667203,30143752,30143755,3
channel-750,679532,30143757,30143772,15
channel-750,679533,30143757,30143762,5
channel-750,679534,30143760,30143765,5
channel-874,292072,30143762,30143768,6
channel-750,679535,30143764,30143774,10
channel-89298,18465,30143773,30143783,10
channel-4,166685,30143776,30143786,10
channel-122,667204,30143783,30143786,3
channel-783,104074,30143793,30143800,7
channel-89298,18466,30143793,30143802,9
channel-208,1488677,30143796,30143806,10
channel-874,292073,30143800,30143806,6
channel-6994,1321885,30143808,30143820,12
channel-0,4034515,30143828,30143839,11
channel-19774,345532,30143832,30143845,13
channel-750,679536,30143837,30143853,16
channel-750,679537,30143841,30143860,19
channel-0,4034516,30143841,30143854,13
channel-0,4034517,30143842,30143868,26
channel-750,679538,30143843,30143859,16
channel-0,4034518,30143859,30143868,9
channel-0,4034519,30143865,30143879,14
channel-0,4034520,30143881,30143893,12
channel-750,679539,30143903,30143925,22
channel-122,667205,30143950,30143953,3
channel-19774,345533,30143965,30143975,10
channel-522,40368,30143973,30143986,13
channel-0,4034521,30143981,30143990,9
channel-251,85071,30143982,30143990,8
channel-19774,345534,30143985,30143995,10
channel-6994,1321886,30143986,30143995,9
channel-85077,58097,30143986,30144012,26
channel-0,4034522,30144017,30144028,11
channel-1575,15144,30144019,30144028,9
channel-2,130514,30144020,30144032,12
channel-750,679540,30144020,30144025,5
channel-122,667206,30144028,30144032,4
channel-75,844165,30144049,30144056,7
channel-19774,345535,30144050,30144063,13
channel-1,407823,30144052,30144068,16
channel-199,132269,30144071,30144088,17
channel-2494,31784,30144071,30144080,9
channel-199,132270,30144111,30144123,12
channel-750,679541,30144124,30144135,11
channel-251,85072,30144129,30144140,11
channel-75,844166,30144131,30144138,7
channel-0,4034523,30144138,30144149,11
channel-750,679542,30144139,30144143,4
channel-0,4034524,30144139,30144149,10
channel-0,4034525,30144166,30144178,12
channel-85077,58098,30144192,30144214,22
channel-0,4034526,30144217,30144226,9
channel-874,292074,30144223,30144228,5
channel-199,132271,30144228,30144238,10
channel-0,4034527,30144234,30144245,11
channel-199,132272,30144240,30144256,16
channel-208,1488678,30144263,30144271,8
channel-0,4034528,30144282,30144290,8
channel-340,3098,30144297,30144307,10
channel-362,86667,30144307,30144318,11
channel-750,679543,30144314,30144331,17
channel-0,4034529,30144319,30144328,9
channel-89298,18467,30144320,30144331,11
channel-6994,1321887,30144323,30144335,12
channel-4,166686,30144337,30144346,9
channel-0,4034530,30144340,30144351,11
channel-19774,345536,30144351,30144363,12
channel-340,3099,30144354,30144364,10
channel-522,40369,30144355,30144363,8
channel-0,4034531,30144361,30144367,6
channel-75,844167,30144366,30144373,7
channel-0,4034532,30144370,30144383,13
channel-750,679544,30144383,30144393,10
channel-6994,1321888,30144389,30144400,11
channel-0,4034533,30144390,30144401,11
channel-0,4034534,30144407,30144415,8
channel-21113,25241,30144424,30144431,7
channel-0,4034535,30144426,30144439,13
channel-208,1488679,30144440,30144455,15
channel-89298,18468,30144443,30144453,10
channel-4,166687,30144450,30144473,23
channel-122,667207,30144461,30144464,3
channel-2188,43308,30144464,30144469,5
channel-0,4034536,30144465,30144476,11
channel-0,4034537,30144490,30144499,9
channel-21113,25242,30144493,30144502,9
channel-522,40370,30144496,30144505,9
channel-750,679545,30144496,30144505,9
channel-4,166688,30144505,30144519,14
channel-259,314054,30144511,30144517,6
channel-0,4034538,30144536,30144546,10
channel-251,85073,30144538,30144548,10
channel-259,314055,30144541,30144552,11
channel-0,4034539,30144548,30144558,10
channel-0,4034540,30144556,30144567,11
channel-259,314056,30144556,30144561,5
channel-0,4034541,30144569,30144581,12
channel-6,66628,30144570,30144584,14
channel-75,844168,30144575,30144581,6
channel-326,536933,30144575,30144583,8
channel-88,466926,30144581,30144623,42
channel-0,4034542,30144587,30144596,9
channel-19774,345537,30144589,30144601,12
channel-251,85074,30144601,30144610,9
channel-0,4034543,30144602,30144612,10
channel-6994,1321889,30144604,30144616,12
channel-750,679546,30144624,30144635,11
channel-75,844169,30144640,30144646,6
channel-874,292075,30144643,30144649,6
channel-199,132273,30144643,30144652,9
channel-750,679547,30144657,30144662,5
channel-75,844170,30144678,30144684,6
channel-750,679548,30144702,30144716,14
channel-0,4034544,30144705,30144713,8
channel-5,184097,30144713,30144733,20
channel-0,4034545,30144730,30144743,13
channel-75016,4550,30144732,30144749,17
channel-91017,2611,30144737,30144747,10
channel-165,71363,30144739,30145228,489
channel-0,4034546,30144750,30144763,13
channel-208,1488680,30144766,30144774,8
channel-89298,18469,30144767,30144777,10
channel-0,4034547,30144771,30144779,8
channel-122,667208,30144798,30144801,3
channel-0,4034548,30144804,30144814,10
channel-750,679549,30144813,30144816,3
channel-0,4034549,30144820,30144827,7
channel-6787,166516,30144821,30144825,4
channel-0,4034550,30144824,30144830,6
channel-750,679550,30144825,30144832,7
channel-0,4034551,30144827,30144835,8
channel-0,4034552,30144833,30144841,8
channel-89298,18470,30144835,30144846,11
channel-42,1489697,30144839,30144849,10
channel-412,64337,30144842,30144850,8
channel-199,132274,30144848,30144867,19
channel-1,407824,30144870,30144896,26
channel-85077,58099,30144882,30144907,25
channel-0,4034553,30144886,30144897,11
channel-750,679551,30144890,30144899,9
channel-2,130515,30144890,30144901,11
channel-326,536934,30144917,30144925,8
channel-122,667209,30144932,30144935,3
channel-0,4034554,30144946,30144958,12
channel-6994,1321890,30144958,30144972,14
channel-85077,58100,30144969,30144989,20
channel-522,40371,30144971,30144983,12
channel-91017,2612,30144976,30144985,9
channel-208,1488681,30144984,30144996,12
channel-75,844171,30144986,30144993,7
channel-6994,1321891,30145004,30145012,8
channel-326,536935,30145014,30145020,6
channel-750,679552,30145014,30145028,14
channel-782,309968,30145020,30145025,5
channel-75,844172,30145028,30145033,5
channel-0,4034555,30145030,30145039,9
channel-6994,1321892,30145034,30145046,12
channel-750,679553,30145050,30145062,12
channel-75,844173,30145053,30145062,9
channel-76971,12186,30145055,30145072,17
channel-91017,2613,30145064,30145072,8
channel-0,4034556,30145068,30145073,5
channel-122,667210,30145071,30145075,4
channel-874,292076,30145082,30145091,9
channel-0,4034557,30145083,30145093,10
channel-76971,12187,30145091,30145107,16
channel-0,4034558,30145092,30145102,10
channel-326,536936,30145094,30145100,6
channel-750,679554,30145100,30145106,6
channel-6994,1321893,30145111,30145122,11
channel-6994,1321894,30145119,30145148,29
channel-326,536937,30145124,30145134,10
channel-0,4034559,30145126,30145137,11
channel-0,4034560,30145143,30145155,12
channel-362,86668,30145148,30145157,9
channel-42,1489698,30145162,30145173,11
channel-113,301220,30145164,30145175,11
channel-0,4034561,30145168,30145179,11
channel-750,679555,30145170,30145189,19
channel-204,670579,30145170,30145181,11
channel-75,844174,30145182,30145188,6
channel-0,4034562,30145201,30145229,28
channel-19774,345538,30145228,30145234,6
channel-1,407825,30145228,30145239,11
channel-122,667211,30145234,30145237,3
channel-85077,58101,30145243,30145252,9
channel-165,71364,30145243,30145257,14
channel-1,407826,30145248,30145260,12
channel-0,4034563,30145266,30145274,8
channel-4,166689,30145309,30145336,27
channel-89298,18471,30145313,30145322,9
channel-122,667212,30145317,30145321,4
channel-89321,19246,30145319,30145330,11
channel-143,128161,30145325,30145336,11
channel-38946,123839,30145332,30146028,696
channel-79703,4372,30145343,30145364,21
channel-326,536938,30145356,30145363,7
channel-0,4034564,30145372,30145384,12
channel-1,407827,30145399,30145441,42
channel-6994,1321895,30145399,30145426,27
channel-0,4034565,30145406,30145418,12
channel-232,49157,30145429,30145537,108
channel-0,4034566,30145433,30145444,11
channel-259,314057,30145449,30145453,4
channel-1,407828,30145449,30145463,14
channel-1,407829,30145462,30145491,29
channel-6994,1321896,30145474,30145484,10
channel-1,407830,30145480,30145491,11
channel-750,679556,30145482,30145507,25
channel-750,679557,30145485,30145497,12
channel-750,679558,30145485,30145490,5
channel-0,4034567,30145490,30145500,10
channel-19774,345539,30145493,30145504,11
channel-750,679559,30145497,30145511,14
channel-88,466927,30145497,30145526,29
channel-208,1488682,30145498,30145511,13
channel-88,466928,30145513,30145532,19
channel-259,314058,30145516,30145522,6
channel-750,679560,30145517,30145528,11
channel-122,667213,30145523,30145527,4
channel-6994,1321897,30145538,30145550,12
channel-6994,1321898,30145540,30145568,28
channel-208,1488683,30145545,30145556,11
channel-122,667214,30145545,30145548,3
channel-122,667215,30145555,30145559,4
channel-6994,1321899,30145572,30145583,11
channel-750,679561,30145581,30145603,22
channel-0,4034568,30145587,30145597,10
channel-750,679562,30145594,30145604,10
channel-0,4034569,30145595,30145622,27
channel-38946,123840,30145608,30145620,12
channel-0,4034570,30145613,30145622,9
channel-750,679563,30145618,30145630,12
channel-781,11375,30145627,30145635,8
channel-75,844175,30145628,30145635,7
channel-75,844176,30145650,30145655,5
channel-122,667216,30145655,30145659,4
channel-750,679564,30145669,30145673,4
channel-85791,3655,30145669,30145680,11
channel-122,667217,30145669,30145673,4
channel-0,4034571,30145670,30145682,12
channel-88,466929,30145678,30145769,91
channel-6994,1321900,30145680,30145710,30
channel-642,126445,30145684,30145802,118
channel-76971,12188,30145685,30145737,52
channel-6994,1321901,30145731,30145745,14
channel-122,667218,30145750,30145753,3
channel-85791,3656,30145753,30145761,8
channel-122,667219,30145763,30145766,3
channel-1,407831,30145774,30145783,9
channel-5485,1691,30145779,30145808,29
channel-229,54931,30145779,30145796,17
channel-75,844177,30145785,30145793,8
channel-0,4034572,30145793,30145803,10
channel-85791,3657,30145793,30145799,6
channel-259,314059,30145794,30145803,9
channel-208,1488684,30145800,30145812,12
channel-143,128162,30145802,30145811,9
channel-89321,19247,30145812,30145823,11
channel-0,4034573,30145825,30145837,12
channel-750,679565,30145825,30145831,6
channel-85791,3658,30145837,30145843,6
channel-75,844178,30145841,30145848,7
channel-0,4034574,30145872,30145900,28
channel-199,132275,30145905,30145914,9
channel-85791,3659,30145915,30145923,8
channel-750,679566,30145923,30145928,5
channel-0,4034575,30145928,30145939,11
channel-0,4034576,30145932,30145942,10
channel-113,301221,30145937,30145950,13
channel-75,844179,30145949,30145955,6
channel-6994,1321902,30145953,30145962,9
channel-6994,1321903,30145954,30145962,8
channel-251,85075,30145987,30145996,9
channel-326,536939,30145995,30146005,10
channel-0,4034577,30146001,30146009,8
channel-0,4034578,30146004,30146013,9
channel-0,4034579,30146031,30146043,12
channel-0,4034580,30146032,30146043,11
channel-88,466930,30146051,30146063,12
channel-208,1488685,30146056,30146068,12
channel-199,132276,30146083,30146091,8
channel-251,85076,30146083,30146096,13
channel-0,4034581,30146086,30146092,6
channel-143,128163,30146087,30146126,39
channel-85791,3660,30146100,30146106,6
channel-85077,58102,30146101,30146113,12
channel-6787,166517,30146101,30146105,4
channel-122,667220,30146101,30146104,3
channel-2188,43309,30146102,30146106,4
channel-0,4034582,30146121,30146132,11
channel-0,4034583,30146123,30146148,25
channel-19774,345540,30146125,30146134,9
channel-6994,1321904,30146128,30146143,15
channel-232,49158,30146132,30146143,11
channel-2186,40732,30146136,30146146,10
channel-88,466931,30146138,30146172,34
channel-0,4034584,30146152,30146163,11
channel-208,1488686,30146154,30146165,11
channel-19774,345541,30146157,30146169,12
channel-6994,1321905,30146169,30146180,11
channel-122,667221,30146171,30146175,4
channel-0,4034585,30146171,30146182,11
channel-19774,345542,30146172,30146182,10
channel-251,85077,30146172,30146182,10
channel-19774,345543,30146182,30146192,10
channel-42,1489699,30146197,30146203,6
channel-21113,25243,30146199,30146207,8
channel-75,844180,30146201,30146212,11
channel-642,126446,30146207,30146289,82
channel-42,1489700,30146213,30146220,7
channel-0,4034586,30146214,30146225,11
channel-42,1489701,30146218,30146228,10
channel-2494,31785,30146222,30146237,15
channel-122,667222,30146224,30146227,3
channel-0,4034587,30146227,30146241,14
channel-0,4034588,30146252,30146263,11
channel-750,679567,30146260,30146266,6
channel-232,49159,30146261,30146271,10
channel-0,4034589,30146263,30146273,10
channel-6994,1321906,30146276,30146285,9
channel-42,1489702,30146285,30146296,11
channel-0,4034590,30146287,30146297,10
channel-19774,345544,30146289,30146301,12
channel-0,4034591,30146293,30146303,10
channel-0,4034592,30146294,30146303,9
channel-19774,345545,30146303,30146316,13
channel-122,667223,30146312,30146316,4
channel-75,844181,30146317,30146324,7
channel-19774,345546,30146339,30146346,7
channel-75,844182,30146349,30146407,58
channel-0,4034593,30146355,30146366,11
channel-0,4034594,30146356,30146366,10
channel-122,667224,30146356,30146360,4
channel-122,667225,30146366,30146370,4
channel-85077,58103,30146371,30146383,12
channel-208,1488687,30146378,30146388,10
channel-208,1488688,30146380,30146397,17
channel-122,667226,30146388,30146391,3
channel-0,4034595,30146396,30146421,25
channel-750,679568,30146411,30146416,5
channel-85077,58104,30146413,30146439,26
channel-1,407832,30146418,30146429,11
channel-6787,166518,30146419,30146423,4
channel-42,1489703,30146419,30146428,9
channel-0,4034596,30146422,30146432,10
channel-0,4034597,30146424,30146437,13
channel-122,667227,30146430,30146433,3
channel-87,182879,30146432,30146441,9
channel-91017,2614,30146440,30146451,11
channel-2494,31786,30146442,30146454,12
channel-79703,4373,30146442,30146459,17
channel-750,679569,30146444,30146449,5
channel-1,407833,30146444,30146458,14
channel-326,536940,30146447,30146458,11
channel-0,4034598,30146452,30146460,8
channel-75,844183,30146469,30146476,7
channel-0,4034599,30146474,30146482,8
channel-6994,1321907,30146480,30146494,14
channel-75,844184,30146481,30146488,7
channel-122,667228,30146486,30146490,4
channel-6994,1321908,30146487,30146498,11
channel-89298,18472,30146499,30146510,11
channel-1,407834,30146506,30146546,40
channel-251,85078,30146507,30146516,9
channel-122,667229,30146509,30146512,3
channel-782,309969,30146515,30146532,17
channel-208,1488689,30146546,30146560,14
channel-19774,345547,30146547,30146559,12
channel-122,667230,30146553,30146556,3
channel-122,667231,30146560,30146563,3
channel-6994,1321909,30146589,30146601,12
channel-1,407835,30146599,30146610,11
channel-326,536941,30146599,30146605,6
channel-750,679570,30146601,30146625,24
channel-0,4034600,30146606,30146617,11
channel-1,407836,30146617,30146638,21
channel-6994,1321910,30146625,30146641,16
channel-1,407837,30146641,30146651,10
channel-122,667232,30146665,30146669,4
channel-0,4034601,30146669,30146681,12
channel-122,667233,30146677,30146681,4
channel-750,679571,30146679,30146685,6
channel-750,679572,30146681,30146686,5
channel-165,71365,30146687,30146734,47
channel-122,667234,30146692,30146696,4
channel-75,844185,30146692,30146700,8
channel-6994,1321911,30146695,30146709,14
channel-75016,4551,30146713,30146729,16
channel-208,1488690,30146719,30146730,11
channel-0,4034602,30146727,30146737,10
channel-4,166690,30146734,30146751,17
channel-122,667235,30146737,30146741,4
channel-75,844186,30146739,30146749,10
channel-42,1489704,30146747,30146753,6
channel-750,679573,30146766,30146797,31
channel-216,93930,30146770,30146775,5
channel-782,309970,30146772,30146778,6
channel-75,844187,30146775,30146783,8
channel-0,4034603,30146779,30146790,11
channel-0,4034604,30146781,30146795,14
channel-208,1488691,30146785,30146798,13
channel-750,679574,30146799,30146809,10
channel-783,104075,30146807,30146813,6
channel-19774,345548,30146814,30146823,9
channel-204,670580,30146823,30146829,6
channel-19774,345549,30146830,30146841,11
channel-88,466932,30146831,30146848,17
channel-19774,345550,30146848,30146862,14
channel-91017,2615,30146861,30146872,11
channel-19774,345551,30146871,30146879,8
channel-0,4034605,30146873,30146885,12
channel-326,536942,30146875,30146890,15
channel-326,536943,30146875,30146890,15
channel-326,536944,30146875,30146890,15
channel-326,536945,30146875,30146890,15
channel-326,536946,30146875,30146890,15
channel-326,536947,30146875,30146890,15
channel-326,536948,30146875,30146890,15
channel-5485,1692,30146879,30146921,42
channel-72,516322,30146880,30146924,44
channel-750,679575,30146886,30146893,7
channel-6994,1321912,30146888,30146897,9
channel-642,126447,30146890,30146918,28
channel-1,407838,30146890,30146904,14
channel-19774,345552,30146896,30146905,9
channel-19774,345553,30146901,30146911,10
channel-216,93931,30146904,30146908,4
channel-0,4034606,30146910,30146919,9
channel-750,679576,30146912,30146916,4
channel-6897,5617,30146914,30146920,6
channel-6994,1321913,30146915,30146925,10
channel-208,1488692,30146915,30146928,13
channel-6994,1321914,30146920,30146931,11
channel-85791,3661,30146923,30146933,10
channel-750,679577,30146937,30146951,14
channel-0,4034607,30146949,30146962,13
channel-89298,18473,30146968,30146978,10
channel-42,1489705,30146968,30146979,11
channel-642,126448,30146972,30147036,64
channel-42,1489706,30146979,30146989,10
channel-208,1488693,30146985,30146997,12
channel-42,1489707,30146994,30147006,12
channel-1,407839,30146999,30147031,32
channel-42,1489708,30147003,30147011,8
channel-1,407840,30147006,30147031,25
channel-216,93932,30147030,30147034,4
channel-38946,123841,30147036,30147054,18
channel-42,1489709,30147041,30147054,13
channel-91017,2616,30147044,30147054,10
channel-42,1489710,30147046,30147067,21
channel-42,1489711,30147064,30147076,12
channel-782,309971,30147064,30147068,4
channel-75,844188,30147081,30147089,8
channel-340,3100,30147087,30147097,10
channel-4,166691,30147093,30147111,18
channel-1279,67085,30147099,30147111,12
channel-0,4034608,30147102,30147108,6
channel-6994,1321915,30147119,30147157,38
channel-326,536949,30147125,30147140,15
channel-750,679578,30147129,30147133,4
channel-326,536950,30147136,30147150,14
channel-750,679579,30147136,30147142,6
channel-750,679580,30147150,30147153,3
channel-208,1488694,30147163,30147177,14
channel-79703,4374,30147182,30147195,13
channel-750,679581,30147198,30147206,8
channel-82,18938,30147200,30147235,35
channel-2494,31787,30147203,30147212,9
channel-85077,58105,30147215,30147243,28
channel-750,679582,30147230,30147238,8
channel-122,667236,30147234,30147238,4
channel-320,119034,30147238,30147250,12
channel-750,679583,30147238,30147242,4
channel-750,679584,30147257,30147262,5
channel-208,1488695,30147257,30147267,10
channel-91017,2617,30147271,30147281,10
channel-0,4034609,30147274,30147284,10
channel-750,679585,30147284,30147298,14
channel-94814,3645,30147303,30147312,9
channel-0,4034610,30147320,30147328,8
channel-122,667237,30147320,30147324,4
channel-184,137310,30147323,30147334,11
channel-88,466933,30147328,30147344,16
channel-0,4034611,30147352,30147361,9
channel-199,132277,30147363,30147372,9
channel-75,844189,30147372,30147380,8
channel-19774,345554,30147374,30147387,13
channel-38946,123842,30147374,30147400,26
channel-492,20100,30147375,30147387,12
channel-750,679586,30147377,30147382,5
channel-77,50242,30147393,30147404,11
channel-6787,166519,30147456,30147461,5
channel-1,407841,30147460,30147471,11
channel-6994,1321916,30147469,30147514,45
channel-874,292077,30147472,30147476,4
channel-320,119035,30147487,30147514,27
channel-0,4034612,30147525,30147537,12
channel-750,679587,30147527,30147532,5
channel-6994,1321917,30147533,30147552,19
channel-750,679588,30147542,30147552,10
channel-340,3101,30147569,30147583,14
channel-0,4034613,30147575,30147585,10
channel-6994,1321918,30147575,30147584,9
channel-6994,1321919,30147576,30147584,8
channel-199,132278,30147585,30147595,10
channel-750,679589,30147597,30147603,6
channel-750,679590,30147598,30147603,5
channel-6994,1321920,30147604,30147614,10
channel-0,4034614,30147604,30147617,13
channel-208,1488696,30147611,30147624,13
channel-0,4034615,30147622,30147632,10
channel-874,292078,30147623,30147630,7
channel-2494,31788,30147627,30147638,11
channel-0,4034616,30147634,30147643,9
channel-326,536951,30147638,30147647,9
channel-113,301222,30147640,30147648,8
channel-0,4034617,30147644,30147652,8
channel-75,844190,30147645,30147652,7
channel-75016,4552,30147650,30147669,19
channel-0,4034618,30147650,30147662,12
channel-0,4034619,30147650,30147662,12
channel-320,119036,30147654,30147680,26
channel-208,1488697,30147659,30147670,11
channel-1,407842,30147666,30147704,38
channel-750,679591,30147671,30147686,15
channel-88,466934,30147685,30147706,21
channel-148,16070,30147689,30147695,6
channel-0,4034620,30147694,30147703,9
channel-750,679592,30147706,30147710,4
channel-1429,140584,30147706,30147716,10
channel-0,4034621,30147717,30147723,6
channel-251,85079,30147720,30147731,11
channel-208,1488698,30147730,30147740,10
channel-750,679593,30147753,30147761,8
channel-75,844191,30147779,30147788,9
channel-783,104076,30147787,30147794,7
channel-320,119037,30147789,30147812,23
channel-42,1489712,30147789,30147799,10
channel-0,4034622,30147820,30147826,6
channel-0,4034623,30147827,30147836,9
channel-0,4034624,30147828,30147840,12
channel-750,679594,30147829,30147833,4
channel-2188,43310,30147837,30147841,4
channel-79180,3371,30147838,30147854,16
channel-143,128164,30147841,30147858,17
channel-0,4034625,30147842,30147854,12
channel-0,4034626,30147866,30147875,9
channel-2494,31789,30147866,30147877,11
channel-229,54932,30147886,30147897,11
channel-0,4034627,30147887,30147898,11
channel-85077,58106,30147888,30147899,11
channel-750,679595,30147896,30147911,15
channel-1,407843,30147899,30147928,29
channel-750,679596,30147901,30147916,15
channel-216,93933,30147911,30147916,5
channel-0,4034628,30147914,30147925,11
channel-42,1489713,30147914,30147923,9
channel-750,679597,30147914,30147928,14
channel-122,667238,30147914,30147917,3
channel-0,4034629,30147914,30147925,11
channel-750,679598,30147915,30147928,13
channel-750,679599,30147917,30147928,11
channel-0,4034630,30147922,30147931,9
channel-75,844192,30147928,30147935,7
channel-0,4034631,30147934,30147946,12
channel-19774,345555,30147944,30147953,9
channel-750,679600,30147946,30147956,10
channel-0,4034632,30147954,30147978,24
channel-0,4034633,30147956,30147976,20
channel-115,20309,30147958,30147969,11
channel-165,71366,30147958,30147970,12
channel-0,4034634,30147960,30147971,11
channel-326,536952,30147964,30147985,21
channel-874,292079,30147966,30147972,6
channel-91017,2618,30147969,30147978,9
channel-216,93934,30147977,30147980,3
channel-1,407844,30147980,30148008,28
channel-85791,3662,30147981,30147991,10
channel-216,93935,30147982,30147986,4
channel-21113,25244,30147982,30147990,8
channel-75,844193,30147983,30147990,7
channel-216,93936,30147990,30147993,3
channel-0,4034635,30147991,30148000,9
channel-6994,1321921,30147999,30148010,11
channel-229,54933,30148005,30148014,9
channel-216,93937,30148012,30148016,4
channel-184,137311,30148014,30148017,3
channel-320,119038,30148015,30148050,35
channel-1,407845,30148015,30148023,8
channel-0,4034636,30148015,30148019,4
channel-122,667239,30148017,30148021,4
channel-1429,140585,30148029,30148037,8
channel-88,466935,30148039,30148056,17
channel-122,667240,30148043,30148047,4
channel-782,309972,30148043,30148048,5
channel-750,679601,30148050,30148055,5
channel-216,93938,30148050,30148054,4
channel-1429,140586,30148056,30148067,11
channel-1429,140587,30148057,30148084,27
channel-85791,3663,30148058,30148063,5
channel-122,667241,30148059,30148063,4
channel-782,309973,30148060,30148065,5
channel-88,466936,30148064,30148082,18
channel-1429,140588,30148064,30148076,12
channel-6994,1321922,30148071,30148081,10
channel-1429,140589,30148075,30148084,9
channel-782,309974,30148078,30148085,7
channel-1429,140590,30148081,30148090,9
channel-782,309975,30148081,30148087,6
channel-216,93939,30148087,30148091,4
channel-216,93940,30148091,30148096,5
channel-88,466937,30148096,30148116,20
channel-216,93941,30148097,30148101,4
channel-750,679602,30148098,30148102,4
channel-208,1488699,30148100,30148107,7
channel-750,679603,30148100,30148113,13
channel-0,4034637,30148103,30148113,10
channel-320,119039,30148103,30148129,26
channel-184,137312,30148103,30148108,5
channel-259,314060,30148105,30148110,5
channel-88,466938,30148108,30148142,34
channel-6994,1321923,30148108,30148120,12
channel-320,119040,30148118,30148138,20
channel-4,166692,30148125,30148150,25
channel-6994,1321924,30148127,30148138,11
channel-0,4034638,30148132,30148150,18
channel-0,4034639,30148134,30148147,13
channel-1,407846,30148142,30148173,31
channel-75,844194,30148152,30148159,7
channel-0,4034640,30148155,30148164,9
channel-4,166693,30148177,30148196,19
channel-1429,140591,30148178,30148187,9
channel-782,309976,30148178,30148184,6
channel-216,93942,30148184,30148190,6
channel-259,314061,30148190,30148197,7
channel-259,314062,30148192,30148209,17
channel-750,679604,30148203,30148210,7
channel-75,844195,30148209,30148216,7
channel-208,1488700,30148224,30148236,12
channel-75,844196,30148225,30148232,7
channel-1429,140592,30148227,30148236,9
channel-0,4034641,30148231,30148243,12
channel-184,137313,30148237,30148247,10
channel-750,679605,30148239,30148243,4
channel-208,1488701,30148245,30148262,17
channel-750,679606,30148266,30148270,4
channel-0,4034642,30148277,30148289,12
channel-85077,58107,30148277,30148296,19
channel-89298,18474,30148281,30148294,13
channel-0,4034643,30148292,30148303,11
channel-0,4034644,30148297,30148308,11
channel-750,679607,30148303,30148318,15
channel-6994,1321925,30148304,30148315,11
channel-4,166694,30148317,30148333,16
channel-208,1488702,30148333,30148343,10
channel-89298,18475,30148336,30148348,12
channel-204,670583,30148341,30148351,10
channel-4,166695,30148356,30148377,21
channel-4,166696,30148367,30148401,34
channel-750,679608,30148368,30148384,16
channel-2,130516,30148374,30148389,15
channel-0,4034645,30148376,30148386,10
channel-0,4034646,30148390,30148401,11
channel-4,166697,30148390,30148411,21
channel-0,4034647,30148400,30148426,26
channel-750,679609,30148403,30148414,11
channel-229,54934,30148407,30148417,10
channel-89298,18476,30148417,30148429,12
channel-19774,345556,30148421,30148431,10
channel-320,119041,30148430,30148454,24
channel-122,667242,30148431,30148434,3
channel-122,667243,30148436,30148440,4
channel-0,4034648,30148442,30148451,9
channel-208,1488703,30148483,30148495,12
channel-0,4034649,30148490,30148499,9
channel-259,314063,30148492,30148500,8
channel-0,4034650,30148494,30148504,10
channel-6787,166520,30148496,30148500,4
channel-0,4034651,30148498,30148509,11
channel-2,130517,30148505,30148513,8
channel-208,1488704,30148505,30148515,10
channel-750,679610,30148511,30148516,5
channel-92956,186,30148521,30148532,11
channel-4,166698,30148523,30148554,31
channel-259,314064,30148533,30148540,7
channel-85077,58108,30148534,30148549,15
channel-38946,123843,30148539,30148553,14
channel-259,314065,30148553,30148558,5
channel-229,54935,30148556,30148561,5
channel-6994,1321926,30148557,30148571,14
channel-2,130518,30148561,30148570,9
channel-89298,18477,30148562,30148571,9
channel-412,64338,30148566,30148574,8
channel-19774,345557,30148569,30148580,11
channel-19774,345558,30148571,30148580,9
channel-143,128165,30148579,30148600,21
channel-42,1489714,30148585,30148600,15
channel-0,4034652,30148585,30148597,12
channel-2,130519,30148600,30148611,11
channel-259,314066,30148609,30148616,7
channel-19774,345559,30148611,30148620,9
channel-0,4034653,30148616,30148625,9
channel-229,54936,30148627,30148636,9
channel-0,4034654,30148627,30148655,28
channel-6994,1321927,30148631,30148644,13
channel-320,119042,30148659,30148704,45
channel-783,104077,30148663,30148669,6
channel-1429,140593,30148665,30148674,9
channel-1429,140594,30148671,30148683,12
channel-2,130520,30148687,30148698,11
channel-1,407847,30148694,30148711,17
channel-229,54937,30148706,30148713,7
channel-750,679611,30148706,30148715,9
channel-0,4034655,30148706,30148716,10
channel-79703,4376,30148716,30148727,11
channel-75,844197,30148716,30148722,6
channel-0,4034656,30148719,30148732,13
channel-783,104078,30148721,30148728,7
channel-94814,3646,30148722,30148742,20
channel-91017,2619,30148726,30148735,9
channel-6787,166521,30148728,30148733,5
channel-0,4034657,30148732,30148740,8
channel-122,667244,30148753,30148757,4
channel-750,679612,30148757,30148761,4
channel-783,104079,30148766,30148774,8
channel-85077,58109,30148771,30148792,21
channel-216,93943,30148775,30148779,4
channel-2,130521,30148789,30148800,11
channel-184,137314,30148804,30148822,18
channel-229,54938,30148814,30148824,10
channel-783,104080,30148816,30148825,9
channel-783,104081,30148831,30148844,13
channel-184,137315,30148833,30148846,13
channel-6994,1321928,30148847,30148857,10
channel-91017,2620,30148851,30148862,11
channel-750,679613,30148859,30148865,6
channel-6994,1321929,30148862,30148873,11
channel-2,130522,30148865,30148874,9
channel-19774,345560,30148871,30148884,13
channel-750,679614,30148874,30148879,5
channel-783,104082,30148890,30148903,13
channel-750,679615,30148890,30148895,5
channel-750,679616,30148892,30148910,18
channel-229,54939,30148892,30148903,11
channel-75,844198,30148893,30148900,7
channel-208,1488705,30148901,30148917,16
channel-6994,1321930,30148905,30148921,16
channel-1,407848,30148914,30148933,19
channel-122,667245,30148917,30148921,4
channel-1,407849,30148944,30148957,13
channel-259,314067,30148945,30148952,7
channel-1,407850,30148948,30148957,9
channel-259,314068,30148952,30148958,6
channel-122,667246,30148954,30148957,3
channel-2,130523,30148954,30148965,11
channel-6994,1321931,30148969,30148979,10
channel-0,4034658,30148976,30148983,7
channel-6994,1321932,30148984,30149013,29
channel-6787,166522,30148985,30148989,4
channel-2,130524,30148985,30148996,11
channel-229,54940,30148996,30149006,10
channel-750,679617,30148997,30149004,7
channel-199,132279,30148998,30149006,8
channel-320,119043,30149004,30149046,42
channel-208,1488706,30149024,30149033,9
channel-2,130525,30149034,30149044,10
channel-0,4034659,30149037,30149047,10
channel-208,1488707,30149044,30149058,14
channel-0,4034660,30149056,30149082,26
channel-143,128166,30149057,30149089,32
channel-229,54941,30149058,30149068,10
channel-85791,3664,30149059,30149065,6
channel-0,4034661,30149061,30149073,12
channel-750,679618,30149063,30149079,16
channel-0,4034662,30149064,30149073,9
channel-89298,18478,30149073,30149084,11
channel-184,137316,30149076,30149085,9
channel-0,4034663,30149080,30149092,12
channel-39535,10286,30149092,30149164,72
channel-143,128167,30149095,30149131,36
channel-2,130526,30149098,30149108,10
channel-122,667247,30149098,30149102,4
channel-85791,3665,30149099,30149108,9
channel-874,292080,30149101,30149107,6
channel-6994,1321933,30149107,30149124,17
channel-0,4034664,30149115,30149125,10
channel-85077,58110,30149118,30149134,16
channel-21113,25245,30149119,30149130,11
channel-259,314069,30149121,30149128,7
channel-0,4034665,30149131,30149154,23
channel-782,309977,30149136,30149140,4
channel-113,301223,30149139,30149163,24
channel-0,4034666,30149141,30149154,13
channel-750,679619,30149145,30149150,5
channel-750,679620,30149151,30149169,18
channel-21113,25246,30149152,30149159,7
channel-0,4034667,30149159,30149172,13
channel-85077,58111,30149171,30149210,39
channel-0,4034668,30149172,30149197,25
channel-208,1488708,30149192,30149202,10
channel-122,667248,30149192,30149196,4
channel-6897,5618,30149201,30149210,9
channel-2186,40733,30149202,30149214,12
channel-75,844199,30149204,30149214,10
channel-204,670585,30149212,30149220,8
channel-143,128168,30149217,30149227,10
channel-85077,58112,30149217,30149240,23
channel-259,314070,30149219,30149224,5
channel-184,137317,30149236,30149250,14
channel-6994,1321934,30149251,30149264,13
channel-326,536953,30149252,30149259,7
channel-79703,4377,30149266,30149276,10
channel-91017,2621,30149269,30149279,10
channel-184,137318,30149278,30149289,11
channel-89298,18479,30149288,30149299,11
channel-750,679621,30149315,30149327,12
channel-6994,1321935,30149317,30149329,12
channel-91017,2622,30149323,30149331,8
channel-21113,25247,30149327,30149334,7
channel-122,667249,30149330,30149334,4
channel-0,4034669,30149332,30149343,11
channel-750,679622,30149333,30149344,11
channel-6994,1321936,30149340,30149354,14
channel-750,679623,30149340,30149355,15
channel-326,536954,30149342,30149347,5
channel-208,1488709,30149349,30149360,11
channel-750,679624,30149361,30149376,15
channel-750,679625,30149362,30149377,15
channel-750,679626,30149370,30149376,6
channel-750,679627,30149376,30149386,10
channel-750,679628,30149378,30149389,11
channel-85077,58113,30149380,30149403,23
channel-750,679629,30149383,30149394,11
channel-750,679630,30149391,30149396,5
channel-522,40372,30149394,30149404,10
channel-208,1488710,30149396,30149408,12
channel-783,104083,30149403,30149419,16
channel-0,4034670,30149410,30149417,7
channel-750,679631,30149414,30149431,17
channel-750,679632,30149417,30149421,4
channel-750,679633,30149418,30149431,13
channel-42,1489715,30149432,30149444,12
channel-208,1488711,30149444,30149457,13
channel-522,40373,30149451,30149461,10
channel-0,4034671,30149454,30149467,13
channel-6994,1321937,30149454,30149482,28
channel-783,104084,30149458,30149467,9
channel-42,1489716,30149460,30149472,12
channel-750,679634,30149465,30149470,5
channel-6994,1321938,30149471,30149512,41
channel-750,679635,30149472,30149476,4
channel-0,4034672,30149474,30149494,20
channel-122,667250,30149477,30149482,5
channel-320,119044,30149479,30149502,23
channel-2188,43311,30149482,30149487,5
channel-6994,1321939,30149491,30149512,21
channel-42,1489717,30149491,30149497,6
channel-6787,166523,30149491,30149496,5
channel-767,14326,30149493,30149504,11
channel-750,679636,30149495,30149499,4
channel-216,93944,30149498,30149502,4
channel-522,40374,30149499,30149513,14
channel-216,93945,30149501,30149504,3
channel-21113,25248,30149512,30149520,8
channel-1575,15145,30149515,30149526,11
channel-0,4034673,30149524,30149531,7
channel-216,93946,30149525,30149529,4
channel-122,667251,30149531,30149534,3
channel-208,1488712,30149531,30149542,11
channel-122,667252,30149533,30149539,6
channel-259,314071,30149540,30149546,6
channel-85077,58114,30149551,30149579,28
channel-208,1488713,30149554,30149566,12
channel-122,667253,30149565,30149569,4
channel-0,4034674,30149566,30149587,21
channel-216,93947,30149570,30149573,3
channel-750,679637,30149570,30149574,4
channel-6994,1321940,30149576,30149605,29
channel-208,1488714,30149579,30149589,10
channel-89298,18480,30149591,30149603,12
channel-750,679638,30149593,30149605,12
channel-6994,1321941,30149593,30149621,28
channel-208,1488715,30149595,30149605,10
channel-0,4034675,30149610,30149620,10
channel-75,844200,30149613,30149620,7
channel-208,1488716,30149615,30149628,13
channel-522,40375,30149616,30149626,10
channel-750,679639,30149618,30149624,6
channel-326,536955,30149621,30149627,6
channel-2188,43312,30149622,30149627,5
channel-750,679640,30149624,30149637,13
channel-6994,1321942,30149627,30149651,24
channel-320,119045,30149628,30149637,9
channel-0,4034676,30149630,30149642,12
channel-6994,1321943,30149640,30149668,28
channel-19774,345561,30149640,30149650,10
channel-750,679641,30149640,30149645,5
channel-522,40376,30149645,30149656,11
channel-208,1488717,30149646,30149656,10
channel-2186,40734,30149647,30149658,11
channel-0,4034677,30149654,30149666,12
channel-75,844201,30149661,30149669,8
channel-767,14327,30149671,30149684,13
channel-2188,43313,30149677,30149682,5
channel-143,128169,30149682,30149709,27
channel-782,309978,30149686,30149691,5
channel-75755,5505,30149690,30149700,10
channel-0,4034678,30149697,30149710,13
channel-85077,58115,30149697,30149712,15
channel-75,844202,30149698,30149706,8
channel-1,407851,30149704,30149716,12
channel-204,670587,30149707,30149715,8
channel-72,516323,30149712,30149750,38
channel-0,4034679,30149716,30149723,7
channel-0,4034680,30149721,30149733,12
channel-6994,1321944,30149726,30149741,15
channel-750,679642,30149732,30149743,11
channel-259,314072,30149734,30149744,10
channel-6994,1321945,30149734,30149746,12
channel-6994,1321946,30149738,30149750,12
channel-0,4034681,30149740,30149751,11
channel-6994,1321947,30149756,30149767,11
channel-75,844203,30149758,30149765,7
channel-750,679643,30149776,30149793,17
channel-42,1489718,30149791,30149799,8
channel-75,844204,30149797,30149804,7
channel-1,407852,30149814,30149824,10
channel-85791,3666,30149832,30149839,7
channel-874,292081,30149832,30149842,10
channel-122,667254,30149856,30149859,3
channel-6994,1321948,30149861,30149876,15
channel-750,679644,30149869,30149878,9
channel-0,4034682,30149870,30149883,13
channel-85791,3667,30149871,30149881,10
channel-1,407853,30149874,30149885,11
channel-122,667255,30149874,30149877,3
channel-326,536956,30149878,30149885,7
channel-1279,67086,30149887,30149898,11
channel-91017,2623,30149893,30149903,10
channel-208,1488718,30149911,30149922,11
channel-0,4034683,30149922,30149931,9
channel-208,1488719,30149930,30149943,13
channel-750,679645,30149951,30149969,18
channel-0,4034684,30149951,30149963,12
channel-21113,25249,30149951,30149959,8
channel-122,667256,30149952,30149956,4
channel-85791,3668,30149967,30149977,10
channel-208,1488720,30149984,30149998,14
channel-750,679646,30149989,30149999,10
channel-85077,58116,30149996,30150007,11
channel-1,407854,30150015,30150026,11
channel-0,4034685,30150018,30150029,11
channel-208,1488721,30150020,30150029,9
channel-208,1488722,30150028,30150039,11
channel-75,844205,30150037,30150051,14
channel-0,4034686,30150061,30150074,13
channel-122,667257,30150065,30150069,4
channel-79703,4378,30150073,30150088,15
channel-750,679647,30150075,30150089,14
channel-874,292082,30150078,30150086,8
channel-75,844206,30150081,30150087,6
channel-326,536957,30150102,30150119,17
channel-5,184098,30150103,30150115,12
channel-874,292083,30150113,30150124,11
channel-75,844207,30150116,30150124,8
channel-222,3818,30150119,30150129,10
channel-750,679648,30150122,30150136,14
channel-750,679649,30150123,30150136,13
channel-5,184099,30150126,30150136,10
channel-122,667258,30150133,30150136,3
channel-75,844208,30150148,30150156,8
channel-75,844209,30150148,30150156,8
channel-0,4034687,30150152,30150163,11
channel-91017,2624,30150155,30150165,10
channel-750,679650,30150165,30150170,5
channel-188,190488,30150168,30150178,10
channel-216,93948,30150176,30150181,5
channel-874,292084,30150178,30150184,6
channel-216,93949,30150181,30150184,3
channel-750,679651,30150184,30150196,12
channel-0,4034688,30150185,30150193,8
channel-85077,58117,30150188,30150198,10
channel-6994,1321949,30150192,30150206,14
channel-232,49160,30150193,30150202,9
channel-208,1488723,30150209,30150221,12
channel-75,844210,30150213,30150220,7
channel-6994,1321950,30150219,30150228,9
channel-91017,2625,30150221,30150229,8
channel-750,679652,30150223,30150236,13
channel-0,4034689,30150230,30150255,25
channel-143,128170,30150233,30150262,29
channel-750,679653,30150235,30150249,14
channel-208,1488724,30150242,30150252,10
channel-208,1488725,30150256,30150266,10
channel-76971,12189,30150258,30150281,23
channel-0,4034690,30150262,30150271,9
channel-75,844211,30150265,30150271,6
channel-208,1488726,30150265,30150273,8
channel-208,1488727,30150269,30150276,7
channel-85077,58118,30150280,30150290,10
channel-6994,1321951,30150295,30150325,30
channel-750,679654,30150301,30150310,9
channel-75,844212,30150301,30150308,7
channel-208,1488728,30150310,30150324,14
channel-1279,67087,30150311,30150326,15
channel-216,93950,30150313,30150318,5
channel-750,679655,30150317,30150322,5
channel-750,679656,30150320,30150325,5
channel-251,85080,30150321,30150332,11
channel-750,679657,30150325,30150339,14
channel-750,679658,30150328,30150343,15
channel-75,844213,30150329,30150336,7
channel-750,679659,30150330,30150343,13
channel-750,679660,30150332,30150344,12
channel-94814,3647,30150333,30150344,11
channel-85077,58119,30150335,30150356,21
channel-750,679661,30150342,30150352,10
channel-1279,67088,30150343,30150352,9
channel-326,536958,30150344,30150350,6
channel-85077,58120,30150345,30150356,11
channel-874,292085,30150350,30150356,6
channel-750,679662,30150354,30150369,15
channel-85077,58121,30150357,30150391,34
channel-750,679663,30150362,30150375,13
channel-1,407855,30150368,30150405,37
channel-750,679664,30150374,30150387,13
channel-216,93951,30150374,30150377,3
channel-6994,1321952,30150383,30150410,27
channel-208,1488729,30150404,30150415,11
channel-6994,1321953,30150405,30150415,10
channel-6994,1321954,30150406,30150447,41
channel-199,132280,30150410,30150418,8
channel-89298,18481,30150417,30150429,12
channel-492,20101,30150418,30150426,8
channel-750,679665,30150446,30150488,42
channel-492,20102,30150449,30150459,10
channel-0,4034691,30150449,30150459,10
channel-326,536959,30150456,30150476,20
channel-75,844214,30150456,30150462,6
channel-750,679666,30150457,30150479,22
channel-73755,5806,30150458,30150464,6
channel-750,679667,30150463,30150479,16
channel-6787,166524,30150470,30150475,5
channel-750,679668,30150477,30150487,10
channel-75,844215,30150479,30150485,6
channel-0,4034692,30150482,30150492,10
channel-750,679669,30150482,30150494,12
channel-122,667259,30150483,30150486,3
channel-208,1488730,30150487,30150497,10
channel-75,844216,30150488,30150495,7
channel-750,679670,30150497,30150502,5
channel-0,4034693,30150499,30150511,12
channel-874,292086,30150503,30150512,9
channel-229,54942,30150516,30150528,12
channel-208,1488731,30150517,30150531,14
channel-874,292087,30150517,30150523,6
channel-184,137319,30150520,30150530,10
channel-0,4034694,30150529,30150542,13
channel-75,844217,30150543,30150550,7
channel-5,184100,30150554,30150565,11
channel-47,198624,30150560,30150575,15
channel-6787,166525,30150564,30150569,5
channel-750,679671,30150570,30150576,6
channel-412,64339,30150572,30150583,11
channel-75,844218,30150574,30150581,7
channel-229,54943,30150576,30150586,10
channel-750,679672,30150583,30150597,14
channel-750,679673,30150590,30150596,6
channel-750,679674,30150596,30150600,4
channel-750,679675,30150598,30150615,17
channel-19774,345562,30150598,30150609,11
channel-783,104085,30150599,30150609,10
channel-259,314073,30150600,30150606,6
channel-750,679676,30150605,30150619,14
channel-750,679677,30150607,30150631,24
channel-0,4034695,30150609,30150621,12
channel-750,679678,30150609,30150622,13
channel-750,679679,30150614,30150619,5
channel-122,667260,30150640,30150644,4
channel-97998,36,30150644,30150649,5
channel-326,536960,30150648,30150658,10
channel-75,844219,30150648,30150658,10
channel-874,292088,30150650,30150663,13
channel-208,1488732,30150656,30150664,8
channel-208,1488733,30150663,30150673,10
channel-42,1489719,30150666,30150674,8
channel-5,184101,30150672,30150683,11
channel-2,130527,30150674,30150683,9
channel-6994,1321955,30150677,30150692,15
channel-75,844220,30150679,30150685,6
channel-208,1488734,30150685,30150694,9
channel-208,1488735,30150695,30150702,7
channel-208,1488736,30150696,30150706,10
channel-750,679680,30150720,30150726,6
channel-208,1488737,30150726,30150734,8
channel-0,4034696,30150728,30150737,9
channel-75,844221,30150730,30150735,5
channel-2186,40735,30150734,30150746,12
channel-783,104086,30150737,30150798,61
channel-320,119046,30150739,30150774,35
channel-0,4034697,30150755,30150765,10
channel-1,407856,30150756,30150769,13
channel-750,679681,30150775,30150784,9
channel-1,407857,30150794,30150811,17
channel-874,292089,30150800,30150805,5
channel-0,4034698,30150812,30150823,11
channel-750,679682,30150819,30150845,26
channel-0,4034699,30150831,30150842,11
channel-6994,1321956,30150832,30150859,27
channel-208,1488738,30150865,30150877,12
channel-6994,1321957,30150882,30150890,8
channel-320,119047,30150885,30150911,26
channel-874,292090,30150888,30150894,6
channel-89298,18482,30150904,30150916,12
channel-526,696,30150913,30150919,6
channel-75,844222,30150915,30150923,8
channel-750,679683,30150930,30150944,14
channel-750,679684,30150936,30150951,15
channel-208,1488739,30150958,30150971,13
channel-199,132281,30150970,30150977,7
channel-91017,2626,30150970,30150976,6
channel-750,679685,30150975,30150980,5
channel-750,679686,30150985,30151001,16
channel-750,679687,30150986,30150990,4
channel-6994,1321958,30151001,30151013,12
channel-750,679688,30151015,30151026,11
channel-92956,187,30151019,30151030,11
channel-326,536961,30151028,30151033,5
channel-750,679689,30151037,30151052,15
channel-75,844223,30151043,30151050,7
channel-750,679690,30151051,30151054,3
channel-91017,2627,30151061,30151069,8
channel-750,679691,30151066,30151079,13
channel-2188,43314,30151071,30151075,4
channel-6994,1321959,30151073,30151083,10
channel-232,49161,30151076,30151090,14
channel-6994,1321960,30151087,30151098,11
channel-0,4034700,30151092,30151102,10
channel-19774,345563,30151100,30151114,14
channel-750,679692,30151101,30151116,15
channel-75,844224,30151103,30151111,8
channel-229,54944,30151110,30151120,10
channel-75,844225,30151127,30151133,6
channel-750,679693,30151128,30151141,13
channel-783,104087,30151131,30151136,5
channel-259,314074,30151131,30151135,4
channel-6994,1321961,30151135,30151147,12
channel-85077,58122,30151160,30151190,30
channel-75,844226,30151160,30151168,8
channel-6994,1321962,30151162,30151173,11
channel-42,1489720,30151195,30151202,7
channel-216,93952,30151199,30151202,3
channel-6994,1321963,30151204,30151217,13
channel-783,104088,30151212,30151222,10
channel-6994,1321964,30151214,30151227,13
channel-0,4034701,30151225,30151234,9
channel-6994,1321965,30151240,30151253,13
channel-0,4034702,30151242,30151253,11
channel-326,536962,30151247,30151272,25
channel-0,4034703,30151250,30151256,6
channel-75,844227,30151256,30151262,6
channel-0,4034704,30151264,30151275,11
channel-750,679694,30151274,30151290,16
channel-0,4034705,30151287,30151298,11
channel-6994,1321966,30151297,30151310,13
channel-782,309979,30151310,30151317,7
channel-750,679695,30151310,30151315,5
channel-750,679696,30151324,30151329,5
channel-122,667261,30151332,30151335,3
channel-19774,345564,30151338,30151348,10
channel-199,132282,30151340,30151352,12
channel-208,1488740,30151355,30151369,14
channel-75,844228,30151358,30151365,7
channel-0,4034706,30151360,30151372,12
channel-19774,345565,30151363,30151376,13
channel-0,4034707,30151366,30151377,11
channel-750,679697,30151366,30151371,5
channel-750,679698,30151370,30151375,5
channel-1,407858,30151373,30151384,11
channel-320,119048,30151375,30151398,23
channel-6897,5619,30151375,30151384,9
channel-19774,345566,30151375,30151385,10
channel-169,117520,30151386,30151390,4
channel-0,4034708,30151390,30151408,18
channel-0,4034709,30151390,30151402,12
channel-0,4034710,30151392,30151402,10
channel-229,54945,30151396,30151407,11
channel-750,679699,30151409,30151413,4
channel-91017,2628,30151410,30151418,8
channel-1,407859,30151414,30151427,13
channel-0,4034711,30151421,30151431,10
channel-2494,31790,30151426,30151438,12
channel-0,4034712,30151434,30151444,10
channel-6994,1321967,30151437,30151452,15
channel-0,4034713,30151452,30151462,10
channel-75,844229,30151452,30151457,5
channel-750,679700,30151462,30151484,22
channel-6994,1321968,30151474,30151509,35
channel-0,4034714,30151479,30151490,11
channel-75755,5506,30151487,30151496,9
channel-208,1488741,30151500,30151509,9
channel-229,54946,30151505,30151516,11
channel-320,119049,30151509,30151536,27
channel-6994,1321969,30151520,30151536,16
channel-874,292091,30151521,30151528,7
channel-6994,1321970,30151526,30151574,48
channel-122,667262,30151532,30151536,4
channel-208,1488742,30151542,30151551,9
channel-21671,514,30151548,30151560,12
channel-874,292092,30151559,30151564,5
channel-72,516324,30151565,30151599,34
channel-5,184102,30151579,30151588,9
channel-75,844230,30151584,30151592,8
channel-6994,1321971,30151595,30151604,9
channel-874,292093,30151598,30151604,6
channel-6994,1321972,30151622,30151677,55
channel-6994,1321973,30151628,30151639,11
channel-208,1488743,30151637,30151648,11
channel-874,292094,30151637,30151642,5
channel-85791,3669,30151641,30151653,12
channel-6994,1321974,30151647,30151671,24
channel-320,119050,30151648,30151683,35
channel-184,137320,30151652,30151661,9
channel-75,844231,30151655,30151664,9
channel-326,536963,30151667,30151719,52
channel-326,536964,30151667,30151726,59
channel-326,536965,30151667,30151726,59
channel-326,536966,30151667,30151726,59
channel-326,536967,30151667,30151719,52
channel-326,536968,30151667,30151719,52
channel-783,104089,30151677,30151682,5
channel-874,292095,30151678,30151682,4
channel-0,4034715,30151687,30151699,12
channel-143,128171,30151694,30151706,12
channel-750,679701,30151699,30151711,12
channel-874,292096,30151713,30151719,6
channel-750,679702,30151719,30151723,4
channel-85077,58123,30151730,30151740,10
channel-208,1488744,30151730,30151741,11
channel-6994,1321975,30151733,30151743,10
channel-874,292097,30151750,30151756,6
channel-184,137321,30151754,30151772,18
channel-874,292098,30151755,30151761,6
channel-767,14328,30151765,30151776,11
channel-1279,67089,30151766,30151809,43
channel-6994,1321976,30151778,30151789,11
channel-2494,31791,30151786,30151795,9
channel-184,137322,30151790,30151798,8
channel-0,4034716,30151794,30151803,9
channel-874,292099,30151796,30151802,6
channel-143,128172,30151827,30151840,13
channel-320,119051,30151827,30151838,11
channel-85791,3670,30151827,30151835,8
channel-0,4034717,30151829,30151840,11
channel-188,190489,30151831,30151847,16
channel-75,844232,30151832,30151840,8
channel-874,292100,30151832,30151839,7
channel-5,184103,30151843,30151854,11
channel-783,104090,30151848,30151854,6
channel-0,4034718,30151855,30151864,9
channel-6994,1321977,30151868,30151879,11
channel-874,292101,30151871,30151877,6
channel-5,184104,30151876,30151887,11
channel-75,844233,30151880,30151886,6
channel-5,184105,30151895,30151905,10
channel-188,190490,30151904,30151922,18
channel-874,292102,30151906,30151910,4
channel-42,1489721,30151908,30151923,15
channel-5,184106,30151910,30151922,12
channel-75,844234,30151916,30151926,10
channel-115,20310,30151926,30151935,9
channel-6994,1321978,30151926,30151951,25
channel-5,184107,30151926,30151935,9
channel-6994,1321979,30151927,30151947,20
channel-208,1488745,30151940,30151949,9
channel-199,132283,30151945,30151954,9
channel-874,292103,30151946,30151950,4
channel-5,184108,30151949,30151958,9
channel-85077,58124,30151953,30151977,24
channel-75,844235,30151954,30151964,10
channel-750,679703,30151960,30151965,5
channel-5,184109,30151964,30151974,10
channel-85791,3671,30151968,30151975,7
channel-42,1489722,30151976,30151982,6
channel-6994,1321980,30151977,30152002,25
channel-874,292104,30151996,30152001,5
channel-5,184110,30152002,30152014,12
channel-750,679704,30152004,30152011,7
channel-143,128173,30152011,30152022,11
channel-38946,123844,30152022,30152033,11
channel-38946,123845,30152023,30152033,10
channel-38946,123846,30152033,30152047,14
channel-1,407860,30152043,30152078,35
channel-6994,1321981,30152063,30152076,13
channel-38946,123847,30152065,30152077,12
channel-38946,123848,30152067,30152084,17
channel-0,4034719,30152076,30152083,7
channel-0,4034720,30152080,30152088,8
channel-15464,2644,30152090,30152102,12
channel-6994,1321982,30152101,30152199,98
channel-92956,188,30152102,30152111,9
channel-0,4034721,30152108,30152116,8
channel-326,536969,30152108,30152113,5
channel-188,190491,30152110,30152123,13
channel-6994,1321983,30152124,30152135,11
channel-75,844236,30152131,30152138,7
channel-38946,123849,30152139,30152148,9
channel-122,667263,30152150,30152155,5
channel-750,679705,30152171,30152177,6
channel-91017,2629,30152181,30152191,10
channel-1634,6711,30152187,30152209,22
channel-85077,58125,30152191,30152200,9
channel-208,1488746,30152192,30152205,13
channel-232,49162,30152197,30152206,9
channel-0,4034722,30152201,30152230,29
channel-38946,123850,30152204,30152219,15
channel-38946,123851,30152205,30152224,19
channel-750,679706,30152208,30152213,5
channel-6787,166527,30152210,30152215,5
channel-750,679707,30152213,30152230,17
channel-6994,1321984,30152215,30152228,13
channel-0,4034723,30152224,30152234,10
channel-38946,123852,30152225,30152247,22
channel-94814,3648,30152227,30152238,11
channel-750,679708,30152234,30152253,19
channel-38946,123853,30152240,30152255,15
channel-750,679709,30152255,30152271,16
channel-38946,123854,30152256,30152267,11
channel-750,679710,30152274,30152307,33
channel-0,4034724,30152281,30152293,12
channel-8945,17717,30152289,30152302,13
channel-75,844237,30152293,30152301,8
channel-750,679711,30152295,30152300,5
channel-89298,18483,30152301,30152311,10
channel-6994,1321985,30152304,30152317,13
channel-38946,123855,30152319,30153458,1139
channel-38946,123856,30152320,30153721,1401
channel-8945,17718,30152328,30152341,13
channel-204,670588,30152336,30152344,8
channel-251,85081,30152337,30152350,13
channel-38946,123857,30152338,30152357,19
channel-6994,1321986,30152340,30152364,24
channel-6994,1321987,30152340,30152349,9
channel-38946,123858,30152347,30152362,15
channel-38946,123859,30152354,30152368,14
channel-38946,123860,30152357,30152371,14
channel-8945,17719,30152365,30152377,12
channel-6994,1321988,30152365,30152378,13
channel-38946,123861,30152376,30152392,16
channel-15464,2645,30152385,30152399,14
channel-89321,19248,30152387,30152395,8
channel-75,844238,30152395,30152401,6
channel-122,667264,30152402,30152405,3
channel-0,4034725,30152415,30152423,8
channel-75,844239,30152415,30152422,7
channel-750,679712,30152418,30152430,12
channel-38946,123862,30152421,30152435,14
channel-38946,123863,30152423,30152446,23
channel-89321,19249,30152438,30152448,10
channel-89298,18484,30152443,30152452,9
channel-38946,123864,30152446,30152454,8
channel-79703,4379,30152449,30152461,12
channel-38946,123865,30152451,30152467,16
channel-21113,25250,30152451,30152457,6
channel-0,4034726,30152452,30152462,10
channel-38946,123866,30152481,30152494,13
channel-122,667265,30152496,30152501,5
channel-38946,123867,30152499,30152505,6
channel-38946,123868,30152502,30152514,12
channel-89298,18485,30152504,30152513,9
channel-412,64340,30152512,30152529,17
channel-38946,123869,30152513,30152532,19
channel-75,844240,30152516,30152526,10
channel-0,4034727,30152519,30152544,25
channel-38946,123870,30152526,30152548,22
channel-143,128174,30152542,30152552,10
channel-208,1488747,30152543,30152555,12
channel-6994,1321989,30152550,30152590,40
channel-1,407861,30152556,30152597,41
channel-89298,18486,30152560,30152570,10
channel-6994,1321990,30152569,30152611,42
channel-38946,123871,30152572,30152588,16
channel-5,184111,30152572,30152583,11
channel-6994,1321991,30152574,30152585,11
channel-38946,123872,30152576,30152601,25
channel-75,844241,30152582,30152589,7
channel-874,292105,30152586,30152591,5
channel-89321,19250,30152600,30152607,7
channel-326,536970,30152606,30152619,13
channel-38946,123873,30152637,30153296,659
channel-38946,123874,30152637,30152694,57
channel-75,844242,30152640,30152648,8
channel-6994,1321992,30152645,30152654,9
channel-38946,123875,30152651,30152670,19
channel-750,679713,30152659,30152663,4
channel-38946,123876,30152667,30152692,25
channel-750,679714,30152674,30152693,19
channel-783,104091,30152679,30152688,9
channel-89321,19251,30152683,30152694,11
channel-222,3819,30152685,30152694,9
channel-89321,19252,30152694,30152700,6
channel-6994,1321993,30152699,30152711,12
channel-750,679715,30152704,30152719,15
channel-783,104092,30152708,30152714,6
channel-38946,123877,30152710,30152724,14
channel-38946,123878,30152711,30152729,18
channel-79703,4380,30152719,30152735,16
channel-208,1488748,30152720,30152733,13
channel-6994,1321994,30152730,30152741,11
channel-2188,43315,30152746,30152751,5
channel-38946,123880,30152776,30155330,2554
channel-750,679716,30152780,30152789,9
channel-208,1488749,30152787,30152797,10
channel-38946,123881,30152787,30152820,33
channel-874,292106,30152794,30152811,17
channel-229,54947,30152810,30152820,10
channel-75,844243,30152810,30152819,9
channel-0,4034728,30152824,30152844,20
channel-38946,123882,30152840,30155284,2444
channel-229,54948,30152843,30152853,10
channel-38946,123883,30152847,30153322,475
channel-38946,123884,30152848,30155330,2482
channel-38946,123885,30152867,30152877,10
channel-0,4034729,30152871,30152893,22
channel-229,54949,30152887,30152897,10
channel-89298,18487,30152894,30152902,8
channel-750,679717,30152896,30152903,7
channel-199,132284,30152897,30152907,10
channel-38946,123886,30152910,30152922,12
channel-6994,1321995,30152911,30152939,28
channel-229,54950,30152912,30152926,14
channel-874,292107,30152928,30152934,6
channel-38946,123887,30152938,30152952,14
channel-750,679718,30152946,30152951,5
channel-38946,123888,30152949,30152957,8
channel-38946,123889,30152951,30152967,16
channel-750,679719,30152973,30152977,4
channel-19774,345567,30152973,30152986,13
channel-874,292108,30152989,30152994,5
channel-199,132285,30152995,30153003,8
channel-6994,1321996,30152996,30153025,29
channel-492,20103,30152996,30153007,11
channel-750,679720,30153014,30153019,5
channel-38946,123890,30153014,30153023,9
channel-19774,345568,30153019,30153031,12
channel-750,679721,30153021,30153027,6
channel-89298,18488,30153021,30153030,9
channel-688,33491,30153021,30153033,12
channel-1,407862,30153045,30153077,32
channel-143,128175,30153056,30153065,9
channel-750,679722,30153058,30153063,5
channel-412,64341,30153058,30153072,14
channel-19774,345569,30153065,30153076,11
channel-4,166699,30153069,30153087,18
channel-122,667266,30153075,30153078,3
channel-38946,123891,30153079,30153101,22
channel-216,93953,30153086,30153091,5
channel-783,104093,30153087,30153095,8
channel-4,166700,30153089,30153116,27
channel-874,292109,30153098,30153104,6
channel-320,119052,30153098,30153113,15
channel-320,119053,30153100,30153132,32
channel-320,119054,30153102,30153132,30
channel-0,4034730,30153104,30153116,12
channel-38946,123892,30153104,30153126,22
channel-122,667267,30153108,30153112,4
channel-42,1489723,30153114,30153143,29
channel-750,679723,30153116,30153127,11
channel-143,128176,30153117,30153129,12
channel-750,679724,30153118,30153127,9
channel-6994,1321997,30153124,30153151,27
channel-340,3102,30153138,30153149,11
channel-88,466939,30153146,30153161,15
channel-1279,67090,30153157,30153171,14
channel-38946,123893,30153161,30153173,12
channel-6994,1321998,30153173,30153188,15
channel-0,4034731,30153175,30153183,8
channel-42,1489724,30153185,30153197,12
channel-89298,18489,30153188,30153196,8
channel-75,844244,30153227,30153234,7
channel-1,407863,30153227,30153244,17
channel-2188,43316,30153236,30153241,5
channel-326,536971,30153261,30153277,16
channel-6994,1321999,30153312,30153332,20
channel-1,407864,30153323,30153334,11
channel-87042,224,30153327,30153335,8
channel-216,93954,30153332,30153335,3
channel-222,3820,30153349,30153359,10
channel-122,667268,30153375,30153378,3
channel-6994,1322000,30153378,30153405,27
channel-6787,166528,30153397,30153402,5
channel-94814,3649,30153403,30153416,13
channel-8,43445,30153413,30153451,38
channel-6994,1322001,30153470,30153481,11
channel-326,536972,30153476,30153484,8
channel-6994,1322002,30153486,30153511,25
channel-1,407865,30153486,30153497,11
channel-19774,345570,30153487,30153502,15
channel-6787,166529,30153488,30153494,6
channel-783,104094,30153504,30153514,10
channel-143,128177,30153530,30153543,13
channel-208,1488750,30153535,30153546,11
channel-0,4034732,30153535,30153546,11
channel-208,1488751,30153553,30153565,12
channel-199,132286,30153572,30153580,8
channel-6994,1322003,30153573,30153583,10
channel-2,130528,30153581,30153592,11
channel-340,3103,30153594,30153604,10
channel-412,64342,30153597,30153607,10
channel-115,20311,30153600,30153608,8
channel-19774,345571,30153612,30153622,10
channel-208,1488752,30153615,30153625,10
channel-72,516325,30153630,30153679,49
channel-874,292110,30153632,30153642,10
channel-208,1488753,30153634,30153648,14
channel-2188,43317,30153649,30153654,5
channel-85077,58126,30153654,30153662,8
channel-78358,13,30153668,30153765,97
channel-87,182880,30153676,30153694,18
channel-94814,3650,30153684,30153697,13
channel-259,314075,30153687,30153694,7
channel-2188,43318,30153703,30153709,6
channel-216,93955,30153704,30153709,5
channel-0,4034733,30153704,30153714,10
channel-79703,4381,30153707,30153721,14
channel-75,844245,30153711,30153718,7
channel-2188,43319,30153715,30153719,4
channel-750,679725,30153724,30153731,7
channel-2188,43320,30153727,30153732,5
channel-412,64343,30153735,30153747,12
channel-874,292111,30153738,30153742,4
channel-2188,43321,30153746,30153750,4
channel-2,130529,30153758,30153767,9
channel-750,679726,30153771,30153779,8
channel-2188,43322,30153775,30153779,4
channel-75,844246,30153776,30153783,7
channel-782,309980,30153784,30153789,5
channel-874,292112,30153796,30153802,6
channel-38946,123894,30153802,30153817,15
channel-0,4034734,30153803,30153812,9
channel-0,4034735,30153824,30153832,8
channel-208,1488754,30153829,30153840,11
channel-216,93956,30153835,30153840,5
channel-2186,40736,30153844,30153857,13
channel-0,4034736,30153869,30153882,13
channel-6994,1322004,30153877,30153886,9
channel-87042,225,30153892,30153902,10
channel-0,4034737,30153909,30153918,9
channel-85077,58127,30153916,30153932,16
channel-0,4034738,30153939,30153946,7
channel-208,1488755,30153939,30153948,9
channel-0,4034739,30153948,30153959,11
channel-0,4034740,30153960,30153973,13
channel-259,314076,30153961,30153968,7
channel-1,407866,30153962,30153973,11
channel-19774,345572,30153976,30153988,12
channel-259,314077,30153981,30153985,4
channel-6994,1322005,30153986,30153993,7
channel-208,1488756,30153997,30154007,10
channel-6994,1322006,30153997,30154027,30
channel-0,4034741,30153998,30154016,18
channel-750,679727,30153999,30154004,5
channel-0,4034742,30154012,30154021,9
channel-122,667269,30154017,30154020,3
channel-874,292113,30154026,30154032,6
channel-0,4034743,30154028,30154039,11
channel-122,667270,30154034,30154038,4
channel-94814,3651,30154037,30154047,10
channel-750,679728,30154040,30154047,7
channel-0,4034744,30154045,30154056,11
channel-38946,123895,30154047,30154068,21
channel-874,292114,30154053,30154062,9
channel-38946,123896,30154068,30154080,12
channel-874,292115,30154069,30154073,4
channel-85077,58128,30154073,30154103,30
channel-85077,58129,30154076,30154103,27
channel-19774,345573,30154097,30154109,12
channel-412,64344,30154108,30154120,12
channel-326,536973,30154108,30154122,14
channel-38946,123897,30154119,30154134,15
channel-750,679729,30154123,30154128,5
channel-0,4034745,30154154,30154164,10
channel-750,679730,30154181,30154191,10
channel-874,292116,30154192,30154198,6
channel-89298,18490,30154203,30154213,10
channel-2494,31792,30154217,30154230,13
channel-0,4034746,30154218,30154229,11
channel-75,844247,30154249,30154254,5
channel-122,667271,30154261,30154265,4
channel-199,132287,30154262,30154272,10
channel-750,679731,30154268,30154278,10
channel-0,4034747,30154284,30154295,11
channel-6994,1322007,30154295,30154308,13
channel-6994,1322008,30154304,30154313,9
channel-199,132288,30154315,30154326,11
channel-38946,123898,30154323,30154339,16
channel-72,516326,30154332,30154370,38
channel-0,4034748,30154336,30154344,8
channel-208,1488757,30154366,30154376,10
channel-0,4034749,30154369,30154381,12
channel-75,844248,30154395,30154402,7
channel-326,536974,30154406,30154415,9
channel-326,536975,30154406,30154415,9
channel-326,536976,30154406,30154415,9
channel-326,536977,30154406,30154415,9
channel-326,536978,30154406,30154415,9
channel-326,536979,30154406,30154415,9
channel-326,536980,30154406,30154415,9
channel-8945,17720,30154413,30154437,24
channel-0,4034750,30154427,30154438,11
channel-874,292117,30154438,30154443,5
channel-0,4034751,30154447,30154457,10
channel-0,4034752,30154464,30154476,12
channel-122,667272,30154494,30154497,3
channel-122,667273,30154502,30154505,3
channel-75,844249,30154503,30154511,8
channel-0,4034753,30154512,30154522,10
channel-144,86658,30154527,30154537,10
channel-91017,2630,30154532,30154541,9
channel-5,184112,30154562,30154568,6
channel-115,20312,30154566,30154575,9
channel-0,4034754,30154596,30154604,8
channel-750,679732,30154596,30154601,5
channel-1,407867,30154599,30154618,19
channel-208,1488758,30154612,30154622,10
channel-229,54951,30154613,30154630,17
channel-874,292118,30154622,30154628,6
channel-750,679733,30154634,30154638,4
channel-6994,1322009,30154635,30154662,27
channel-0,4034755,30154640,30154653,13
channel-91017,2631,30154650,30154659,9
channel-5,184113,30154650,30154659,9
channel-208,1488759,30154656,30154666,10
channel-750,679734,30154680,30154689,9
channel-5,184114,30154693,30154703,10
channel-750,679735,30154695,30154700,5
channel-89298,18491,30154703,30154714,11
channel-5,184115,30154714,30154722,8
channel-326,536981,30154718,30154723,5
channel-326,536982,30154718,30154723,5
channel-326,536983,30154718,30154723,5
channel-326,536984,30154718,30154723,5
channel-326,536985,30154718,30154723,5
channel-326,536986,30154718,30154723,5
channel-326,536987,30154718,30154723,5
channel-750,679736,30154736,30154741,5
channel-19774,345574,30154749,30154762,13
channel-326,536988,30154752,30154769,17
channel-6994,1322010,30154771,30154798,27
channel-0,4034756,30154781,30154792,11
channel-326,536989,30154791,30154810,19
channel-216,93957,30154792,30154796,4
channel-91942,126,30154803,30154836,33
channel-750,679737,30154810,30154817,7
channel-326,536990,30154812,30154820,8
channel-326,536991,30154812,30154820,8
channel-326,536992,30154812,30154820,8
channel-326,536993,30154812,30154820,8
channel-326,536994,30154812,30154820,8
channel-326,536995,30154812,30154820,8
channel-326,536996,30154812,30154820,8
channel-326,536997,30154812,30154820,8
channel-0,4034757,30154833,30154845,12
channel-0,4034758,30154845,30154855,10
channel-326,536998,30154866,30154890,24
channel-750,679738,30154868,30154881,13
channel-199,132289,30154871,30154881,10
channel-782,309981,30154875,30154880,5
channel-320,119055,30154886,30154903,17
channel-320,119056,30154890,30154909,19
channel-251,85082,30154898,30154909,11
channel-0,4034759,30154909,30154916,7
channel-0,4034760,30154938,30154948,10
channel-782,309982,30154941,30154945,4
channel-85077,58130,30154952,30154961,9
channel-75,844250,30154956,30154965,9
channel-0,4034761,30154960,30154973,13
channel-75,844251,30154977,30154998,21
channel-1,407868,30154977,30154987,10
channel-5485,1693,30154977,30154999,22
channel-85077,58131,30154982,30154990,8
channel-216,93958,30154983,30154987,4
channel-782,309983,30154994,30155000,6
channel-216,93959,30154997,30155001,4
channel-0,4034762,30154998,30155008,10
channel-88,466940,30155015,30155029,14
channel-412,64345,30155020,30155033,13
channel-750,679739,30155041,30155052,11
channel-42,1489725,30155047,30155061,14
channel-85077,58132,30155048,30155069,21
channel-1575,15146,30155049,30155057,8
channel-0,4034763,30155058,30155068,10
channel-38,11682,30155072,30155081,9
channel-412,64346,30155077,30155091,14
channel-750,679740,30155077,30155082,5
channel-326,536999,30155078,30155088,10
channel-326,537000,30155078,30155088,10
channel-326,537001,30155078,30155088,10
channel-326,537002,30155078,30155088,10
channel-326,537003,30155078,30155088,10
channel-326,537004,30155078,30155088,10
channel-326,537005,30155078,30155088,10
channel-782,309984,30155089,30155094,5
channel-0,4034764,30155091,30155101,10
channel-0,4034765,30155092,30155101,9
channel-208,1488760,30155094,30155108,14
channel-75,844252,30155098,30155106,8
channel-208,1488761,30155107,30155118,11
channel-0,4034766,30155127,30155135,8
channel-412,64347,30155128,30155140,12
channel-199,132290,30155132,30155143,11
channel-326,537006,30155132,30155137,5
channel-0,4034767,30155152,30155160,8
channel-0,4034768,30155170,30155184,14
channel-1,407869,30155184,30155207,23
channel-216,93960,30155212,30155216,4
channel-320,119057,30155229,30155259,30
channel-874,292119,30155246,30155256,10
channel-1429,140595,30155255,30155264,9
channel-72,516327,30155263,30155293,30
channel-0,4034769,30155278,30155285,7
channel-1429,140596,30155282,30155290,8
channel-0,4034770,30155297,30155310,13
channel-522,40377,30155315,30155324,9
channel-89298,18492,30155321,30155333,12
channel-72,516328,30155331,30155363,32
channel-208,1488762,30155359,30155368,9
channel-326,537007,30155370,30155376,6
channel-326,537008,30155370,30155376,6
channel-326,537009,30155370,30155376,6
channel-326,537010,30155370,30155376,6
channel-326,537011,30155370,30155376,6
channel-326,537012,30155370,30155376,6
channel-326,537013,30155370,30155376,6
channel-85077,58133,30155373,30155383,10
channel-88,466941,30155373,30155383,10
channel-1,407870,30155388,30155400,12
channel-199,132291,30155392,30155400,8
channel-0,4034771,30155399,30155410,11
channel-326,537014,30155404,30155422,18
channel-412,64348,30155405,30155411,6
channel-6994,1322011,30155409,30155422,13
channel-122,667274,30155410,30155413,3
channel-6994,1322012,30155414,30155447,33
channel-874,292120,30155423,30155429,6
channel-216,93961,30155441,30155445,4
channel-0,4034772,30155442,30155451,9
channel-216,93962,30155446,30155450,4
channel-199,132292,30155456,30155465,9
channel-0,4034773,30155462,30155475,13
channel-75,844253,30155464,30155471,7
channel-320,119058,30155473,30155504,31
channel-89321,19253,30155481,30155493,12
channel-85077,58134,30155481,30155510,29
channel-199,132293,30155482,30155506,24
channel-6994,1322013,30155490,30155501,11
channel-750,679741,30155492,30155509,17
channel-1429,140597,30155512,30155524,12
channel-6994,1322014,30155533,30155543,10
channel-326,537015,30155538,30155558,20
channel-1429,140598,30155539,30155551,12
channel-0,4034774,30155542,30155550,8
channel-783,104095,30155545,30155553,8
channel-208,1488763,30155553,30155564,11
channel-0,4034775,30155566,30155581,15
channel-6994,1322015,30155602,30155612,10
channel-113,301224,30155614,30155626,12
channel-0,4034776,30155621,30155629,8
channel-4,166701,30155625,30155636,11
channel-73755,5807,30155638,30155646,8
channel-199,132294,30155649,30155660,11
channel-767,14329,30155651,30155662,11
channel-6994,1322016,30155653,30155664,11
channel-6994,1322017,30155653,30155664,11
channel-0,4034777,30155675,30155687,12
channel-85077,58135,30155679,30155710,31
channel-6994,1322018,30155706,30155717,11
channel-208,1488764,30155714,30155726,12
channel-216,93963,30155715,30155719,4
channel-1,407871,30155726,30155742,16
channel-6994,1322019,30155742,30155752,10
channel-208,1488765,30155752,30155764,12
channel-750,679742,30155756,30155770,14
channel-1,407872,30155757,30155796,39
channel-326,537016,30155766,30155785,19
channel-6994,1322020,30155778,30155791,13
channel-75,844254,30155779,30155786,7
channel-19774,345575,30155784,30155798,14
channel-326,537017,30155787,30155805,18
channel-19774,345576,30155788,30155798,10
channel-85077,58136,30155788,30155815,27
channel-75,844255,30155792,30155800,8
channel-113,301225,30155802,30155812,10
channel-522,40378,30155823,30155835,12
channel-6994,1322021,30155826,30155837,11
channel-340,3104,30155829,30155840,11
channel-113,301226,30155835,30155845,10
channel-19774,345577,30155841,30155851,10
channel-72,516329,30155852,30155896,44
channel-0,4034778,30155864,30155887,23
channel-122,667275,30155865,30155868,3
channel-750,679743,30155870,30155877,7
channel-6994,1322022,30155879,30155889,10
channel-229,54952,30155883,30155896,13
channel-113,301227,30155884,30155896,12
channel-750,679744,30155892,30155896,4
channel-0,4034779,30155899,30155910,11
channel-0,4034780,30155903,30155915,12
channel-0,4034781,30155910,30155919,9
channel-0,4034782,30155918,30155930,12
channel-113,301228,30155924,30155933,9
channel-750,679745,30155925,30155942,17
channel-0,4034783,30155935,30155945,10
channel-0,4034784,30155939,30155969,30
channel-6994,1322023,30155944,30155959,15
channel-208,1488766,30155947,30155957,10
channel-122,667276,30155956,30155959,3
channel-320,119059,30155965,30155988,23
channel-1,407873,30155969,30155985,16
channel-75,844256,30155970,30155977,7
channel-6994,1322024,30155971,30155982,11
channel-0,4034785,30155973,30155983,10
channel-184,137323,30155988,30155999,11
channel-229,54953,30155993,30156002,9
channel-6994,1322025,30155998,30156011,13
channel-6994,1322026,30156007,30156034,27
channel-0,4034786,30156007,30156017,10
channel-750,679746,30156019,30156031,12
channel-0,4034787,30156022,30156029,7
channel-0,4034788,30156023,30156029,6
channel-6994,1322027,30156037,30156048,11
channel-750,679747,30156062,30156073,11
channel-6994,1322028,30156066,30156115,49
channel-91017,2632,30156067,30156076,9
channel-6994,1322029,30156067,30156079,12
channel-89298,18493,30156068,30156079,11
channel-75,844257,30156069,30156077,8
channel-19774,345578,30156070,30156080,10
channel-19774,345579,30156076,30156084,8
channel-874,292121,30156088,30156094,6
channel-783,104096,30156094,30156103,9
channel-199,132295,30156097,30156106,9
channel-750,679748,30156097,30156101,4
channel-89298,18494,30156106,30156116,10
channel-874,292122,30156107,30156114,7
channel-874,292123,30156113,30156118,5
channel-0,4034789,30156113,30156121,8
channel-750,679749,30156115,30156119,4
channel-6994,1322030,30156120,30156132,12
channel-0,4034790,30156121,30156143,22
channel-6994,1322031,30156133,30156160,27
channel-0,4034791,30156137,30156148,11
channel-6994,1322032,30156139,30156151,12
channel-0,4034792,30156158,30156166,8
channel-19774,345580,30156165,30156176,11
channel-208,1488767,30156174,30156186,12
channel-188,190492,30156194,30156204,10
channel-6994,1322033,30156201,30156213,12
channel-259,314078,30156203,30156212,9
channel-85077,58137,30156210,30156234,24
channel-750,679750,30156210,30156227,17
channel-0,4034793,30156211,30156223,12
channel-326,537018,30156221,30156234,13
channel-115,20313,30156221,30156229,8
channel-208,1488768,30156222,30156231,9
channel-6994,1322034,30156222,30156246,24
channel-326,537019,30156222,30156227,5
channel-19774,345581,30156224,30156231,7
channel-750,679751,30156228,30156234,6
channel-1429,140599,30156229,30156239,10
channel-1429,140600,30156234,30156244,10
channel-767,14330,30156253,30156264,11
channel-208,1488769,30156254,30156272,18
channel-2,130530,30156260,30156274,14
channel-89298,18495,30156262,30156271,9
channel-75,844258,30156270,30156276,6
channel-148,16071,30156272,30156278,6
channel-19774,345582,30156276,30156285,9
channel-19774,345583,30156281,30156290,9
channel-199,132296,30156285,30156296,11
channel-326,537020,30156285,30156291,6
channel-412,64349,30156320,30156328,8
channel-0,4034794,30156324,30156333,9
channel-208,1488770,30156326,30156334,8
channel-19774,345584,30156328,30156339,11
channel-199,132297,30156329,30156340,11
channel-6994,1322035,30156333,30156345,12
channel-85077,58138,30156343,30156360,17
channel-0,4034795,30156344,30156352,8
channel-326,537021,30156367,30156373,6
channel-6994,1322036,30156369,30156380,11
channel-0,4034796,30156372,30156385,13
channel-6994,1322037,30156373,30156386,13
channel-259,314079,30156375,30156380,5
channel-326,537022,30156393,30156402,9
channel-326,537023,30156393,30156402,9
channel-326,537024,30156393,30156402,9
channel-326,537025,30156393,30156402,9
channel-326,537026,30156393,30156402,9
channel-326,537027,30156393,30156402,9
channel-326,537028,30156393,30156402,9
channel-19774,345585,30156398,30156417,19
channel-216,93964,30156418,30156422,4
channel-1,407874,30156423,30156433,10
channel-208,1488771,30156424,30156433,9
channel-326,537029,30156433,30156439,6
channel-750,679752,30156436,30156446,10
channel-1,407875,30156438,30156452,14
channel-143,128178,30156448,30156468,20
channel-122,667277,30156452,30156455,3
channel-750,679753,30156459,30156469,10
channel-122,667278,30156472,30156476,4
channel-21113,25251,30156478,30156493,15
channel-85077,58139,30156480,30156509,29
channel-19774,345586,30156497,30156506,9
channel-88,466942,30156506,30156527,21
channel-4,166702,30156517,30156543,26
channel-208,1488772,30156519,30156532,13
channel-6994,1322038,30156520,30156531,11
channel-750,679754,30156539,30156545,6
channel-208,1488773,30156558,30156569,11
channel-750,679755,30156560,30156569,9
channel-750,679756,30156584,30156587,3
channel-208,1488774,30156620,30156630,10
channel-85077,58140,30156627,30156635,8
channel-75,844259,30156630,30156639,9
channel-6994,1322039,30156640,30156653,13
channel-222,3821,30156643,30156653,10
channel-750,679757,30156645,30156653,8
channel-87042,226,30156702,30156716,14
channel-89298,18496,30156713,30156725,12
channel-326,537030,30156714,30156736,22
channel-122,667279,30156714,30156717,3
channel-199,132298,30156715,30156728,13
channel-326,537031,30156721,30156727,6
channel-0,4034797,30156723,30156732,9
channel-0,4034798,30156727,30156736,9
channel-208,1488775,30156733,30156744,11
channel-750,679758,30156733,30156750,17
channel-0,4034799,30156740,30156751,11
channel-75,844260,30156742,30156750,8
channel-326,537032,30156752,30156770,18
channel-122,667280,30156756,30156759,3
channel-326,537033,30156756,30156766,10
channel-326,537034,30156756,30156766,10
channel-326,537035,30156756,30156770,14
channel-326,537036,30156756,30156770,14
channel-326,537037,30156756,30156770,14
channel-326,537038,30156756,30156770,14
channel-326,537039,30156756,30156770,14
channel-326,537040,30156756,30156766,10
channel-122,667281,30156768,30156771,3
channel-0,4034800,30156772,30156780,8
channel-320,119060,30156821,30156842,21
channel-216,93965,30156831,30156835,4
channel-5,184116,30156833,30156841,8
channel-222,3822,30156863,30156872,9
channel-89298,18497,30156864,30156876,12
channel-208,1488776,30156881,30156895,14
channel-6994,1322040,30156882,30156894,12
channel-199,132299,30156893,30156902,9
channel-1411,1985,30156894,30156904,10
channel-750,679759,30156897,30156903,6
channel-0,4034801,30156899,30156911,12
channel-85077,58141,30156910,30156924,14
channel-0,4034802,30156914,30156925,11
channel-0,4034803,30156942,30156949,7
channel-38946,123899,30156964,30156978,14
channel-21113,25252,30156968,30156976,8
channel-208,1488777,30156976,30156989,13
channel-38946,123900,30156977,30156991,14
channel-85077,58142,30156980,30157004,24
channel-38946,123901,30156983,30157000,17
channel-326,537041,30156989,30156997,8
channel-0,4034804,30157002,30157012,10
channel-38946,123902,30157036,30157053,17
channel-122,667282,30157040,30157043,3
channel-38946,123903,30157047,30159024,1977
channel-320,119061,30157054,30157064,10
channel-1429,140601,30157073,30157085,12
channel-6994,1322041,30157076,30157088,12
channel-251,85083,30157077,30157087,10
channel-1429,140602,30157083,30157094,11
channel-87042,227,30157091,30157103,12
channel-6994,1322042,30157092,30157100,8
channel-85077,58143,30157098,30157127,29
channel-0,4034805,30157107,30157118,11
channel-0,4034806,30157161,30157170,9
channel-6994,1322043,30157170,30157182,12
channel-0,4034807,30157172,30157186,14
channel-208,1488778,30157194,30157204,10
channel-6994,1322044,30157212,30157223,11
channel-85077,58144,30157270,30157280,10
channel-6994,1322045,30157273,30157290,17
channel-0,4034808,30157283,30157293,10
channel-38946,123907,30157284,30157299,15
channel-0,4034809,30157312,30157324,12
channel-6994,1322046,30157320,30157331,11
channel-75,844261,30157324,30157332,8
channel-1,407876,30157328,30157363,35
channel-38946,123908,30157328,30157357,29
channel-38946,123909,30157333,30157348,15
channel-42,1489726,30157340,30157349,9
channel-38946,123910,30157356,30157370,14
channel-6994,1322047,30157359,30157370,11
channel-122,667283,30157361,30157364,3
channel-0,4034810,30157375,30157384,9
channel-0,4034811,30157384,30157392,8
channel-208,1488779,30157389,30157403,14
channel-750,679760,30157396,30157402,6
channel-750,679761,30157415,30157428,13
channel-19774,345587,30157427,30157439,12
channel-750,679762,30157453,30157459,6
channel-326,537042,30157461,30157488,27
channel-326,537043,30157477,30157488,11
channel-326,537044,30157477,30157488,11
channel-326,537045,30157477,30157488,11
channel-326,537046,30157477,30157488,11
channel-326,537047,30157477,30157488,11
channel-326,537048,30157477,30157488,11
channel-326,537049,30157477,30157488,11
channel-326,537050,30157477,30157488,11
channel-8945,17721,30157510,30157526,16
channel-6994,1322048,30157519,30157534,15
channel-750,679763,30157519,30157524,5
channel-208,1488780,30157529,30157540,11
channel-38946,123911,30157541,30157556,15
channel-0,4034812,30157552,30157566,14
channel-51,20926,30157554,30157574,20
channel-8945,17722,30157557,30157568,11
channel-1,407877,30157562,30157583,21
channel-750,679764,30157564,30157568,4
channel-122,667284,30157566,30157569,3
channel-38946,123912,30157566,30157579,13
channel-75016,4553,30157570,30157596,26
channel-199,132300,30157575,30157586,11
channel-38946,123913,30157588,30157602,14
channel-8945,17723,30157591,30157602,11
channel-38946,123914,30157606,30157618,12
channel-750,679765,30157612,30157620,8
channel-8945,17724,30157618,30157638,20
channel-0,4034813,30157621,30157631,10
channel-0,4034814,30157623,30157635,12
channel-326,537051,30157624,30157643,19
channel-38946,123915,30157631,30158378,747
channel-72,516330,30157640,30157680,40
channel-8945,17725,30157642,30157660,18
channel-38946,123916,30157650,30157667,17
channel-0,4034815,30157658,30157669,11
channel-8945,17726,30157664,30157674,10
channel-750,679766,30157674,30157678,4
channel-216,93966,30157675,30157679,4
channel-38946,123917,30157676,30157690,14
channel-0,4034816,30157677,30157690,13
channel-750,679767,30157691,30157697,6
channel-188,190493,30157692,30157716,24
channel-1,407878,30157702,30157713,11
channel-8945,17727,30157706,30157714,8
channel-767,14331,30157710,30157724,14
channel-146,20020,30157713,30157723,10
channel-216,93967,30157720,30157724,4
channel-38946,123918,30157720,30157734,14
channel-6994,1322049,30157724,30157749,25
channel-0,4034817,30157725,30157738,13
channel-19774,345588,30157727,30157737,10
channel-6994,1322050,30157736,30157782,46
channel-216,93968,30157747,30157752,5
channel-38946,123919,30157749,30157773,24
channel-767,14332,30157749,30157760,11
channel-0,4034818,30157754,30157763,9
channel-38946,123920,30157768,30157783,15
channel-85077,58145,30157774,30157786,12
channel-85077,58146,30157782,30157819,37
channel-767,14333,30157788,30157801,13
channel-251,85084,30157790,30157802,12
channel-38946,123921,30157791,30157800,9
channel-208,1488781,30157800,30157812,12
channel-6994,1322051,30157801,30157838,37
channel-122,667285,30157822,30157825,3
channel-208,1488782,30157835,30157845,10
channel-251,85085,30157847,30157858,11
channel-6994,1322052,30157860,30157907,47
channel-216,93969,30157863,30157868,5
channel-85791,3672,30157866,30157874,8
channel-874,292124,30157873,30157879,6
channel-0,4034819,30157878,30157890,12
channel-75,844262,30157878,30157886,8
channel-216,93970,30157886,30157890,4
channel-199,132301,30157887,30157894,7
channel-122,667286,30157887,30157890,3
channel-216,93971,30157894,30157898,4
channel-874,292125,30157901,30157910,9
channel-0,4034820,30157906,30157916,10
channel-0,4034821,30157906,30157916,10
channel-122,667287,30157921,30157924,3
channel-6994,1322053,30157923,30157964,41
channel-750,679768,30157923,30157935,12
channel-0,4034822,30157934,30157943,9
channel-0,4034823,30157941,30157950,9
channel-216,93972,30157941,30157946,5
channel-0,4034824,30157961,30157969,8
channel-122,667288,30157962,30157965,3
channel-122,667289,30157966,30157969,3
channel-6994,1322054,30157988,30158001,13
channel-326,537052,30158035,30158058,23
channel-89321,19254,30158047,30158057,10
channel-85077,58147,30158060,30158090,30
channel-122,667290,30158061,30158065,4
channel-8945,17728,30158061,30158074,13
channel-6994,1322055,30158062,30158073,11
channel-0,4034825,30158086,30158097,11
channel-6994,1322056,30158092,30158102,10
channel-1,407879,30158101,30158123,22
channel-94814,3652,30158129,30158142,13
channel-85077,58148,30158130,30158141,11
channel-320,119062,30158132,30158146,14
channel-320,119063,30158136,30158156,20
channel-750,679769,30158137,30158151,14
channel-85077,58149,30158137,30158171,34
channel-750,679770,30158150,30158155,5
channel-91017,2633,30158152,30158160,8
channel-19774,345589,30158154,30158165,11
channel-75,844263,30158181,30158189,8
channel-320,119064,30158195,30158207,12
channel-6994,1322057,30158206,30158220,14
channel-199,132302,30158212,30158221,9
channel-782,309985,30158213,30158219,6
channel-320,119065,30158226,30158265,39
channel-874,292126,30158233,30158238,5
channel-75,844264,30158237,30158245,8
channel-199,132303,30158244,30158260,16
channel-75,844265,30158278,30158285,7
channel-199,132304,30158281,30158293,12
channel-122,667291,30158287,30158290,3
channel-229,54954,30158291,30158299,8
channel-0,4034826,30158312,30158321,9
channel-122,667292,30158329,30158332,3
channel-2,130531,30158332,30158343,11
channel-75,844266,30158341,30158348,7
channel-326,537053,30158342,30158349,7
channel-1,407880,30158363,30158408,45
channel-208,1488783,30158383,30158396,13
channel-89298,18498,30158388,30158400,12
channel-2188,43323,30158418,30158423,5
channel-326,537054,30158423,30158453,30
channel-85077,58150,30158431,30158468,37
channel-2188,43324,30158442,30158447,5
channel-229,54955,30158449,30158458,9
channel-199,132305,30158450,30158460,10
channel-122,667293,30158453,30158457,4
channel-75,844267,30158490,30158497,7
channel-412,64350,30158497,30158506,9
channel-38946,123922,30158515,30158531,16
channel-89298,18499,30158555,30158565,10
channel-5485,1694,30158561,30158571,10
channel-208,1488784,30158563,30158573,10
channel-208,1488785,30158565,30158577,12
channel-750,679771,30158588,30158596,8
channel-143,128179,30158614,30158628,14
channel-216,93973,30158620,30158624,4
channel-1,407881,30158663,30158684,21
channel-85077,58151,30158672,30158691,19
channel-75,844268,30158680,30158687,7
channel-1,407882,30158682,30158701,19
channel-2188,43325,30158691,30158694,3
channel-143,128180,30158691,30158765,74
channel-5485,1695,30158694,30158743,49
channel-1,407883,30158705,30158730,25
channel-2188,43326,30158713,30158719,6
channel-2188,43327,30158734,30158739,5
channel-750,679772,30158734,30158738,4
channel-750,679773,30158735,30158751,16
channel-750,679774,30158735,30158749,14
channel-750,679775,30158738,30158752,14
channel-750,679776,30158739,30158744,5
channel-750,679777,30158762,30158775,13
channel-750,679778,30158770,30158784,14
channel-750,679779,30158770,30158784,14
channel-750,679780,30158773,30158778,5
channel-0,4034827,30158781,30158794,13
channel-750,679781,30158787,30158801,14
channel-750,679782,30158790,30158801,11
channel-85077,58152,30158806,30158836,30
channel-326,537055,30158815,30158831,16
channel-326,537056,30158818,30158837,19
channel-21113,25253,30158839,30158851,12
channel-21113,25254,30158889,30158896,7
channel-1,407884,30158892,30158901,9
channel-85077,58153,30158899,30158918,19
channel-85077,58154,30158901,30158918,17
channel-208,1488786,30158904,30158915,11
channel-750,679783,30158904,30158918,14
channel-750,679784,30158917,30158927,10
channel-326,537057,30158928,30158938,10
channel-750,679785,30158943,30158955,12
channel-750,679786,30158944,30158959,15
channel-326,537058,30158952,30158969,17
channel-6994,1322058,30158973,30159003,30
channel-85077,58155,30158978,30158999,21
channel-0,4034828,30158982,30158994,12
channel-0,4034829,30158984,30158994,10
channel-143,128181,30158994,30159027,33
channel-88,466943,30158996,30159011,15
channel-259,314080,30158999,30159004,5
channel-208,1488787,30159005,30159013,8
channel-0,4034830,30159007,30159016,9
channel-642,126449,30159007,30159089,82
channel-750,679787,30159010,30159025,15
channel-326,537059,30159026,30159035,9
channel-89298,18500,30159037,30159047,10
channel-750,679788,30159042,30159060,18
channel-0,4034831,30159044,30159056,12
channel-6994,1322059,30159051,30159065,14
channel-750,679789,30159065,30159079,14
channel-326,537060,30159075,30159169,94
channel-326,537061,30159075,30159169,94
channel-326,537062,30159075,30159169,94
channel-326,537063,30159075,30159169,94
channel-326,537064,30159075,30159169,94
channel-326,537065,30159075,30159169,94
channel-750,679790,30159081,30159085,4
channel-750,679791,30159085,30159096,11
channel-0,4034832,30159090,30159100,10
channel-750,679792,30159093,30159104,11
channel-5485,1696,30159117,30159129,12
channel-750,679793,30159125,30159134,9
channel-750,679794,30159130,30159133,3
channel-750,679795,30159133,30159146,13
channel-75,844269,30159137,30159149,12
channel-750,679796,30159142,30159158,16
channel-750,679797,30159144,30159158,14
channel-208,1488788,30159153,30159162,9
channel-42,1489727,30159157,30159169,12
channel-19774,345590,30159199,30159210,11
channel-750,679798,30159208,30159224,16
channel-750,679799,30159208,30159224,16
channel-750,679800,30159218,30159232,14
channel-2188,43328,30159229,30159234,5
channel-19774,345591,30159235,30159244,9
channel-75,844270,30159238,30159245,7
channel-216,93974,30159240,30159244,4
channel-750,679801,30159245,30159255,10
channel-0,4034833,30159254,30159264,10
channel-208,1488789,30159267,30159279,12
channel-143,128182,30159316,30159363,47
channel-6994,1322060,30159325,30159340,15
channel-72,516331,30159348,30159378,30
channel-75,844271,30159362,30159369,7
channel-208,1488790,30159393,30159405,12
channel-88,466944,30159400,30159415,15
channel-0,4034834,30159404,30159411,7
channel-0,4034835,30159409,30159420,11
channel-75,844272,30159409,30159415,6
channel-6994,1322061,30159426,30159442,16
channel-208,1488791,30159428,30159442,14
channel-750,679802,30159429,30159433,4
channel-750,679803,30159431,30159446,15
channel-750,679804,30159433,30159447,14
channel-326,537066,30159436,30159446,10
channel-0,4034836,30159438,30159447,9
channel-75,844273,30159444,30159447,3
channel-326,537067,30159445,30159466,21
channel-750,679805,30159447,30159462,15
channel-0,4034837,30159460,30159470,10
channel-750,679806,30159462,30159474,12
channel-750,679807,30159466,30159481,15
channel-750,679808,30159513,30159523,10
channel-0,4034838,30159540,30159550,10
channel-85077,58156,30159544,30159573,29
channel-5485,1697,30159546,30159557,11
channel-750,679809,30159568,30159572,4
channel-72,516332,30159575,30159608,33
channel-0,4034839,30159581,30159611,30
channel-143,128183,30159588,30159631,43
channel-208,1488792,30159593,30159603,10
channel-75,844274,30159610,30159617,7
channel-750,679810,30159612,30159626,14
channel-6994,1322062,30159631,30159643,12
channel-85077,58157,30159634,30159656,22
channel-85077,58158,30159663,30159689,26
