channel_id,sequence,send_height,ack_height,block_delay
channel-85077,59417,30249900,30249911,11
channel-122,667676,30249909,30249913,4
channel-85077,59418,30249910,30249921,11
channel-0,4037060,30249911,30249922,11
channel-750,681583,30249915,30249925,10
channel-38946,124044,30249919,30249964,45
channel-6994,1323141,30249924,30249974,50
channel-0,4037061,30249933,30249942,9
channel-750,681584,30249935,30249940,5
channel-85077,59419,30249937,30249947,10
channel-750,681585,30249953,30249958,5
channel-6994,1323142,30249959,30249972,13
channel-0,4037062,30249969,30249993,24
channel-750,681586,30249970,30249974,4
channel-750,681587,30249973,30249987,14
channel-6994,1323143,30249974,30249987,13
channel-85077,59420,30249974,30249983,9
channel-208,1489567,30249975,30249987,12
channel-0,4037063,30249975,30249987,12
channel-85077,59421,30249981,30249991,10
channel-85077,59422,30249990,30249999,9
channel-85077,59423,30249991,30250021,30
channel-326,537507,30249995,30250012,17
channel-326,537508,30250002,30250016,14
channel-85077,59424,30250003,30250013,10
channel-208,1489568,30250008,30250016,8
channel-208,1489569,30250008,30250016,8
channel-208,1489570,30250015,30250025,10
channel-38946,124045,30250015,30250030,15
channel-85077,59425,30250017,30250028,11
channel-1,408190,30250019,30250044,25
channel-6994,1323144,30250024,30250033,9
channel-85791,3741,30250033,30250040,7
channel-85077,59426,30250043,30250048,5
channel-750,681588,30250046,30250049,3
channel-326,537509,30250048,30250058,10
channel-0,4037064,30250056,30250067,11
channel-85077,59427,30250060,30250069,9
channel-216,94129,30250066,30250069,3
channel-85077,59428,30250073,30250084,11
channel-0,4037065,30250075,30250086,11
channel-0,4037066,30250094,30250105,11
channel-750,681589,30250097,30250115,18
channel-122,667677,30250098,30250101,3
channel-0,4037067,30250106,30250125,19
channel-208,1489571,30250117,30250128,11
channel-19774,345771,30250120,30250128,8
channel-208,1489572,30250126,30250137,11
channel-42,1489924,30250140,30250148,8
channel-208,1489573,30250153,30250162,9
channel-6994,1323145,30250168,30250177,9
channel-165,71415,30250169,30250181,12
channel-85077,59429,30250181,30250191,10
channel-0,4037068,30250184,30250196,12
channel-208,1489574,30250187,30250199,12
channel-0,4037069,30250191,30250202,11
channel-38946,124046,30250198,30250218,20
channel-6994,1323146,30250203,30250212,9
channel-77,50254,30250209,30250219,10
channel-19774,345772,30250216,30250225,9
channel-750,681590,30250219,30250229,10
channel-0,4037070,30250224,30250237,13
channel-0,4037071,30250231,30250243,12
channel-0,4037072,30250235,30250247,12
channel-42,1489925,30250237,30250243,6
channel-75,844762,30250251,30250262,11
channel-208,1489575,30250259,30250269,10
channel-6994,1323147,30250261,30250311,50
channel-85077,59430,30250268,30250277,9
channel-208,1489576,30250275,30250287,12
channel-6994,1323148,30250277,30250288,11
channel-38946,124047,30250281,30250324,43
channel-208,1489577,30250287,30250296,9
channel-38946,124048,30250297,30250312,15
channel-75,844763,30250303,30250310,7
channel-0,4037073,30250306,30250315,9
channel-208,1489578,30250306,30250328,22
channel-2188,43522,30250315,30250319,4
channel-259,314200,30250316,30250321,5
channel-184,137382,30250322,30250334,12
channel-85077,59431,30250324,30250331,7
channel-108,39835,30250326,30250368,42
channel-6994,1323149,30250328,30250340,12
channel-750,681591,30250332,30250344,12
channel-0,4037074,30250334,30250343,9
channel-0,4037075,30250337,30250348,11
channel-2188,43523,30250337,30250342,5
channel-750,681592,30250337,30250344,7
channel-208,1489579,30250338,30250348,10
channel-184,137383,30250339,30250348,9
channel-38946,124049,30250348,30250393,45
channel-184,137384,30250351,30250361,10
channel-0,4037076,30250358,30250368,10
channel-208,1489580,30250361,30250369,8
channel-326,537510,30250364,30250372,8
channel-750,681593,30250370,30250379,9
channel-208,1489581,30250372,30250388,16
channel-750,681594,30250374,30250386,12
channel-184,137385,30250374,30250385,11
channel-0,4037077,30250385,30250394,9
channel-492,20110,30250397,30250406,9
channel-85077,59432,30250401,30250409,8
channel-208,1489582,30250411,30250420,9
channel-6994,1323150,30250413,30250447,34
channel-184,137386,30250419,30250427,8
channel-750,681595,30250424,30250434,10
channel-782,310073,30250437,30250444,7
channel-184,137387,30250443,30250455,12
channel-326,537511,30250447,30250453,6
channel-326,537512,30250454,30250460,6
channel-0,4037078,30250455,30250467,12
channel-6994,1323151,30250464,30250476,12
channel-184,137388,30250475,30250483,8
channel-326,537513,30250482,30250487,5
channel-6994,1323152,30250488,30250499,11
channel-326,537514,30250492,30250499,7
channel-782,310074,30250498,30250504,6
channel-6994,1323153,30250511,30250556,45
channel-6994,1323154,30250512,30250524,12
channel-6994,1323155,30250524,30250533,9
channel-1,408191,30250530,30250551,21
channel-6994,1323156,30250536,30250548,12
channel-6994,1323157,30250537,30250548,11
channel-750,681596,30250537,30250550,13
channel-85077,59433,30250555,30250565,10
channel-122,667678,30250557,30250559,2
channel-0,4037079,30250591,30250601,10
channel-85077,59434,30250598,30250607,9
channel-122,667679,30250603,30250607,4
channel-0,4037080,30250623,30250633,10
channel-0,4037081,30250627,30250635,8
channel-122,667680,30250635,30250640,5
channel-208,1489583,30250667,30250680,13
channel-184,137389,30250672,30250684,12
channel-0,4037082,30250683,30250694,11
channel-750,681597,30250684,30250688,4
channel-6994,1323158,30250686,30250695,9
channel-0,4037083,30250714,30250723,9
channel-208,1489584,30250728,30250740,12
channel-122,667681,30250736,30250740,4
channel-0,4037084,30250737,30250745,8
channel-184,137390,30250739,30250751,12
channel-1,408192,30250747,30250770,23
channel-184,137391,30250753,30250764,11
channel-19774,345773,30250759,30250764,5
channel-782,310075,30250762,30250769,7
channel-85077,59435,30250777,30250787,10
channel-6994,1323159,30250791,30250807,16
channel-0,4037085,30250804,30250814,10
channel-1,408193,30250817,30250843,26
channel-19774,345774,30250817,30250826,9
channel-782,310076,30250831,30250833,2
channel-0,4037086,30250832,30250841,9
channel-1,408194,30250851,30250880,29
channel-208,1489585,30250852,30250865,13
channel-0,4037087,30250857,30250869,12
channel-0,4037088,30250869,30250878,9
channel-0,4037089,30250871,30250883,12
channel-88,467066,30250883,30250921,38
channel-91017,2749,30250883,30250891,8
channel-0,4037090,30250893,30250906,13
channel-750,681598,30250896,30250913,17
channel-94814,3735,30250903,30250913,10
channel-72,516395,30250919,30250969,50
channel-0,4037091,30250930,30250939,9
channel-75,844764,30250942,30250951,9
channel-85077,59436,30250966,30250976,10
channel-750,681599,30250982,30250997,15
channel-750,681600,30250995,30251002,7
channel-75,844765,30250997,30251005,8
channel-76971,12217,30251003,30251044,41
channel-750,681601,30251006,30251016,10
channel-6994,1323160,30251006,30251019,13
channel-208,1489586,30251007,30251018,11
channel-0,4037092,30251008,30251032,24
channel-19774,345775,30251019,30251027,8
channel-750,681602,30251026,30251037,11
channel-208,1489587,30251027,30251036,9
channel-0,4037093,30251042,30251052,10
channel-6994,1323161,30251054,30251096,42
channel-0,4037094,30251056,30251065,9
channel-750,681603,30251058,30251071,13
channel-750,681604,30251058,30251062,4
channel-0,4037095,30251062,30251076,14
channel-85077,59437,30251076,30251085,9
channel-750,681605,30251078,30251085,7
channel-122,667682,30251078,30251082,4
channel-6994,1323162,30251081,30251093,12
channel-750,681606,30251082,30251093,11
channel-750,681607,30251087,30251093,6
channel-0,4037096,30251093,30251101,8
channel-72,516396,30251095,30251124,29
channel-750,681608,30251096,30251115,19
channel-85077,59438,30251097,30251108,11
channel-122,667683,30251103,30251107,4
channel-85077,59439,30251103,30251115,12
channel-750,681609,30251105,30251119,14
channel-85077,59440,30251106,30251117,11
channel-208,1489588,30251108,30251122,14
channel-750,681610,30251121,30251127,6
channel-208,1489589,30251132,30251142,10
channel-750,681611,30251132,30251147,15
channel-750,681612,30251140,30251146,6
channel-85077,59441,30251149,30251161,12
channel-0,4037097,30251170,30251196,26
channel-750,681613,30251172,30251177,5
channel-750,681614,30251173,30251177,4
channel-750,681615,30251184,30251189,5
channel-85077,59442,30251185,30251198,13
channel-750,681616,30251201,30251210,9
channel-208,1489590,30251209,30251221,12
channel-208,1489591,30251211,30251221,10
channel-750,681617,30251213,30251224,11
channel-19774,345776,30251219,30251227,8
channel-750,681618,30251225,30251234,9
channel-208,1489592,30251225,30251237,12
channel-85077,59443,30251226,30251236,10
channel-0,4037098,30251231,30251242,11
channel-642,126484,30251241,30251300,59
channel-0,4037099,30251244,30251273,29
channel-0,4037100,30251247,30251254,7
channel-72,516397,30251262,30251284,22
channel-122,667684,30251263,30251267,4
channel-0,4037101,30251279,30251292,13
channel-38946,124050,30251280,30251302,22
channel-122,667685,30251284,30251287,3
channel-75,844766,30251288,30251297,9
channel-0,4037102,30251299,30251313,14
channel-6994,1323163,30251301,30251334,33
channel-750,681619,30251327,30251340,13
channel-1,408195,30251334,30251364,30
channel-0,4037103,30251342,30251353,11
channel-0,4037104,30251343,30251353,10
channel-0,4037105,30251354,30251365,11
channel-750,681620,30251357,30251371,14
channel-122,667686,30251361,30251364,3
channel-6994,1323164,30251367,30251376,9
channel-750,681621,30251373,30251387,14
channel-6994,1323165,30251391,30251418,27
channel-208,1489593,30251398,30251413,15
channel-0,4037106,30251413,30251424,11
channel-208,1489594,30251413,30251425,12
channel-1,408196,30251421,30251447,26
channel-750,681622,30251424,30251438,14
channel-782,310077,30251425,30251444,19
channel-89298,18578,30251425,30251435,10
channel-75,844767,30251426,30251433,7
channel-1429,140684,30251435,30251446,11
channel-85077,59444,30251440,30251448,8
channel-81016,264,30251452,30251463,11
channel-750,681623,30251454,30251467,13
channel-874,292718,30251458,30251469,11
channel-0,4037107,30251460,30251469,9
channel-750,681624,30251475,30251488,13
channel-340,3160,30251487,30251496,9
channel-6994,1323166,30251488,30251499,11
channel-0,4037108,30251513,30251524,11
channel-326,537515,30251521,30251526,5
channel-85077,59445,30251530,30251538,8
channel-0,4037109,30251536,30251549,13
channel-38946,124051,30251544,30251555,11
channel-2186,40755,30251553,30251611,58
channel-88,467067,30251557,30251570,13
channel-0,4037110,30251572,30251582,10
channel-6994,1323167,30251589,30251603,14
channel-38946,124052,30251594,30251602,8
channel-0,4037111,30251601,30251612,11
channel-750,681625,30251610,30251619,9
channel-89321,19349,30251612,30251624,12
channel-73755,5826,30251612,30251618,6
channel-75,844768,30251613,30251619,6
channel-0,4037112,30251618,30251630,12
channel-750,681626,30251620,30251645,25
channel-0,4037113,30251626,30251635,9
channel-750,681627,30251639,30251655,16
channel-0,4037114,30251642,30251655,13
channel-0,4037115,30251654,30251664,10
channel-0,4037116,30251663,30251672,9
channel-0,4037117,30251667,30251677,10
channel-6994,1323168,30251668,30251679,11
channel-750,681628,30251678,30251684,6
channel-0,4037118,30251680,30251687,7
channel-750,681629,30251687,30251697,10
channel-75,844769,30251687,30251695,8
channel-89321,19350,30251695,30251728,33
channel-85077,59446,30251695,30251706,11
channel-208,1489595,30251705,30251714,9
channel-0,4037119,30251706,30251716,10
channel-6994,1323169,30251708,30251724,16
channel-0,4037120,30251710,30251721,11
channel-122,667687,30251711,30251715,4
channel-750,681630,30251712,30251737,25
channel-0,4037121,30251720,30251731,11
channel-0,4037122,30251724,30251736,12
channel-0,4037123,30251725,30251736,11
channel-0,4037124,30251730,30251743,13
channel-75,844770,30251737,30251743,6
channel-6994,1323170,30251740,30251753,13
channel-122,667688,30251743,30251747,4
channel-38946,124053,30251748,30251771,23
channel-750,681631,30251749,30251763,14
channel-6994,1323171,30251767,30251783,16
channel-0,4037125,30251772,30251782,10
channel-89321,19351,30251776,30251785,9
channel-6787,166615,30251784,30251788,4
channel-6994,1323172,30251790,30251804,14
channel-38946,124054,30251794,30251809,15
channel-208,1489596,30251796,30251809,13
channel-0,4037126,30251808,30251817,9
channel-0,4037127,30251816,30251828,12
channel-1,408197,30251828,30251841,13
channel-0,4037128,30251830,30251838,8
channel-0,4037129,30251834,30251844,10
channel-750,681632,30251835,30251848,13
channel-0,4037130,30251837,30251848,11
channel-259,314201,30251844,30251849,5
channel-38946,124055,30251844,30251856,12
channel-0,4037131,30251850,30251860,10
channel-0,4037132,30251856,30251864,8
channel-750,681633,30251856,30251862,6
channel-782,310078,30251869,30251876,7
channel-0,4037133,30251874,30251881,7
channel-38946,124056,30251876,30251886,10
channel-0,4037134,30251880,30251889,9
channel-38946,124057,30251894,30251906,12
channel-750,681634,30251895,30251909,14
channel-0,4037135,30251901,30251910,9
channel-0,4037136,30251902,30251910,8
channel-2188,43524,30251903,30251908,5
channel-38946,124058,30251910,30251929,19
channel-6994,1323173,30251912,30251924,12
channel-75,844771,30251924,30251930,6
channel-750,681635,30251925,30251933,8
channel-326,537516,30251925,30251935,10
channel-38946,124059,30251936,30251947,11
channel-208,1489597,30251937,30251947,10
channel-0,4037137,30251941,30251955,14
channel-1279,67108,30251952,30251977,25
channel-0,4037138,30251969,30251991,22
channel-38946,124061,30251975,30251987,12
channel-6787,166616,30251982,30251986,4
channel-750,681636,30251986,30251990,4
channel-1,408198,30251992,30252003,11
channel-6994,1323174,30251995,30252009,14
channel-208,1489598,30252001,30252010,9
channel-38946,124062,30252004,30252017,13
channel-782,310079,30252012,30252018,6
channel-6994,1323175,30252020,30252034,14
channel-0,4037139,30252022,30252031,9
channel-750,681637,30252045,30252056,11
channel-38946,124063,30252050,30252067,17
channel-208,1489599,30252067,30252079,12
channel-6994,1323176,30252071,30252081,10
channel-75016,4575,30252073,30252091,18
channel-85077,59447,30252076,30252085,9
channel-85077,59448,30252078,30252086,8
channel-85077,59449,30252094,30252101,7
channel-208,1489600,30252097,30252107,10
channel-6897,5631,30252098,30252105,7
channel-6994,1323177,30252102,30252112,10
channel-122,667689,30252112,30252115,3
channel-0,4037140,30252121,30252131,10
channel-6994,1323178,30252125,30252215,90
channel-6994,1323179,30252131,30252145,14
channel-204,670745,30252143,30252150,7
channel-0,4037141,30252150,30252160,10
channel-326,537517,30252160,30252166,6
channel-782,310080,30252162,30252166,4
channel-750,681638,30252169,30252179,10
channel-6994,1323180,30252182,30252195,13
channel-6994,1323181,30252185,30252215,30
channel-85077,59450,30252185,30252209,24
channel-320,119165,30252187,30252195,8
channel-0,4037142,30252191,30252200,9
channel-750,681639,30252194,30252205,11
channel-6994,1323182,30252200,30252210,10
channel-6994,1323183,30252208,30252219,11
channel-85077,59451,30252210,30252219,9
channel-750,681640,30252221,30252230,9
channel-6994,1323184,30252224,30252236,12
channel-75,844772,30252242,30252249,7
channel-750,681641,30252246,30252255,9
channel-89321,19352,30252266,30252275,9
channel-326,537518,30252271,30252278,7
channel-6994,1323185,30252296,30252311,15
channel-326,537519,30252309,30252314,5
channel-0,4037143,30252317,30252329,12
channel-0,4037144,30252321,30252333,12
channel-0,4037145,30252338,30252347,9
channel-75,844773,30252346,30252353,7
channel-6994,1323186,30252347,30252361,14
channel-6994,1323187,30252347,30252361,14
channel-143,128275,30252351,30252365,14
channel-326,537520,30252353,30252361,8
channel-326,537521,30252353,30252361,8
channel-0,4037146,30252354,30252361,7
channel-0,4037147,30252362,30252371,9
channel-750,681642,30252363,30252374,11
channel-122,667690,30252369,30252372,3
channel-2188,43525,30252376,30252380,4
channel-750,681643,30252377,30252384,7
channel-0,4037148,30252380,30252385,5
channel-782,310081,30252384,30252392,8
channel-85077,59452,30252384,30252394,10
channel-6994,1323188,30252385,30252395,10
channel-750,681644,30252387,30252397,10
channel-2188,43526,30252393,30252398,5
channel-0,4037149,30252398,30252410,12
channel-85077,59453,30252407,30252416,9
channel-0,4037150,30252412,30252426,14
channel-6994,1323189,30252413,30252439,26
channel-750,681645,30252426,30252438,12
channel-0,4037151,30252427,30252436,9
channel-143,128276,30252438,30252450,12
channel-85077,59454,30252453,30252461,8
channel-75,844774,30252456,30252463,7
channel-6994,1323190,30252457,30252471,14
channel-6787,166617,30252483,30252487,4
channel-85077,59455,30252496,30252504,8
channel-216,94130,30252505,30252509,4
channel-0,4037152,30252505,30252516,11
channel-1,408199,30252509,30252539,30
channel-75,844775,30252517,30252524,7
channel-2188,43527,30252536,30252541,5
channel-2188,43528,30252542,30252546,4
channel-85077,59456,30252544,30252564,20
channel-122,667691,30252547,30252551,4
channel-208,1489601,30252560,30252571,11
channel-750,681646,30252561,30252569,8
channel-122,667692,30252566,30252570,4
channel-326,537522,30252577,30252582,5
channel-2188,43529,30252584,30252589,5
channel-85077,59457,30252603,30252613,10
channel-2188,43530,30252610,30252615,5
channel-0,4037153,30252616,30252624,8
channel-750,681647,30252634,30252646,12
channel-750,681648,30252635,30252645,10
channel-89298,18579,30252636,30252648,12
channel-874,292719,30252644,30252649,5
channel-750,681649,30252648,30252661,13
channel-0,4037154,30252649,30252662,13
channel-6994,1323191,30252652,30252665,13
channel-6994,1323192,30252654,30252665,11
channel-750,681650,30252664,30252674,10
channel-326,537523,30252668,30252676,8
channel-85077,59458,30252668,30252699,31
channel-208,1489602,30252672,30252681,9
channel-19774,345777,30252675,30252684,9
channel-0,4037155,30252678,30252688,10
channel-750,681651,30252683,30252699,16
channel-85077,59459,30252684,30252695,11
channel-0,4037156,30252689,30252715,26
channel-85077,59460,30252689,30252699,10
channel-85077,59461,30252691,30252699,8
channel-6994,1323193,30252709,30252716,7
channel-750,681652,30252709,30252717,8
channel-85077,59462,30252711,30252728,17
channel-6994,1323194,30252721,30252734,13
channel-89321,19353,30252726,30252739,13
channel-1,408200,30252728,30252746,18
channel-75,844776,30252733,30252752,19
channel-750,681653,30252754,30252764,10
channel-0,4037157,30252759,30252769,10
channel-750,681654,30252774,30252785,11
channel-208,1489603,30252797,30252808,11
channel-412,64455,30252798,30252810,12
channel-0,4037158,30252811,30252819,8
channel-85077,59463,30252829,30252839,10
channel-75,844777,30252832,30252841,9
channel-6994,1323195,30252854,30252866,12
channel-38946,124066,30252863,30252875,12
channel-1429,140685,30252865,30252876,11
channel-42,1489926,30252866,30252877,11
channel-326,537524,30252871,30252880,9
channel-42,1489927,30252893,30252902,9
channel-750,681655,30252895,30252902,7
channel-6994,1323196,30252903,30252909,6
channel-750,681656,30252908,30252913,5
channel-259,314202,30252909,30252916,7
channel-6994,1323197,30252909,30252919,10
channel-750,681657,30252913,30252929,16
channel-42,1489928,30252930,30252941,11
channel-85077,59464,30252934,30252943,9
channel-6994,1323198,30252941,30252957,16
channel-91017,2750,30252946,30252955,9
channel-750,681658,30252946,30252959,13
channel-6994,1323199,30252957,30252971,14
channel-42,1489929,30252960,30252969,9
channel-42,1489930,30252967,30252977,10
channel-0,4037159,30252969,30252982,13
channel-750,681659,30252982,30252992,10
channel-94814,3736,30252994,30253007,13
channel-94814,3737,30253031,30253044,13
channel-0,4037160,30253032,30253046,14
channel-767,14355,30253034,30253045,11
channel-122,667693,30253039,30253043,4
channel-750,681660,30253046,30253051,5
channel-782,310082,30253052,30253058,6
channel-6994,1323200,30253056,30253064,8
channel-85077,59465,30253061,30253079,18
channel-6994,1323201,30253062,30253078,16
channel-6994,1323202,30253086,30253099,13
channel-85077,59466,30253103,30253117,14
channel-1429,140686,30253120,30253129,9
channel-782,310083,30253129,30253138,9
channel-782,310084,30253142,30253149,7
channel-750,681661,30253152,30253156,4
channel-208,1489604,30253170,30253182,12
channel-750,681662,30253172,30253177,5
channel-79703,4409,30253175,30253191,16
channel-874,292720,30253184,30253189,5
channel-6994,1323203,30253184,30253196,12
channel-6787,166618,30253187,30253191,4
channel-750,681663,30253192,30253204,12
channel-85077,59467,30253199,30253209,10
channel-251,85164,30253227,30253239,12
channel-750,681664,30253233,30253238,5
channel-750,681665,30253237,30253241,4
channel-6994,1323204,30253238,30253249,11
channel-6994,1323205,30253246,30253255,9
channel-115,20355,30253251,30253257,6
channel-208,1489605,30253258,30253271,13
channel-750,681666,30253266,30253318,52
channel-1575,15178,30253272,30253281,9
channel-874,292721,30253276,30253281,5
channel-750,681667,30253277,30253310,33
channel-21113,25295,30253278,30253285,7
channel-38946,124067,30253284,30253302,18
channel-782,310085,30253286,30253301,15
channel-208,1489606,30253296,30253307,11
channel-6994,1323206,30253303,30253317,14
channel-0,4037161,30253313,30253326,13
channel-4,166844,30253314,30253326,12
channel-251,85165,30253347,30253353,6
channel-1,408201,30253357,30253366,9
channel-208,1489607,30253371,30253379,8
channel-85077,59468,30253380,30253387,7
channel-0,4037162,30253383,30253393,10
channel-0,4037163,30253393,30253403,10
channel-6787,166619,30253396,30253401,5
channel-208,1489608,30253405,30253413,8
channel-75,844778,30253410,30253417,7
channel-6994,1323207,30253431,30253444,13
channel-6994,1323208,30253462,30253477,15
channel-0,4037164,30253479,30253488,9
channel-19774,345778,30253485,30253495,10
channel-85077,59469,30253496,30253503,7
channel-122,667694,30253529,30253531,2
channel-6994,1323209,30253535,30253544,9
channel-0,4037165,30253557,30253566,9
channel-6994,1323210,30253575,30253591,16
channel-0,4037166,30253578,30253587,9
channel-0,4037167,30253582,30253590,8
channel-1,408202,30253586,30253597,11
channel-42,1489931,30253619,30253629,10
channel-208,1489609,30253619,30253633,14
channel-783,104194,30253635,30253642,7
channel-750,681668,30253652,30253667,15
channel-19774,345779,30253653,30253667,14
channel-6994,1323211,30253655,30253668,13
channel-6994,1323212,30253658,30253668,10
channel-0,4037168,30253659,30253672,13
channel-0,4037169,30253659,30253672,13
channel-89298,18580,30253659,30253669,10
channel-259,314203,30253660,30253666,6
channel-6787,166620,30253677,30253681,4
channel-750,681669,30253682,30253691,9
channel-122,667695,30253683,30253686,3
channel-6994,1323213,30253696,30253708,12
channel-6994,1323214,30253696,30253708,12
channel-208,1489610,30253697,30253705,8
channel-6994,1323215,30253699,30253712,13
channel-89321,19354,30253717,30253728,11
channel-750,681670,30253723,30253728,5
channel-6994,1323216,30253732,30253744,12
channel-0,4037170,30253734,30253744,10
channel-6994,1323217,30253744,30253753,9
channel-0,4037171,30253744,30253752,8
channel-85077,59470,30253749,30253757,8
channel-75,844779,30253763,30253769,6
channel-216,94131,30253771,30253819,48
channel-6994,1323218,30253778,30253790,12
channel-0,4037172,30253796,30253805,9
channel-208,1489611,30253799,30253807,8
channel-89298,18581,30253816,30253826,10
channel-19774,345780,30253823,30253835,12
channel-89298,18582,30253848,30253857,9
channel-0,4037173,30253856,30253868,12
channel-122,667696,30253861,30253864,3
channel-6994,1323219,30253876,30253885,9
channel-122,667697,30253885,30253890,5
channel-94814,3738,30253915,30253927,12
channel-0,4037174,30253924,30253932,8
channel-42,1489932,30253925,30253934,9
channel-874,292722,30253930,30253940,10
channel-2,130585,30253932,30253942,10
channel-6994,1323220,30253935,30253943,8
channel-208,1489612,30253936,30253945,9
channel-6994,1323221,30253939,30253949,10
channel-208,1489613,30253939,30253950,11
channel-75,844780,30253960,30253965,5
channel-0,4037175,30253960,30253984,24
channel-89321,19355,30253962,30253975,13
channel-6994,1323222,30253962,30253976,14
channel-89321,19356,30253964,30253975,11
channel-6994,1323223,30253970,30253981,11
channel-208,1489614,30253975,30253987,12
channel-6994,1323224,30253980,30253991,11
channel-75016,4576,30253990,30254009,19
channel-0,4037176,30253998,30254007,9
channel-122,667698,30254000,30254003,3
channel-6994,1323225,30254006,30254015,9
channel-1575,15179,30254009,30254018,9
channel-1,408203,30254013,30254024,11
channel-19774,345781,30254040,30254053,13
channel-0,4037177,30254042,30254055,13
channel-122,667699,30254042,30254046,4
channel-0,4037178,30254043,30254055,12
channel-75,844781,30254058,30254065,7
channel-326,537525,30254064,30254070,6
channel-6994,1323226,30254071,30254081,10
channel-6994,1323227,30254080,30254091,11
channel-91017,2751,30254095,30254105,10
channel-75,844782,30254104,30254112,8
channel-783,104195,30254110,30254118,8
channel-89321,19357,30254111,30254118,7
channel-6994,1323228,30254119,30254128,9
channel-6994,1323229,30254120,30254143,23
channel-750,681671,30254123,30254135,12
channel-75,844783,30254153,30254159,6
channel-6994,1323230,30254159,30254185,26
channel-85077,59471,30254163,30254178,15
channel-6994,1323231,30254182,30254195,13
channel-89321,19358,30254187,30254192,5
channel-750,681672,30254197,30254208,11
channel-6994,1323232,30254204,30254216,12
channel-6994,1323233,30254205,30254232,27
channel-0,4037179,30254227,30254240,13
channel-0,4037180,30254228,30254240,12
channel-750,681673,30254229,30254233,4
channel-750,681674,30254232,30254243,11
channel-89321,19359,30254233,30254245,12
channel-6994,1323234,30254254,30254283,29
channel-782,310086,30254259,30254271,12
channel-0,4037181,30254261,30254273,12
channel-750,681675,30254284,30254291,7
channel-0,4037182,30254289,30254313,24
channel-6994,1323235,30254304,30254325,21
channel-6994,1323236,30254311,30254325,14
channel-782,310087,30254329,30254333,4
channel-6994,1323237,30254345,30254357,12
channel-750,681676,30254362,30254371,9
channel-6994,1323238,30254363,30254372,9
channel-184,137392,30254365,30254375,10
channel-782,310088,30254366,30254372,6
channel-208,1489615,30254375,30254386,11
channel-750,681677,30254377,30254383,6
channel-1,408204,30254396,30254422,26
channel-412,64456,30254403,30254415,12
channel-6994,1323239,30254410,30254423,13
channel-122,667700,30254426,30254431,5
channel-251,85166,30254427,30254438,11
channel-750,681678,30254435,30254440,5
channel-6994,1323240,30254441,30254468,27
channel-6994,1323241,30254445,30254459,14
channel-6994,1323242,30254447,30254469,22
channel-6994,1323243,30254450,30254463,13
channel-0,4037183,30254457,30254483,26
channel-874,292723,30254466,30254468,2
channel-2,130586,30254468,30254478,10
channel-874,292724,30254479,30254484,5
channel-750,681679,30254486,30254495,9
channel-6994,1323244,30254490,30254506,16
channel-0,4037184,30254491,30254502,11
channel-0,4037185,30254497,30254507,10
channel-6994,1323245,30254504,30254530,26
channel-6994,1323246,30254518,30254530,12
channel-6994,1323247,30254520,30254551,31
channel-750,681680,30254548,30254554,6
channel-122,667701,30254553,30254556,3
channel-6994,1323248,30254553,30254562,9
channel-5485,1704,30254554,30254571,17
channel-750,681681,30254565,30254575,10
channel-88,467068,30254566,30254577,11
channel-85077,59472,30254567,30254579,12
channel-0,4037186,30254571,30254579,8
channel-750,681682,30254575,30254580,5
channel-1,408205,30254576,30254587,11
channel-0,4037187,30254577,30254590,13
channel-1575,15180,30254577,30254587,10
channel-750,681683,30254577,30254588,11
channel-208,1489616,30254587,30254600,13
channel-6994,1323249,30254591,30254603,12
channel-6994,1323250,30254607,30254616,9
channel-750,681684,30254607,30254616,9
channel-0,4037188,30254608,30254620,12
channel-874,292725,30254617,30254624,7
channel-6994,1323251,30254626,30254637,11
channel-1575,15181,30254626,30254635,9
channel-6994,1323252,30254627,30254642,15
channel-208,1489617,30254629,30254639,10
channel-0,4037189,30254632,30254641,9
channel-874,292726,30254640,30254643,3
channel-199,132579,30254641,30254649,8
channel-750,681685,30254641,30254651,10
channel-113,301300,30254644,30254653,9
channel-184,137393,30254645,30254654,9
channel-6994,1323253,30254654,30254666,12
channel-122,667702,30254663,30254667,4
channel-874,292727,30254673,30254679,6
channel-750,681686,30254676,30254687,11
channel-75,844784,30254699,30254706,7
channel-326,537526,30254703,30254713,10
channel-85186,858,30254704,30254712,8
channel-750,681687,30254709,30254725,16
channel-85077,59473,30254720,30254725,5
channel-208,1489618,30254734,30254744,10
channel-208,1489619,30254744,30254754,10
channel-750,681688,30254751,30254757,6
channel-750,681689,30254756,30254767,11
channel-750,681690,30254759,30254764,5
channel-75,844785,30254761,30254769,8
channel-122,667703,30254776,30254779,3
channel-2,130587,30254786,30254799,13
channel-750,681691,30254790,30254802,12
channel-750,681692,30254793,30254812,19
channel-38946,124068,30254799,30254808,9
channel-522,40420,30254823,30254837,14
channel-750,681693,30254823,30254837,14
channel-122,667704,30254830,30254834,4
channel-75,844786,30254830,30254847,17
channel-522,40421,30254850,30254858,8
channel-0,4037190,30254855,30254866,11
channel-750,681694,30254868,30254879,11
channel-75,844787,30254871,30254887,16
channel-0,4037191,30254871,30254880,9
channel-94814,3739,30254871,30254879,8
channel-6994,1323254,30254877,30254891,14
channel-208,1489620,30254878,30254887,9
channel-750,681695,30254888,30254902,14
channel-750,681696,30254900,30254912,12
channel-208,1489621,30254909,30254919,10
channel-122,667705,30254916,30254920,4
channel-85077,59474,30254931,30254940,9
channel-75,844788,30254932,30254940,8
channel-6994,1323255,30254936,30254948,12
channel-94814,3740,30254940,30254956,16
channel-0,4037192,30254955,30254965,10
channel-6994,1323256,30254977,30254988,11
channel-208,1489622,30254992,30255003,11
channel-6787,166621,30255001,30255006,5
channel-0,4037193,30255001,30255011,10
channel-2186,40756,30255006,30255037,31
channel-208,1489623,30255015,30255027,12
channel-750,681697,30255017,30255027,10
channel-143,128277,30255028,30255038,10
channel-0,4037194,30255047,30255058,11
channel-113,301301,30255048,30255985,937
channel-75,844789,30255052,30255061,9
channel-6787,166622,30255053,30255058,5
channel-75,844790,30255067,30255072,5
channel-6994,1323257,30255068,30255081,13
channel-326,537527,30255077,30255081,4
channel-113,301302,30255080,30255180,100
channel-6994,1323258,30255088,30255099,11
channel-750,681698,30255099,30255105,6
channel-75,844791,30255106,30255113,7
channel-0,4037195,30255123,30255136,13
channel-113,301303,30255131,30255257,126
channel-38946,124069,30255133,30255146,13
channel-0,4037196,30255138,30255151,13
channel-208,1489624,30255145,30255156,11
channel-6994,1323259,30255145,30255157,12
channel-232,49190,30255153,30255162,9
channel-0,4037197,30255162,30255172,10
channel-251,85167,30255162,30255174,12
channel-251,85168,30255191,30255200,9
channel-326,537528,30255195,30255202,7
channel-874,292728,30255212,30255219,7
channel-0,4037198,30255213,30255222,9
channel-85077,59475,30255218,30255229,11
channel-19774,345782,30255222,30255232,10
channel-782,310089,30255227,30255233,6
channel-6994,1323260,30255227,30255240,13
channel-782,310090,30255232,30255236,4
channel-1,408206,30255251,30255288,37
channel-6787,166623,30255251,30255256,5
channel-208,1489625,30255256,30255269,13
channel-750,681699,30255265,30255269,4
channel-0,4037199,30255275,30255286,11
channel-0,4037200,30255280,30255290,10
channel-750,681700,30255292,30255296,4
channel-874,292729,30255307,30255315,8
channel-750,681701,30255335,30255349,14
channel-750,681702,30255350,30255363,13
channel-0,4037201,30255357,30255366,9
channel-750,681703,30255359,30255377,18
channel-767,14356,30255375,30255383,8
channel-208,1489626,30255383,30255392,9
channel-204,670746,30255387,30255395,8
channel-783,104196,30255403,30255410,7
channel-165,71416,30255404,30255414,10
channel-208,1489627,30255412,30255421,9
channel-0,4037202,30255412,30255421,9
channel-259,314204,30255413,30255420,7
channel-0,4037203,30255416,30255427,11
channel-0,4037204,30255428,30255440,12
channel-6,66632,30255429,30255440,11
channel-122,667706,30255440,30255443,3
channel-113,301304,30255460,30255515,55
channel-0,4037205,30255467,30255479,12
channel-22172,2615,30255481,30255496,15
channel-6994,1323261,30255489,30255519,30
channel-0,4037206,30255503,30255512,9
channel-208,1489628,30255508,30255520,12
channel-188,190538,30255508,30255516,8
channel-188,190539,30255511,30255520,9
channel-6994,1323262,30255528,30255541,13
channel-122,667707,30255532,30255536,4
channel-122,667708,30255534,30255537,3
channel-874,292730,30255556,30255562,6
channel-6994,1323263,30255557,30255567,10
channel-0,4037207,30255558,30255570,12
channel-1,408207,30255561,30255572,11
channel-0,4037208,30255583,30255594,11
channel-750,681704,30255593,30255607,14
channel-6994,1323264,30255599,30255609,10
channel-0,4037209,30255601,30255611,10
channel-216,94132,30255609,30255615,6
channel-750,681705,30255609,30255618,9
channel-75,844792,30255609,30255615,6
channel-750,681706,30255623,30255629,6
channel-122,667709,30255626,30255630,4
channel-75,844793,30255626,30255632,6
channel-6994,1323265,30255630,30255641,11
channel-6994,1323266,30255632,30255667,35
channel-89298,18583,30255644,30255655,11
channel-750,681707,30255649,30255664,15
channel-94814,3741,30255660,30255674,14
channel-750,681708,30255715,30255731,16
channel-6994,1323267,30255741,30255751,10
channel-199,132580,30255747,30255757,10
channel-750,681709,30255779,30255791,12
channel-750,681710,30255780,30255793,13
channel-6994,1323268,30255781,30255794,13
channel-0,4037210,30255787,30255797,10
channel-75,844794,30255788,30255797,9
channel-208,1489629,30255805,30255813,8
channel-2494,31878,30255807,30255818,11
channel-750,681711,30255810,30255819,9
channel-1,408208,30255816,30255835,19
channel-6994,1323269,30255818,30255828,10
channel-0,4037211,30255820,30255834,14
channel-326,537529,30255825,30255834,9
channel-767,14357,30255825,30255838,13
channel-0,4037212,30255829,30255843,14
channel-72,516398,30255843,30255882,39
channel-6994,1323270,30255844,30255856,12
channel-258,17753,30255850,30255859,9
channel-6994,1323271,30255852,30255864,12
channel-6994,1323272,30255873,30255885,12
channel-750,681712,30255878,30255885,7
channel-229,55004,30255878,30255891,13
channel-6994,1323273,30255886,30255897,11
channel-0,4037213,30255887,30255900,13
channel-38946,124070,30255894,30255909,15
channel-6994,1323274,30255902,30255911,9
channel-75,844795,30255909,30255916,7
channel-750,681713,30255911,30255915,4
channel-320,119166,30255921,30255947,26
channel-2494,31879,30255925,30255935,10
channel-19774,345783,30255929,30255941,12
channel-1279,67109,30255953,30255979,26
channel-2188,43531,30255954,30255959,5
channel-6994,1323275,30255984,30255996,12
channel-208,1489630,30255991,30256000,9
channel-0,4037214,30256003,30256014,11
channel-85077,59476,30256005,30256021,16
channel-6994,1323276,30256008,30256018,10
channel-0,4037215,30256029,30256038,9
channel-6994,1323277,30256031,30256041,10
channel-6994,1323278,30256045,30256068,23
channel-6994,1323279,30256046,30256068,22
channel-340,3161,30256054,30256061,7
channel-6994,1323280,30256057,30256067,10
channel-122,667710,30256066,30256069,3
channel-19774,345784,30256066,30256079,13
channel-6994,1323281,30256078,30256089,11
channel-6994,1323282,30256096,30256107,11
channel-6994,1323283,30256102,30256123,21
channel-75016,4577,30256117,30256137,20
channel-6994,1323284,30256117,30256128,11
channel-326,537530,30256118,30256134,16
channel-750,681714,30256123,30256133,10
channel-750,681715,30256133,30256143,10
channel-208,1489631,30256138,30256151,13
channel-6994,1323285,30256154,30256165,11
channel-94814,3742,30256157,30256167,10
channel-6994,1323286,30256160,30256170,10
channel-782,310091,30256173,30256178,5
channel-6994,1323287,30256182,30256194,12
channel-89321,19360,30256199,30256225,26
channel-6994,1323288,30256209,30256223,14
channel-6994,1323289,30256225,30256238,13
channel-89298,18584,30256225,30256238,13
channel-750,681716,30256227,30256233,6
channel-750,681717,30256228,30256248,20
channel-1,408209,30256238,30256253,15
channel-6787,166624,30256256,30256260,4
channel-782,310092,30256257,30256263,6
channel-6994,1323290,30256265,30256275,10
channel-75,844796,30256269,30256277,8
channel-208,1489632,30256273,30256283,10
channel-6994,1323291,30256280,30256295,15
channel-6994,1323292,30256301,30256321,20
channel-6994,1323293,30256302,30256321,19
channel-750,681718,30256303,30256307,4
channel-75,844797,30256306,30256314,8
channel-6787,166625,30256310,30256315,5
channel-208,1489633,30256331,30256345,14
channel-1,408210,30256331,30256343,12
channel-0,4037216,30256331,30256340,9
channel-2,130588,30256334,30256342,8
channel-19774,345785,30256339,30256350,11
channel-0,4037217,30256340,30256349,9
channel-204,670747,30256346,30256353,7
channel-750,681719,30256362,30256367,5
channel-188,190540,30256372,30256389,17
channel-6994,1323294,30256372,30256382,10
channel-6787,166626,30256375,30256379,4
channel-38946,124071,30256377,30256393,16
channel-0,4037218,30256380,30256390,10
channel-122,667711,30256381,30256384,3
channel-6994,1323295,30256382,30256391,9
channel-38946,124072,30256391,30256403,12
channel-122,667712,30256393,30256407,14
channel-208,1489634,30256395,30256409,14
channel-19774,345786,30256398,30256410,12
channel-1,408211,30256407,30256424,17
channel-91017,2752,30256407,30256417,10
channel-6787,166627,30256413,30256418,5
channel-750,681720,30256418,30256431,13
channel-6994,1323296,30256425,30256436,11
channel-6994,1323297,30256430,30256442,12
channel-6994,1323298,30256431,30256443,12
channel-783,104197,30256443,30256449,6
channel-750,681721,30256444,30256448,4
channel-750,681722,30256446,30256450,4
channel-874,292731,30256453,30256458,5
channel-72,516399,30256457,30256510,53
channel-6787,166628,30256467,30256472,5
channel-0,4037219,30256473,30256497,24
channel-750,681723,30256480,30256501,21
channel-122,667713,30256481,30256484,3
channel-2188,43532,30256491,30256495,4
channel-874,292732,30256500,30256505,5
channel-75,844798,30256503,30256508,5
channel-208,1489635,30256503,30256515,12
channel-2188,43533,30256511,30256515,4
channel-2188,43534,30256536,30256541,5
channel-204,670748,30256546,30256554,8
channel-6994,1323299,30256550,30256564,14
channel-2188,43535,30256560,30256565,5
channel-75,844799,30256560,30256566,6
channel-750,681724,30256561,30256571,10
channel-6994,1323300,30256577,30256588,11
channel-91017,2753,30256593,30256602,9
channel-2186,40757,30256593,30256604,11
channel-0,4037220,30256597,30256606,9
channel-2188,43536,30256598,30256602,4
channel-0,4037221,30256603,30256615,12
channel-208,1489636,30256613,30256626,13
channel-326,537531,30256626,30256644,18
channel-6994,1323301,30256628,30256638,10
channel-6994,1323302,30256638,30256648,10
channel-85077,59477,30256639,30256647,8
channel-750,681725,30256640,30256645,5
channel-874,292733,30256649,30256654,5
channel-326,537532,30256650,30256655,5
channel-75,844800,30256652,30256659,7
channel-6994,1323303,30256666,30256678,12
channel-6994,1323304,30256669,30256681,12
channel-19774,345787,30256678,30256685,7
channel-0,4037222,30256684,30256698,14
channel-85077,59478,30256690,30256700,10
channel-6994,1323305,30256692,30256710,18
channel-122,667714,30256698,30256701,3
channel-122,667715,30256700,30256703,3
channel-89298,18585,30256704,30256717,13
channel-341,3386,30256708,30256718,10
channel-0,4037223,30256708,30256718,10
channel-750,681726,30256716,30256718,2
channel-122,667716,30256720,30256723,3
channel-75,844801,30256721,30256728,7
channel-0,4037224,30256722,30256732,10
channel-750,681727,30256724,30256728,4
channel-85077,59479,30256725,30256734,9
channel-0,4037225,30256737,30256746,9
channel-122,667717,30256740,30256744,4
channel-0,4037226,30256742,30256752,10
channel-85077,59480,30256759,30256769,10
channel-874,292734,30256773,30256779,6
channel-0,4037227,30256773,30256780,7
channel-75,844802,30256779,30256786,7
channel-6994,1323306,30256781,30256793,12
channel-122,667718,30256788,30256792,4
channel-6994,1323307,30256788,30256804,16
channel-750,681728,30256795,30256806,11
channel-0,4037228,30256799,30256807,8
channel-0,4037229,30256801,30256807,6
channel-0,4037230,30256802,30256807,5
channel-85077,59481,30256808,30256815,7
channel-19774,345788,30256813,30256822,9
channel-0,4037231,30256819,30256829,10
channel-782,310093,30256821,30256828,7
channel-89298,18586,30256828,30256837,9
channel-2188,43537,30256837,30256842,5
channel-188,190541,30256840,30256857,17
channel-6994,1323308,30256842,30256853,11
channel-750,681729,30256844,30256849,5
channel-750,681730,30256849,30256859,10
channel-5,184247,30256864,30256874,10
channel-6787,166629,30256865,30256869,4
channel-75,844803,30256865,30256873,8
channel-750,681731,30256870,30256885,15
channel-222,3831,30256874,30256882,8
channel-122,667719,30256877,30256881,4
channel-75,844804,30256877,30256885,8
channel-0,4037232,30256878,30256888,10
channel-85077,59482,30256881,30256889,8
channel-146,20026,30256898,30256909,11
channel-91017,2754,30256908,30256916,8
channel-229,55005,30256909,30256919,10
channel-0,4037233,30256918,30256929,11
channel-0,4037234,30256921,30256929,8
channel-1575,15182,30256938,30256951,13
channel-326,537533,30256939,30256946,7
channel-750,681732,30256939,30256953,14
channel-6994,1323309,30256944,30256955,11
channel-782,310094,30256944,30256951,7
channel-6994,1323310,30256952,30256966,14
channel-0,4037235,30256955,30256968,13
channel-88,467069,30256956,30256971,15
channel-0,4037236,30256962,30256977,15
channel-0,4037237,30256963,30256977,14
channel-1,408212,30256969,30257003,34
channel-750,681733,30256971,30256979,8
channel-0,4037238,30256974,30256986,12
channel-750,681734,30256979,30256986,7
channel-72,516400,30256981,30257030,49
channel-0,4037239,30256987,30256998,11
channel-208,1489637,30256992,30257006,14
channel-6994,1323311,30256997,30257006,9
channel-72,516401,30256997,30257036,39
channel-75,844805,30257000,30257007,7
channel-85077,59483,30257004,30257013,9
channel-750,681735,30257017,30257027,10
channel-0,4037240,30257019,30257030,11
channel-0,4037241,30257021,30257030,9
channel-782,310095,30257023,30257028,5
channel-122,667720,30257026,30257030,4
channel-208,1489638,30257027,30257041,14
channel-750,681736,30257027,30257042,15
channel-6994,1323312,30257039,30257053,14
channel-750,681737,30257045,30257059,14
channel-89298,18587,30257047,30257058,11
channel-750,681738,30257048,30257053,5
channel-0,4037242,30257051,30257059,8
channel-750,681739,30257062,30257069,7
channel-6994,1323313,30257062,30257071,9
channel-0,4037243,30257066,30257074,8
channel-85077,59484,30257070,30257079,9
channel-122,667721,30257072,30257088,16
channel-85077,59485,30257074,30257096,22
channel-6994,1323314,30257079,30257091,12
channel-85077,59486,30257082,30257094,12
channel-6994,1323315,30257083,30257097,14
channel-0,4037244,30257084,30257096,12
channel-6994,1323316,30257092,30257106,14
channel-85077,59487,30257094,30257105,11
channel-75,844806,30257099,30257106,7
channel-0,4037245,30257101,30257111,10
channel-89321,19361,30257106,30257117,11
channel-0,4037246,30257128,30257138,10
channel-2,130589,30257140,30257152,12
channel-0,4037247,30257152,30257162,10
channel-199,132581,30257166,30257176,10
channel-75,844807,30257176,30257183,7
channel-94814,3743,30257178,30257192,14
channel-750,681740,30257186,30257193,7
channel-0,4037248,30257194,30257203,9
channel-75,844808,30257198,30257206,8
channel-750,681741,30257209,30257219,10
channel-122,667722,30257214,30257217,3
channel-750,681742,30257236,30257241,5
channel-89298,18588,30257241,30257250,9
channel-6994,1323317,30257251,30257262,11
channel-0,4037249,30257251,30257261,10
channel-208,1489639,30257259,30257272,13
channel-208,1489640,30257260,30257272,12
channel-6994,1323318,30257260,30257272,12
channel-0,4037250,30257277,30257290,13
channel-6994,1323319,30257285,30257298,13
channel-0,4037251,30257300,30257309,9
channel-782,310096,30257306,30257312,6
channel-85077,59488,30257308,30257321,13
channel-6994,1323320,30257309,30257324,15
channel-6994,1323321,30257321,30257335,14
channel-1429,140687,30257323,30257331,8
channel-122,667723,30257324,30257327,3
channel-6994,1323322,30257325,30257335,10
channel-6994,1323323,30257327,30257341,14
channel-874,292735,30257327,30257336,9
channel-6994,1323324,30257336,30257346,10
channel-39535,10289,30257336,30257390,54
channel-750,681743,30257341,30257355,14
channel-750,681744,30257357,30257367,10
channel-89321,19362,30257360,30257390,30
channel-2,130590,30257371,30257381,10
channel-85077,59489,30257379,30257390,11
channel-85077,59490,30257385,30257395,10
channel-6994,1323325,30257398,30257410,12
channel-0,4037252,30257404,30257418,14
channel-208,1489641,30257425,30257437,12
channel-89298,18589,30257430,30257439,9
channel-208,1489642,30257440,30257451,11
channel-6787,166630,30257447,30257453,6
channel-208,1489643,30257471,30257478,7
channel-6994,1323326,30257473,30257483,10
channel-208,1489644,30257480,30257493,13
channel-208,1489645,30257482,30257493,11
channel-326,537534,30257489,30257496,7
channel-6994,1323327,30257499,30257511,12
channel-229,55006,30257538,30257549,11
channel-0,4037253,30257540,30257548,8
channel-750,681745,30257541,30257558,17
channel-19774,345789,30257546,30257555,9
channel-85077,59491,30257547,30257570,23
channel-75,844809,30257570,30257577,7
channel-1,408213,30257580,30257591,11
channel-21113,25296,30257588,30257598,10
channel-0,4037254,30257595,30257605,10
channel-122,667724,30257607,30257610,3
channel-874,292736,30257620,30257629,9
channel-0,4037255,30257637,30257650,13
channel-251,85169,30257645,30257658,13
channel-122,667725,30257659,30257663,4
channel-20082,9869,30257662,30257672,10
channel-6994,1323328,30257675,30257686,11
channel-251,85170,30257679,30257686,7
channel-6994,1323329,30257681,30257689,8
channel-6787,166631,30257682,30257686,4
channel-6994,1323330,30257711,30257724,13
channel-19774,345790,30257742,30257754,12
channel-750,681746,30257749,30257753,4
channel-0,4037256,30257750,30257758,8
channel-6994,1323331,30257758,30257768,10
channel-6994,1323332,30257763,30257773,10
channel-75,844810,30257769,30257779,10
channel-6994,1323333,30257780,30257793,13
channel-75,844811,30257782,30257788,6
channel-0,4037257,30257785,30257796,11
channel-0,4037258,30257793,30257800,7
channel-19774,345791,30257798,30257806,8
channel-208,1489646,30257802,30257811,9
channel-75,844812,30257805,30257812,7
channel-89321,19363,30257807,30257816,9
channel-85077,59492,30257826,30257834,8
channel-19774,345792,30257833,30257844,11
channel-6994,1323334,30257834,30257846,12
channel-0,4037259,30257862,30257870,8
channel-750,681747,30257870,30257894,24
channel-750,681748,30257884,30257889,5
channel-204,670750,30257888,30257895,7
