channel_id,sequence,send_height,ack_height,block_delay
channel-326,537508,30250002,30250016,14
channel-85077,59424,30250003,30250013,10
channel-208,1489568,30250008,30250016,8
channel-208,1489569,30250008,30250016,8
channel-208,1489570,30250015,30250025,10
channel-38946,124045,30250015,30250030,15
channel-85077,59425,30250017,30250028,11
channel-1,408190,30250019,30250044,25
channel-6994,1323144,30250024,30250033,9
channel-85791,3741,30250033,30250040,7
channel-85077,59426,30250043,30250048,5
channel-750,681588,30250046,30250049,3
channel-326,537509,30250048,30250058,10
channel-0,4037064,30250056,30250067,11
channel-85077,59427,30250060,30250069,9
channel-216,94129,30250066,30250069,3
channel-85077,59428,30250073,30250084,11
channel-0,4037065,30250075,30250086,11
channel-0,4037066,30250094,30250105,11
channel-750,681589,30250097,30250115,18
channel-122,667677,30250098,30250101,3
channel-0,4037067,30250106,30250125,19
channel-208,1489571,30250117,30250128,11
channel-19774,345771,30250120,30250128,8
channel-208,1489572,30250126,30250137,11
channel-42,1489924,30250140,30250148,8
channel-208,1489573,30250153,30250162,9
channel-6994,1323145,30250168,30250177,9
channel-165,71415,30250169,30250181,12
channel-85077,59429,30250181,30250191,10
channel-0,4037068,30250184,30250196,12
channel-208,1489574,30250187,30250199,12
channel-0,4037069,30250191,30250202,11
channel-38946,124046,30250198,30250218,20
channel-6994,1323146,30250203,30250212,9
channel-77,50254,30250209,30250219,10
channel-19774,345772,30250216,30250225,9
channel-750,681590,30250219,30250229,10
channel-0,4037070,30250224,30250237,13
channel-0,4037071,30250231,30250243,12
channel-0,4037072,30250235,30250247,12
channel-42,1489925,30250237,30250243,6
channel-75,844762,30250251,30250262,11
channel-208,1489575,30250259,30250269,10
channel-6994,1323147,30250261,30250311,50
channel-85077,59430,30250268,30250277,9
channel-208,1489576,30250275,30250287,12
channel-6994,1323148,30250277,30250288,11
channel-38946,124047,30250281,30250324,43
channel-208,1489577,30250287,30250296,9
channel-38946,124048,30250297,30250312,15
channel-75,844763,30250303,30250310,7
channel-0,4037073,30250306,30250315,9
channel-208,1489578,30250306,30250328,22
channel-2188,43522,30250315,30250319,4
channel-259,314200,30250316,30250321,5
channel-184,137382,30250322,30250334,12
channel-85077,59431,30250324,30250331,7
channel-108,39835,30250326,30250368,42
channel-6994,1323149,30250328,30250340,12
channel-750,681591,30250332,30250344,12
channel-0,4037074,30250334,30250343,9
channel-0,4037075,30250337,30250348,11
channel-2188,43523,30250337,30250342,5
channel-750,681592,30250337,30250344,7
channel-208,1489579,30250338,30250348,10
channel-184,137383,30250339,30250348,9
channel-38946,124049,30250348,30250393,45
channel-184,137384,30250351,30250361,10
channel-0,4037076,30250358,30250368,10
channel-208,1489580,30250361,30250369,8
channel-326,537510,30250364,30250372,8
channel-750,681593,30250370,30250379,9
channel-208,1489581,30250372,30250388,16
channel-750,681594,30250374,30250386,12
channel-184,137385,30250374,30250385,11
channel-0,4037077,30250385,30250394,9
channel-492,20110,30250397,30250406,9
channel-85077,59432,30250401,30250409,8
channel-208,1489582,30250411,30250420,9
channel-6994,1323150,30250413,30250447,34
channel-184,137386,30250419,30250427,8
channel-750,681595,30250424,30250434,10
channel-782,310073,30250437,30250444,7
channel-184,137387,30250443,30250455,12
channel-326,537511,30250447,30250453,6
channel-326,537512,30250454,30250460,6
channel-0,4037078,30250455,30250467,12
channel-6994,1323151,30250464,30250476,12
channel-184,137388,30250475,30250483,8
channel-326,537513,30250482,30250487,5
channel-6994,1323152,30250488,30250499,11
channel-326,537514,30250492,30250499,7
channel-782,310074,30250498,30250504,6
channel-6994,1323153,30250511,30250556,45
channel-6994,1323154,30250512,30250524,12
channel-6994,1323155,30250524,30250533,9
channel-1,408191,30250530,30250551,21
channel-6994,1323156,30250536,30250548,12
channel-6994,1323157,30250537,30250548,11
channel-750,681596,30250537,30250550,13
channel-85077,59433,30250555,30250565,10
channel-122,667678,30250557,30250559,2
channel-0,4037079,30250591,30250601,10
channel-85077,59434,30250598,30250607,9
channel-122,667679,30250603,30250607,4
channel-0,4037080,30250623,30250633,10
channel-0,4037081,30250627,30250635,8
channel-122,667680,30250635,30250640,5
channel-208,1489583,30250667,30250680,13
channel-184,137389,30250672,30250684,12
channel-0,4037082,30250683,30250694,11
channel-750,681597,30250684,30250688,4
channel-6994,1323158,30250686,30250695,9
channel-0,4037083,30250714,30250723,9
channel-208,1489584,30250728,30250740,12
channel-122,667681,30250736,30250740,4
channel-0,4037084,30250737,30250745,8
channel-184,137390,30250739,30250751,12
channel-1,408192,30250747,30250770,23
channel-184,137391,30250753,30250764,11
channel-19774,345773,30250759,30250764,5
channel-782,310075,30250762,30250769,7
channel-85077,59435,30250777,30250787,10
channel-6994,1323159,30250791,30250807,16
channel-0,4037085,30250804,30250814,10
channel-1,408193,30250817,30250843,26
channel-19774,345774,30250817,30250826,9
channel-782,310076,30250831,30250833,2
channel-0,4037086,30250832,30250841,9
channel-1,408194,30250851,30250880,29
channel-208,1489585,30250852,30250865,13
channel-0,4037087,30250857,30250869,12
channel-0,4037088,30250869,30250878,9
channel-0,4037089,30250871,30250883,12
channel-88,467066,30250883,30250921,38
channel-91017,2749,30250883,30250891,8
channel-0,4037090,30250893,30250906,13
channel-750,681598,30250896,30250913,17
channel-94814,3735,30250903,30250913,10
channel-72,516395,30250919,30250969,50
channel-0,4037091,30250930,30250939,9
channel-75,844764,30250942,30250951,9
channel-85077,59436,30250966,30250976,10
channel-750,681599,30250982,30250997,15
channel-750,681600,30250995,30251002,7
channel-75,844765,30250997,30251005,8
channel-76971,12217,30251003,30251044,41
channel-750,681601,30251006,30251016,10
channel-6994,1323160,30251006,30251019,13
channel-208,1489586,30251007,30251018,11
channel-0,4037092,30251008,30251032,24
channel-19774,345775,30251019,30251027,8
channel-750,681602,30251026,30251037,11
channel-208,1489587,30251027,30251036,9
channel-0,4037093,30251042,30251052,10
channel-6994,1323161,30251054,30251096,42
channel-0,4037094,30251056,30251065,9
channel-750,681603,30251058,30251071,13
channel-750,681604,30251058,30251062,4
channel-0,4037095,30251062,30251076,14
channel-85077,59437,30251076,30251085,9
channel-750,681605,30251078,30251085,7
channel-122,667682,30251078,30251082,4
channel-6994,1323162,30251081,30251093,12
channel-750,681606,30251082,30251093,11
channel-750,681607,30251087,30251093,6
channel-0,4037096,30251093,30251101,8
channel-72,516396,30251095,30251124,29
channel-750,681608,30251096,30251115,19
channel-85077,59438,30251097,30251108,11
channel-122,667683,30251103,30251107,4
channel-85077,59439,30251103,30251115,12
channel-750,681609,30251105,30251119,14
channel-85077,59440,30251106,30251117,11
channel-208,1489588,30251108,30251122,14
channel-750,681610,30251121,30251127,6
channel-208,1489589,30251132,30251142,10
channel-750,681611,30251132,30251147,15
channel-750,681612,30251140,30251146,6
channel-85077,59441,30251149,30251161,12
channel-0,4037097,30251170,30251196,26
channel-750,681613,30251172,30251177,5
channel-750,681614,30251173,30251177,4
channel-750,681615,30251184,30251189,5
channel-85077,59442,30251185,30251198,13
channel-750,681616,30251201,30251210,9
channel-208,1489590,30251209,30251221,12
channel-208,1489591,30251211,30251221,10
channel-750,681617,30251213,30251224,11
channel-19774,345776,30251219,30251227,8
channel-750,681618,30251225,30251234,9
channel-208,1489592,30251225,30251237,12
channel-85077,59443,30251226,30251236,10
channel-0,4037098,30251231,30251242,11
channel-642,126484,30251241,30251300,59
channel-0,4037099,30251244,30251273,29
channel-0,4037100,30251247,30251254,7
channel-72,516397,30251262,30251284,22
channel-122,667684,30251263,30251267,4
channel-0,4037101,30251279,30251292,13
channel-38946,124050,30251280,30251302,22
channel-122,667685,30251284,30251287,3
channel-75,844766,30251288,30251297,9
channel-0,4037102,30251299,30251313,14
channel-6994,1323163,30251301,30251334,33
channel-750,681619,30251327,30251340,13
channel-1,408195,30251334,30251364,30
channel-0,4037103,30251342,30251353,11
channel-0,4037104,30251343,30251353,10
channel-0,4037105,30251354,30251365,11
channel-750,681620,30251357,30251371,14
channel-122,667686,30251361,30251364,3
channel-6994,1323164,30251367,30251376,9
channel-750,681621,30251373,30251387,14
channel-6994,1323165,30251391,30251418,27
channel-208,1489593,30251398,30251413,15
channel-0,4037106,30251413,30251424,11
channel-208,1489594,30251413,30251425,12
channel-1,408196,30251421,30251447,26
channel-750,681622,30251424,30251438,14
channel-782,310077,30251425,30251444,19
channel-89298,18578,30251425,30251435,10
channel-75,844767,30251426,30251433,7
channel-1429,140684,30251435,30251446,11
channel-85077,59444,30251440,30251448,8
channel-81016,264,30251452,30251463,11
channel-750,681623,30251454,30251467,13
channel-874,292718,30251458,30251469,11
channel-0,4037107,30251460,30251469,9
channel-0,4037108,30251513,30251524,11
channel-326,537515,30251521,30251526,5
channel-85077,59445,30251530,30251538,8
channel-0,4037109,30251536,30251549,13
channel-38946,124051,30251544,30251555,11
channel-2186,40755,30251553,30251611,58
channel-88,467067,30251557,30251570,13
channel-0,4037110,30251572,30251582,10
channel-6994,1323167,30251589,30251603,14
channel-38946,124052,30251594,30251602,8
channel-0,4037111,30251601,30251612,11
channel-750,681625,30251610,30251619,9
channel-89321,19349,30251612,30251624,12
channel-73755,5826,30251612,30251618,6
channel-75,844768,30251613,30251619,6
channel-0,4037112,30251618,30251630,12
channel-750,681626,30251620,30251645,25
channel-0,4037113,30251626,30251635,9
channel-750,681627,30251639,30251655,16
channel-0,4037114,30251642,30251655,13
channel-0,4037115,30251654,30251664,10
channel-0,4037116,30251663,30251672,9
channel-0,4037117,30251667,30251677,10
channel-6994,1323168,30251668,30251679,11
channel-750,681628,30251678,30251684,6
channel-0,4037118,30251680,30251687,7
channel-750,681629,30251687,30251697,10
channel-75,844769,30251687,30251695,8
channel-89321,19350,30251695,30251728,33
channel-85077,59446,30251695,30251706,11
channel-208,1489595,30251705,30251714,9
channel-0,4037119,30251706,30251716,10
channel-6994,1323169,30251708,30251724,16
channel-0,4037120,30251710,30251721,11
channel-122,667687,30251711,30251715,4
channel-750,681630,30251712,30251737,25
channel-0,4037121,30251720,30251731,11
channel-0,4037122,30251724,30251736,12
channel-0,4037123,30251725,30251736,11
channel-0,4037124,30251730,30251743,13
channel-75,844770,30251737,30251743,6
channel-6994,1323170,30251740,30251753,13
channel-122,667688,30251743,30251747,4
channel-38946,124053,30251748,30251771,23
channel-750,681631,30251749,30251763,14
channel-6994,1323171,30251767,30251783,16
channel-0,4037125,30251772,30251782,10
channel-89321,19351,30251776,30251785,9
channel-6787,166615,30251784,30251788,4
channel-6994,1323172,30251790,30251804,14
channel-38946,124054,30251794,30251809,15
channel-208,1489596,30251796,30251809,13
channel-0,4037126,30251808,30251817,9
channel-0,4037127,30251816,30251828,12
channel-1,408197,30251828,30251841,13
channel-0,4037128,30251830,30251838,8
channel-0,4037129,30251834,30251844,10
channel-750,681632,30251835,30251848,13
channel-0,4037130,30251837,30251848,11
channel-259,314201,30251844,30251849,5
channel-38946,124055,30251844,30251856,12
channel-0,4037131,30251850,30251860,10
channel-0,4037132,30251856,30251864,8
channel-750,681633,30251856,30251862,6
channel-782,310078,30251869,30251876,7
channel-0,4037133,30251874,30251881,7
channel-38946,124056,30251876,30251886,10
channel-0,4037134,30251880,30251889,9
channel-38946,124057,30251894,30251906,12
channel-750,681634,30251895,30251909,14
channel-0,4037135,30251901,30251910,9
channel-0,4037136,30251902,30251910,8
channel-2188,43524,30251903,30251908,5
channel-38946,124058,30251910,30251929,19
channel-6994,1323173,30251912,30251924,12
channel-75,844771,30251924,30251930,6
channel-750,681635,30251925,30251933,8
channel-326,537516,30251925,30251935,10
channel-38946,124059,30251936,30251947,11
channel-208,1489597,30251937,30251947,10
channel-0,4037137,30251941,30251955,14
channel-1279,67108,30251952,30251977,25
channel-38946,124060,30251958,30267821,15863
channel-0,4037138,30251969,30251991,22
channel-38946,124061,30251975,30251987,12
channel-6787,166616,30251982,30251986,4
channel-750,681636,30251986,30251990,4
channel-1,408198,30251992,30252003,11
channel-6994,1323174,30251995,30252009,14
channel-208,1489598,30252001,30252010,9
channel-38946,124062,30252004,30252017,13
channel-782,310079,30252012,30252018,6
channel-6994,1323175,30252020,30252034,14
channel-0,4037139,30252022,30252031,9
channel-750,681637,30252045,30252056,11
channel-38946,124063,30252050,30252067,17
channel-208,1489599,30252067,30252079,12
channel-6994,1323176,30252071,30252081,10
channel-75016,4575,30252073,30252091,18
channel-85077,59447,30252076,30252085,9
channel-85077,59448,30252078,30252086,8
channel-85077,59449,30252094,30252101,7
channel-208,1489600,30252097,30252107,10
channel-6897,5631,30252098,30252105,7
channel-6994,1323177,30252102,30252112,10
channel-122,667689,30252112,30252115,3
channel-0,4037140,30252121,30252131,10
channel-6994,1323178,30252125,30252215,90
channel-6994,1323179,30252131,30252145,14
channel-204,670745,30252143,30252150,7
channel-0,4037141,30252150,30252160,10
channel-326,537517,30252160,30252166,6
channel-782,310080,30252162,30252166,4
channel-750,681638,30252169,30252179,10
channel-6994,1323180,30252182,30252195,13
channel-6994,1323181,30252185,30252215,30
channel-85077,59450,30252185,30252209,24
channel-320,119165,30252187,30252195,8
channel-0,4037142,30252191,30252200,9
channel-750,681639,30252194,30252205,11
channel-6994,1323182,30252200,30252210,10
channel-6994,1323183,30252208,30252219,11
channel-85077,59451,30252210,30252219,9
channel-750,681640,30252221,30252230,9
channel-6994,1323184,30252224,30252236,12
channel-75,844772,30252242,30252249,7
channel-750,681641,30252246,30252255,9
channel-89321,19352,30252266,30252275,9
channel-326,537518,30252271,30252278,7
channel-6994,1323185,30252296,30252311,15
channel-326,537519,30252309,30252314,5
channel-0,4037143,30252317,30252329,12
channel-0,4037144,30252321,30252333,12
channel-0,4037145,30252338,30252347,9
channel-75,844773,30252346,30252353,7
channel-6994,1323186,30252347,30252361,14
channel-6994,1323187,30252347,30252361,14
channel-143,128275,30252351,30252365,14
channel-326,537520,30252353,30252361,8
channel-326,537521,30252353,30252361,8
channel-0,4037146,30252354,30252361,7
channel-0,4037147,30252362,30252371,9
channel-750,681642,30252363,30252374,11
channel-122,667690,30252369,30252372,3
channel-2188,43525,30252376,30252380,4
channel-750,681643,30252377,30252384,7
channel-0,4037148,30252380,30252385,5
channel-782,310081,30252384,30252392,8
channel-85077,59452,30252384,30252394,10
channel-6994,1323188,30252385,30252395,10
channel-750,681644,30252387,30252397,10
channel-2188,43526,30252393,30252398,5
channel-0,4037149,30252398,30252410,12
channel-85077,59453,30252407,30252416,9
channel-0,4037150,30252412,30252426,14
channel-6994,1323189,30252413,30252439,26
channel-750,681645,30252426,30252438,12
channel-0,4037151,30252427,30252436,9
channel-143,128276,30252438,30252450,12
channel-85077,59454,30252453,30252461,8
channel-75,844774,30252456,30252463,7
channel-6994,1323190,30252457,30252471,14
channel-6787,166617,30252483,30252487,4
channel-85077,59455,30252496,30252504,8
channel-216,94130,30252505,30252509,4
channel-0,4037152,30252505,30252516,11
channel-1,408199,30252509,30252539,30
channel-75,844775,30252517,30252524,7
channel-2188,43527,30252536,30252541,5
channel-2188,43528,30252542,30252546,4
channel-85077,59456,30252544,30252564,20
channel-122,667691,30252547,30252551,4
channel-208,1489601,30252560,30252571,11
channel-750,681646,30252561,30252569,8
channel-122,667692,30252566,30252570,4
channel-326,537522,30252577,30252582,5
channel-2188,43529,30252584,30252589,5
channel-85077,59457,30252603,30252613,10
channel-2188,43530,30252610,30252615,5
channel-0,4037153,30252616,30252624,8
channel-750,681647,30252634,30252646,12
channel-750,681648,30252635,30252645,10
channel-89298,18579,30252636,30252648,12
channel-874,292719,30252644,30252649,5
channel-750,681649,30252648,30252661,13
channel-0,4037154,30252649,30252662,13
channel-6994,1323191,30252652,30252665,13
channel-6994,1323192,30252654,30252665,11
channel-750,681650,30252664,30252674,10
channel-326,537523,30252668,30252676,8
channel-85077,59458,30252668,30252699,31
channel-208,1489602,30252672,30252681,9
channel-19774,345777,30252675,30252684,9
channel-0,4037155,30252678,30252688,10
channel-750,681651,30252683,30252699,16
channel-85077,59459,30252684,30252695,11
channel-0,4037156,30252689,30252715,26
channel-85077,59460,30252689,30252699,10
channel-85077,59461,30252691,30252699,8
channel-6994,1323193,30252709,30252716,7
channel-750,681652,30252709,30252717,8
channel-85077,59462,30252711,30252728,17
channel-6994,1323194,30252721,30252734,13
channel-89321,19353,30252726,30252739,13
channel-1,408200,30252728,30252746,18
channel-75,844776,30252733,30252752,19
channel-750,681653,30252754,30252764,10
channel-0,4037157,30252759,30252769,10
channel-750,681654,30252774,30252785,11
channel-208,1489603,30252797,30252808,11
channel-412,64455,30252798,30252810,12
channel-0,4037158,30252811,30252819,8
channel-85077,59463,30252829,30252839,10
channel-75,844777,30252832,30252841,9
channel-6994,1323195,30252854,30252866,12
channel-38946,124066,30252863,30252875,12
channel-1429,140685,30252865,30252876,11
channel-42,1489926,30252866,30252877,11
channel-326,537524,30252871,30252880,9
channel-42,1489927,30252893,30252902,9
channel-750,681655,30252895,30252902,7
channel-6994,1323196,30252903,30252909,6
channel-750,681656,30252908,30252913,5
channel-259,314202,30252909,30252916,7
channel-6994,1323197,30252909,30252919,10
channel-750,681657,30252913,30252929,16
channel-42,1489928,30252930,30252941,11
channel-85077,59464,30252934,30252943,9
channel-6994,1323198,30252941,30252957,16
channel-91017,2750,30252946,30252955,9
channel-750,681658,30252946,30252959,13
channel-6994,1323199,30252957,30252971,14
channel-42,1489929,30252960,30252969,9
channel-42,1489930,30252967,30252977,10
channel-0,4037159,30252969,30252982,13
channel-750,681659,30252982,30252992,10
channel-94814,3736,30252994,30253007,13
channel-94814,3737,30253031,30253044,13
channel-0,4037160,30253032,30253046,14
channel-767,14355,30253034,30253045,11
channel-122,667693,30253039,30253043,4
channel-750,681660,30253046,30253051,5
channel-782,310082,30253052,30253058,6
channel-6994,1323200,30253056,30253064,8
channel-85077,59465,30253061,30253079,18
channel-6994,1323201,30253062,30253078,16
channel-6994,1323202,30253086,30253099,13
channel-85077,59466,30253103,30253117,14
channel-1429,140686,30253120,30253129,9
channel-782,310083,30253129,30253138,9
channel-782,310084,30253142,30253149,7
channel-750,681661,30253152,30253156,4
channel-208,1489604,30253170,30253182,12
channel-750,681662,30253172,30253177,5
channel-79703,4409,30253175,30253191,16
channel-874,292720,30253184,30253189,5
channel-6994,1323203,30253184,30253196,12
channel-6787,166618,30253187,30253191,4
channel-750,681663,30253192,30253204,12
channel-85077,59467,30253199,30253209,10
channel-251,85164,30253227,30253239,12
channel-750,681664,30253233,30253238,5
channel-750,681665,30253237,30253241,4
channel-6994,1323204,30253238,30253249,11
channel-6994,1323205,30253246,30253255,9
channel-115,20355,30253251,30253257,6
channel-208,1489605,30253258,30253271,13
channel-750,681666,30253266,30253318,52
channel-1575,15178,30253272,30253281,9
channel-874,292721,30253276,30253281,5
channel-750,681667,30253277,30253310,33
channel-21113,25295,30253278,30253285,7
channel-38946,124067,30253284,30253302,18
channel-782,310085,30253286,30253301,15
channel-208,1489606,30253296,30253307,11
channel-6994,1323206,30253303,30253317,14
channel-0,4037161,30253313,30253326,13
channel-4,166844,30253314,30253326,12
channel-251,85165,30253347,30253353,6
channel-1,408201,30253357,30253366,9
channel-208,1489607,30253371,30253379,8
channel-85077,59468,30253380,30253387,7
channel-0,4037162,30253383,30253393,10
channel-0,4037163,30253393,30253403,10
channel-6787,166619,30253396,30253401,5
channel-208,1489608,30253405,30253413,8
channel-75,844778,30253410,30253417,7
channel-6994,1323207,30253431,30253444,13
channel-6994,1323208,30253462,30253477,15
channel-0,4037164,30253479,30253488,9
channel-19774,345778,30253485,30253495,10
channel-85077,59469,30253496,30253503,7
channel-122,667694,30253529,30253531,2
channel-6994,1323209,30253535,30253544,9
channel-0,4037165,30253557,30253566,9
channel-6994,1323210,30253575,30253591,16
channel-0,4037166,30253578,30253587,9
channel-0,4037167,30253582,30253590,8
channel-1,408202,30253586,30253597,11
channel-42,1489931,30253619,30253629,10
channel-208,1489609,30253619,30253633,14
channel-783,104194,30253635,30253642,7
channel-750,681668,30253652,30253667,15
channel-19774,345779,30253653,30253667,14
channel-6994,1323211,30253655,30253668,13
channel-6994,1323212,30253658,30253668,10
channel-0,4037168,30253659,30253672,13
channel-0,4037169,30253659,30253672,13
channel-89298,18580,30253659,30253669,10
channel-259,314203,30253660,30253666,6
channel-6787,166620,30253677,30253681,4
channel-750,681669,30253682,30253691,9
channel-122,667695,30253683,30253686,3
channel-6994,1323213,30253696,30253708,12
channel-6994,1323214,30253696,30253708,12
channel-208,1489610,30253697,30253705,8
channel-6994,1323215,30253699,30253712,13
channel-89321,19354,30253717,30253728,11
channel-750,681670,30253723,30253728,5
channel-6994,1323216,30253732,30253744,12
channel-0,4037170,30253734,30253744,10
channel-6994,1323217,30253744,30253753,9
channel-0,4037171,30253744,30253752,8
channel-85077,59470,30253749,30253757,8
channel-75,844779,30253763,30253769,6
channel-216,94131,30253771,30253819,48
channel-6994,1323218,30253778,30253790,12
channel-0,4037172,30253796,30253805,9
channel-208,1489611,30253799,30253807,8
channel-89298,18581,30253816,30253826,10
channel-19774,345780,30253823,30253835,12
channel-89298,18582,30253848,30253857,9
channel-0,4037173,30253856,30253868,12
channel-122,667696,30253861,30253864,3
channel-6994,1323219,30253876,30253885,9
channel-122,667697,30253885,30253890,5
channel-94814,3738,30253915,30253927,12
channel-0,4037174,30253924,30253932,8
channel-42,1489932,30253925,30253934,9
channel-874,292722,30253930,30253940,10
channel-2,130585,30253932,30253942,10
channel-6994,1323220,30253935,30253943,8
channel-208,1489612,30253936,30253945,9
channel-6994,1323221,30253939,30253949,10
channel-208,1489613,30253939,30253950,11
channel-75,844780,30253960,30253965,5
channel-0,4037175,30253960,30253984,24
channel-89321,19355,30253962,30253975,13
channel-6994,1323222,30253962,30253976,14
channel-89321,19356,30253964,30253975,11
channel-6994,1323223,30253970,30253981,11
channel-208,1489614,30253975,30253987,12
channel-6994,1323224,30253980,30253991,11
channel-75016,4576,30253990,30254009,19
channel-0,4037176,30253998,30254007,9
channel-122,667698,30254000,30254003,3
channel-6994,1323225,30254006,30254015,9
channel-1575,15179,30254009,30254018,9
channel-1,408203,30254013,30254024,11
channel-19774,345781,30254040,30254053,13
channel-0,4037177,30254042,30254055,13
channel-122,667699,30254042,30254046,4
channel-0,4037178,30254043,30254055,12
channel-75,844781,30254058,30254065,7
channel-326,537525,30254064,30254070,6
channel-6994,1323226,30254071,30254081,10
channel-6994,1323227,30254080,30254091,11
channel-91017,2751,30254095,30254105,10
channel-75,844782,30254104,30254112,8
channel-783,104195,30254110,30254118,8
channel-89321,19357,30254111,30254118,7
channel-6994,1323228,30254119,30254128,9
channel-6994,1323229,30254120,30254143,23
channel-750,681671,30254123,30254135,12
channel-75,844783,30254153,30254159,6
channel-6994,1323230,30254159,30254185,26
channel-85077,59471,30254163,30254178,15
channel-6994,1323231,30254182,30254195,13
channel-89321,19358,30254187,30254192,5
channel-750,681672,30254197,30254208,11
channel-6994,1323232,30254204,30254216,12
channel-6994,1323233,30254205,30254232,27
channel-0,4037179,30254227,30254240,13
channel-0,4037180,30254228,30254240,12
channel-750,681673,30254229,30254233,4
channel-750,681674,30254232,30254243,11
channel-89321,19359,30254233,30254245,12
channel-6994,1323234,30254254,30254283,29
channel-782,310086,30254259,30254271,12
channel-0,4037181,30254261,30254273,12
channel-750,681675,30254284,30254291,7
channel-0,4037182,30254289,30254313,24
channel-6994,1323235,30254304,30254325,21
channel-6994,1323236,30254311,30254325,14
channel-782,310087,30254329,30254333,4
channel-6994,1323237,30254345,30254357,12
channel-750,681676,30254362,30254371,9
channel-6994,1323238,30254363,30254372,9
channel-184,137392,30254365,30254375,10
channel-782,310088,30254366,30254372,6
channel-208,1489615,30254375,30254386,11
channel-750,681677,30254377,30254383,6
channel-1,408204,30254396,30254422,26
channel-412,64456,30254403,30254415,12
channel-6994,1323239,30254410,30254423,13
channel-122,667700,30254426,30254431,5
channel-251,85166,30254427,30254438,11
channel-750,681678,30254435,30254440,5
channel-6994,1323240,30254441,30254468,27
channel-6994,1323241,30254445,30254459,14
channel-6994,1323242,30254447,30254469,22
channel-6994,1323243,30254450,30254463,13
channel-0,4037183,30254457,30254483,26
channel-874,292723,30254466,30254468,2
channel-2,130586,30254468,30254478,10
channel-874,292724,30254479,30254484,5
channel-750,681679,30254486,30254495,9
channel-6994,1323244,30254490,30254506,16
channel-0,4037184,30254491,30254502,11
channel-0,4037185,30254497,30254507,10
channel-6994,1323245,30254504,30254530,26
channel-6994,1323246,30254518,30254530,12
channel-6994,1323247,30254520,30254551,31
channel-750,681680,30254548,30254554,6
channel-122,667701,30254553,30254556,3
channel-6994,1323248,30254553,30254562,9
channel-5485,1704,30254554,30254571,17
channel-750,681681,30254565,30254575,10
channel-88,467068,30254566,30254577,11
channel-85077,59472,30254567,30254579,12
channel-0,4037186,30254571,30254579,8
channel-750,681682,30254575,30254580,5
channel-1,408205,30254576,30254587,11
channel-0,4037187,30254577,30254590,13
channel-1575,15180,30254577,30254587,10
channel-750,681683,30254577,30254588,11
channel-208,1489616,30254587,30254600,13
channel-6994,1323249,30254591,30254603,12
channel-6994,1323250,30254607,30254616,9
channel-750,681684,30254607,30254616,9
channel-0,4037188,30254608,30254620,12
channel-874,292725,30254617,30254624,7
channel-6994,1323251,30254626,30254637,11
channel-1575,15181,30254626,30254635,9
channel-6994,1323252,30254627,30254642,15
channel-208,1489617,30254629,30254639,10
channel-0,4037189,30254632,30254641,9
channel-874,292726,30254640,30254643,3
channel-199,132579,30254641,30254649,8
channel-750,681685,30254641,30254651,10
channel-113,301300,30254644,30254653,9
channel-184,137393,30254645,30254654,9
channel-6994,1323253,30254654,30254666,12
channel-122,667702,30254663,30254667,4
channel-874,292727,30254673,30254679,6
channel-750,681686,30254676,30254687,11
channel-75,844784,30254699,30254706,7
channel-326,537526,30254703,30254713,10
channel-85186,858,30254704,30254712,8
channel-750,681687,30254709,30254725,16
channel-85077,59473,30254720,30254725,5
channel-208,1489618,30254734,30254744,10
channel-208,1489619,30254744,30254754,10
channel-750,681688,30254751,30254757,6
channel-750,681689,30254756,30254767,11
channel-750,681690,30254759,30254764,5
channel-75,844785,30254761,30254769,8
channel-122,667703,30254776,30254779,3
channel-2,130587,30254786,30254799,13
channel-750,681691,30254790,30254802,12
channel-750,681692,30254793,30254812,19
channel-38946,124068,30254799,30254808,9
channel-522,40420,30254823,30254837,14
channel-750,681693,30254823,30254837,14
channel-122,667704,30254830,30254834,4
channel-75,844786,30254830,30254847,17
channel-522,40421,30254850,30254858,8
channel-0,4037190,30254855,30254866,11
channel-750,681694,30254868,30254879,11
channel-75,844787,30254871,30254887,16
channel-0,4037191,30254871,30254880,9
channel-94814,3739,30254871,30254879,8
channel-6994,1323254,30254877,30254891,14
channel-208,1489620,30254878,30254887,9
channel-750,681695,30254888,30254902,14
channel-750,681696,30254900,30254912,12
channel-208,1489621,30254909,30254919,10
channel-122,667705,30254916,30254920,4
channel-85077,59474,30254931,30254940,9
channel-75,844788,30254932,30254940,8
channel-6994,1323255,30254936,30254948,12
channel-94814,3740,30254940,30254956,16
channel-0,4037192,30254955,30254965,10
channel-6994,1323256,30254977,30254988,11
channel-208,1489622,30254992,30255003,11
channel-6787,166621,30255001,30255006,5
channel-0,4037193,30255001,30255011,10
channel-2186,40756,30255006,30255037,31
channel-208,1489623,30255015,30255027,12
channel-750,681697,30255017,30255027,10
channel-143,128277,30255028,30255038,10
channel-0,4037194,30255047,30255058,11
channel-113,301301,30255048,30255985,937
channel-75,844789,30255052,30255061,9
channel-6787,166622,30255053,30255058,5
channel-75,844790,30255067,30255072,5
channel-6994,1323257,30255068,30255081,13
channel-326,537527,30255077,30255081,4
channel-113,301302,30255080,30255180,100
channel-6994,1323258,30255088,30255099,11
channel-750,681698,30255099,30255105,6
channel-75,844791,30255106,30255113,7
channel-0,4037195,30255123,30255136,13
channel-113,301303,30255131,30255257,126
channel-38946,124069,30255133,30255146,13
channel-0,4037196,30255138,30255151,13
channel-208,1489624,30255145,30255156,11
channel-6994,1323259,30255145,30255157,12
channel-232,49190,30255153,30255162,9
channel-0,4037197,30255162,30255172,10
channel-251,85167,30255162,30255174,12
channel-251,85168,30255191,30255200,9
channel-326,537528,30255195,30255202,7
channel-874,292728,30255212,30255219,7
channel-0,4037198,30255213,30255222,9
channel-85077,59475,30255218,30255229,11
channel-19774,345782,30255222,30255232,10
channel-782,310089,30255227,30255233,6
channel-6994,1323260,30255227,30255240,13
channel-782,310090,30255232,30255236,4
channel-1,408206,30255251,30255288,37
channel-6787,166623,30255251,30255256,5
channel-208,1489625,30255256,30255269,13
channel-750,681699,30255265,30255269,4
channel-0,4037199,30255275,30255286,11
channel-0,4037200,30255280,30255290,10
channel-750,681700,30255292,30255296,4
channel-874,292729,30255307,30255315,8
channel-750,681701,30255335,30255349,14
channel-750,681702,30255350,30255363,13
channel-0,4037201,30255357,30255366,9
channel-750,681703,30255359,30255377,18
channel-767,14356,30255375,30255383,8
channel-208,1489626,30255383,30255392,9
channel-204,670746,30255387,30255395,8
channel-783,104196,30255403,30255410,7
channel-165,71416,30255404,30255414,10
channel-208,1489627,30255412,30255421,9
channel-0,4037202,30255412,30255421,9
channel-259,314204,30255413,30255420,7
channel-0,4037203,30255416,30255427,11
channel-0,4037204,30255428,30255440,12
channel-6,66632,30255429,30255440,11
channel-122,667706,30255440,30255443,3
channel-113,301304,30255460,30255515,55
channel-0,4037205,30255467,30255479,12
channel-22172,2615,30255481,30255496,15
channel-6994,1323261,30255489,30255519,30
channel-0,4037206,30255503,30255512,9
channel-208,1489628,30255508,30255520,12
channel-188,190538,30255508,30255516,8
channel-188,190539,30255511,30255520,9
channel-6994,1323262,30255528,30255541,13
channel-122,667707,30255532,30255536,4
channel-122,667708,30255534,30255537,3
channel-874,292730,30255556,30255562,6
channel-6994,1323263,30255557,30255567,10
channel-0,4037207,30255558,30255570,12
channel-1,408207,30255561,30255572,11
channel-0,4037208,30255583,30255594,11
channel-750,681704,30255593,30255607,14
channel-6994,1323264,30255599,30255609,10
channel-0,4037209,30255601,30255611,10
channel-216,94132,30255609,30255615,6
channel-750,681705,30255609,30255618,9
channel-75,844792,30255609,30255615,6
channel-750,681706,30255623,30255629,6
channel-122,667709,30255626,30255630,4
channel-75,844793,30255626,30255632,6
channel-6994,1323265,30255630,30255641,11
channel-6994,1323266,30255632,30255667,35
channel-89298,18583,30255644,30255655,11
channel-750,681707,30255649,30255664,15
channel-94814,3741,30255660,30255674,14
channel-750,681708,30255715,30255731,16
channel-6994,1323267,30255741,30255751,10
channel-199,132580,30255747,30255757,10
channel-750,681709,30255779,30255791,12
channel-750,681710,30255780,30255793,13
channel-6994,1323268,30255781,30255794,13
channel-0,4037210,30255787,30255797,10
channel-75,844794,30255788,30255797,9
channel-208,1489629,30255805,30255813,8
channel-2494,31878,30255807,30255818,11
channel-750,681711,30255810,30255819,9
channel-1,408208,30255816,30255835,19
channel-6994,1323269,30255818,30255828,10
channel-0,4037211,30255820,30255834,14
channel-326,537529,30255825,30255834,9
channel-767,14357,30255825,30255838,13
channel-0,4037212,30255829,30255843,14
channel-72,516398,30255843,30255882,39
channel-6994,1323270,30255844,30255856,12
channel-258,17753,30255850,30255859,9
channel-6994,1323271,30255852,30255864,12
channel-6994,1323272,30255873,30255885,12
channel-750,681712,30255878,30255885,7
channel-229,55004,30255878,30255891,13
channel-6994,1323273,30255886,30255897,11
channel-0,4037213,30255887,30255900,13
channel-38946,124070,30255894,30255909,15
channel-6994,1323274,30255902,30255911,9
channel-75,844795,30255909,30255916,7
channel-750,681713,30255911,30255915,4
channel-320,119166,30255921,30255947,26
channel-2494,31879,30255925,30255935,10
channel-19774,345783,30255929,30255941,12
channel-1279,67109,30255953,30255979,26
channel-2188,43531,30255954,30255959,5
channel-6994,1323275,30255984,30255996,12
channel-208,1489630,30255991,30256000,9
channel-0,4037214,30256003,30256014,11
channel-85077,59476,30256005,30256021,16
channel-6994,1323276,30256008,30256018,10
channel-0,4037215,30256029,30256038,9
channel-6994,1323277,30256031,30256041,10
channel-6994,1323278,30256045,30256068,23
channel-6994,1323279,30256046,30256068,22
channel-340,3161,30256054,30256061,7
channel-6994,1323280,30256057,30256067,10
channel-122,667710,30256066,30256069,3
channel-19774,345784,30256066,30256079,13
channel-6994,1323281,30256078,30256089,11
channel-6994,1323282,30256096,30256107,11
channel-6994,1323283,30256102,30256123,21
channel-75016,4577,30256117,30256137,20
channel-6994,1323284,30256117,30256128,11
channel-326,537530,30256118,30256134,16
channel-750,681714,30256123,30256133,10
channel-750,681715,30256133,30256143,10
channel-208,1489631,30256138,30256151,13
channel-6994,1323285,30256154,30256165,11
channel-94814,3742,30256157,30256167,10
channel-6994,1323286,30256160,30256170,10
channel-782,310091,30256173,30256178,5
channel-6994,1323287,30256182,30256194,12
channel-89321,19360,30256199,30256225,26
channel-6994,1323288,30256209,30256223,14
channel-6994,1323289,30256225,30256238,13
channel-89298,18584,30256225,30256238,13
channel-750,681716,30256227,30256233,6
channel-750,681717,30256228,30256248,20
channel-1,408209,30256238,30256253,15
channel-6787,166624,30256256,30256260,4
channel-782,310092,30256257,30256263,6
channel-6994,1323290,30256265,30256275,10
channel-75,844796,30256269,30256277,8
channel-208,1489632,30256273,30256283,10
channel-6994,1323291,30256280,30256295,15
channel-6994,1323292,30256301,30256321,20
channel-6994,1323293,30256302,30256321,19
channel-750,681718,30256303,30256307,4
channel-75,844797,30256306,30256314,8
channel-6787,166625,30256310,30256315,5
channel-208,1489633,30256331,30256345,14
channel-1,408210,30256331,30256343,12
channel-0,4037216,30256331,30256340,9
channel-2,130588,30256334,30256342,8
channel-19774,345785,30256339,30256350,11
channel-0,4037217,30256340,30256349,9
channel-204,670747,30256346,30256353,7
channel-750,681719,30256362,30256367,5
channel-188,190540,30256372,30256389,17
channel-6994,1323294,30256372,30256382,10
channel-6787,166626,30256375,30256379,4
channel-38946,124071,30256377,30256393,16
channel-0,4037218,30256380,30256390,10
channel-122,667711,30256381,30256384,3
channel-6994,1323295,30256382,30256391,9
channel-38946,124072,30256391,30256403,12
channel-122,667712,30256393,30256407,14
channel-208,1489634,30256395,30256409,14
channel-19774,345786,30256398,30256410,12
channel-1,408211,30256407,30256424,17
channel-91017,2752,30256407,30256417,10
channel-6787,166627,30256413,30256418,5
channel-750,681720,30256418,30256431,13
channel-6994,1323296,30256425,30256436,11
channel-6994,1323297,30256430,30256442,12
channel-6994,1323298,30256431,30256443,12
channel-783,104197,30256443,30256449,6
channel-750,681721,30256444,30256448,4
channel-750,681722,30256446,30256450,4
channel-874,292731,30256453,30256458,5
channel-72,516399,30256457,30256510,53
channel-6787,166628,30256467,30256472,5
channel-0,4037219,30256473,30256497,24
channel-750,681723,30256480,30256501,21
channel-122,667713,30256481,30256484,3
channel-2188,43532,30256491,30256495,4
channel-874,292732,30256500,30256505,5
channel-75,844798,30256503,30256508,5
channel-208,1489635,30256503,30256515,12
channel-2188,43533,30256511,30256515,4
channel-2188,43534,30256536,30256541,5
channel-204,670748,30256546,30256554,8
channel-6994,1323299,30256550,30256564,14
channel-2188,43535,30256560,30256565,5
channel-75,844799,30256560,30256566,6
channel-750,681724,30256561,30256571,10
channel-6994,1323300,30256577,30256588,11
channel-91017,2753,30256593,30256602,9
channel-2186,40757,30256593,30256604,11
channel-0,4037220,30256597,30256606,9
channel-2188,43536,30256598,30256602,4
channel-0,4037221,30256603,30256615,12
channel-208,1489636,30256613,30256626,13
channel-326,537531,30256626,30256644,18
channel-6994,1323301,30256628,30256638,10
channel-6994,1323302,30256638,30256648,10
channel-85077,59477,30256639,30256647,8
channel-750,681725,30256640,30256645,5
channel-874,292733,30256649,30256654,5
channel-326,537532,30256650,30256655,5
channel-75,844800,30256652,30256659,7
channel-6994,1323303,30256666,30256678,12
channel-6994,1323304,30256669,30256681,12
channel-19774,345787,30256678,30256685,7
channel-0,4037222,30256684,30256698,14
channel-85077,59478,30256690,30256700,10
channel-6994,1323305,30256692,30256710,18
channel-122,667714,30256698,30256701,3
channel-122,667715,30256700,30256703,3
channel-89298,18585,30256704,30256717,13
channel-341,3386,30256708,30256718,10
channel-0,4037223,30256708,30256718,10
channel-750,681726,30256716,30256718,2
channel-122,667716,30256720,30256723,3
channel-75,844801,30256721,30256728,7
channel-0,4037224,30256722,30256732,10
channel-750,681727,30256724,30256728,4
channel-85077,59479,30256725,30256734,9
channel-0,4037225,30256737,30256746,9
channel-122,667717,30256740,30256744,4
channel-0,4037226,30256742,30256752,10
channel-85077,59480,30256759,30256769,10
channel-874,292734,30256773,30256779,6
channel-0,4037227,30256773,30256780,7
channel-75,844802,30256779,30256786,7
channel-6994,1323306,30256781,30256793,12
channel-122,667718,30256788,30256792,4
channel-6994,1323307,30256788,30256804,16
channel-750,681728,30256795,30256806,11
channel-0,4037228,30256799,30256807,8
channel-0,4037229,30256801,30256807,6
channel-0,4037230,30256802,30256807,5
channel-85077,59481,30256808,30256815,7
channel-19774,345788,30256813,30256822,9
channel-0,4037231,30256819,30256829,10
channel-782,310093,30256821,30256828,7
channel-89298,18586,30256828,30256837,9
channel-2188,43537,30256837,30256842,5
channel-188,190541,30256840,30256857,17
channel-6994,1323308,30256842,30256853,11
channel-750,681729,30256844,30256849,5
channel-750,681730,30256849,30256859,10
channel-5,184247,30256864,30256874,10
channel-6787,166629,30256865,30256869,4
channel-75,844803,30256865,30256873,8
channel-750,681731,30256870,30256885,15
channel-222,3831,30256874,30256882,8
channel-122,667719,30256877,30256881,4
channel-75,844804,30256877,30256885,8
channel-0,4037232,30256878,30256888,10
channel-85077,59482,30256881,30256889,8
channel-146,20026,30256898,30256909,11
channel-91017,2754,30256908,30256916,8
channel-229,55005,30256909,30256919,10
channel-0,4037233,30256918,30256929,11
channel-0,4037234,30256921,30256929,8
channel-1575,15182,30256938,30256951,13
channel-326,537533,30256939,30256946,7
channel-750,681732,30256939,30256953,14
channel-6994,1323309,30256944,30256955,11
channel-782,310094,30256944,30256951,7
channel-6994,1323310,30256952,30256966,14
channel-0,4037235,30256955,30256968,13
channel-88,467069,30256956,30256971,15
channel-0,4037236,30256962,30256977,15
channel-0,4037237,30256963,30256977,14
channel-1,408212,30256969,30257003,34
channel-750,681733,30256971,30256979,8
channel-0,4037238,30256974,30256986,12
channel-750,681734,30256979,30256986,7
channel-72,516400,30256981,30257030,49
channel-0,4037239,30256987,30256998,11
channel-208,1489637,30256992,30257006,14
channel-6994,1323311,30256997,30257006,9
channel-72,516401,30256997,30257036,39
channel-75,844805,30257000,30257007,7
channel-85077,59483,30257004,30257013,9
channel-750,681735,30257017,30257027,10
channel-0,4037240,30257019,30257030,11
channel-0,4037241,30257021,30257030,9
channel-782,310095,30257023,30257028,5
channel-122,667720,30257026,30257030,4
channel-208,1489638,30257027,30257041,14
channel-750,681736,30257027,30257042,15
channel-6994,1323312,30257039,30257053,14
channel-750,681737,30257045,30257059,14
channel-89298,18587,30257047,30257058,11
channel-750,681738,30257048,30257053,5
channel-0,4037242,30257051,30257059,8
channel-750,681739,30257062,30257069,7
channel-6994,1323313,30257062,30257071,9
channel-0,4037243,30257066,30257074,8
channel-85077,59484,30257070,30257079,9
channel-122,667721,30257072,30257088,16
channel-85077,59485,30257074,30257096,22
channel-6994,1323314,30257079,30257091,12
channel-85077,59486,30257082,30257094,12
channel-6994,1323315,30257083,30257097,14
channel-0,4037244,30257084,30257096,12
channel-6994,1323316,30257092,30257106,14
channel-85077,59487,30257094,30257105,11
channel-75,844806,30257099,30257106,7
channel-0,4037245,30257101,30257111,10
channel-89321,19361,30257106,30257117,11
channel-0,4037246,30257128,30257138,10
channel-2,130589,30257140,30257152,12
channel-0,4037247,30257152,30257162,10
channel-199,132581,30257166,30257176,10
channel-75,844807,30257176,30257183,7
channel-94814,3743,30257178,30257192,14
channel-750,681740,30257186,30257193,7
channel-0,4037248,30257194,30257203,9
channel-75,844808,30257198,30257206,8
channel-750,681741,30257209,30257219,10
channel-122,667722,30257214,30257217,3
channel-750,681742,30257236,30257241,5
channel-89298,18588,30257241,30257250,9
channel-6994,1323317,30257251,30257262,11
channel-0,4037249,30257251,30257261,10
channel-208,1489639,30257259,30257272,13
channel-208,1489640,30257260,30257272,12
channel-6994,1323318,30257260,30257272,12
channel-0,4037250,30257277,30257290,13
channel-6994,1323319,30257285,30257298,13
channel-0,4037251,30257300,30257309,9
channel-782,310096,30257306,30257312,6
channel-85077,59488,30257308,30257321,13
channel-6994,1323320,30257309,30257324,15
channel-6994,1323321,30257321,30257335,14
channel-1429,140687,30257323,30257331,8
channel-122,667723,30257324,30257327,3
channel-6994,1323322,30257325,30257335,10
channel-6994,1323323,30257327,30257341,14
channel-874,292735,30257327,30257336,9
channel-6994,1323324,30257336,30257346,10
channel-39535,10289,30257336,30257390,54
channel-750,681743,30257341,30257355,14
channel-750,681744,30257357,30257367,10
channel-89321,19362,30257360,30257390,30
channel-2,130590,30257371,30257381,10
channel-85077,59489,30257379,30257390,11
channel-85077,59490,30257385,30257395,10
channel-6994,1323325,30257398,30257410,12
channel-0,4037252,30257404,30257418,14
channel-208,1489641,30257425,30257437,12
channel-89298,18589,30257430,30257439,9
channel-208,1489642,30257440,30257451,11
channel-6787,166630,30257447,30257453,6
channel-208,1489643,30257471,30257478,7
channel-6994,1323326,30257473,30257483,10
channel-208,1489644,30257480,30257493,13
channel-208,1489645,30257482,30257493,11
channel-326,537534,30257489,30257496,7
channel-6994,1323327,30257499,30257511,12
channel-229,55006,30257538,30257549,11
channel-0,4037253,30257540,30257548,8
channel-750,681745,30257541,30257558,17
channel-19774,345789,30257546,30257555,9
channel-85077,59491,30257547,30257570,23
channel-75,844809,30257570,30257577,7
channel-1,408213,30257580,30257591,11
channel-21113,25296,30257588,30257598,10
channel-0,4037254,30257595,30257605,10
channel-122,667724,30257607,30257610,3
channel-874,292736,30257620,30257629,9
channel-0,4037255,30257637,30257650,13
channel-251,85169,30257645,30257658,13
channel-122,667725,30257659,30257663,4
channel-20082,9869,30257662,30257672,10
channel-6994,1323328,30257675,30257686,11
channel-251,85170,30257679,30257686,7
channel-6994,1323329,30257681,30257689,8
channel-6787,166631,30257682,30257686,4
channel-6994,1323330,30257711,30257724,13
channel-19774,345790,30257742,30257754,12
channel-750,681746,30257749,30257753,4
channel-0,4037256,30257750,30257758,8
channel-6994,1323331,30257758,30257768,10
channel-6994,1323332,30257763,30257773,10
channel-75,844810,30257769,30257779,10
channel-6994,1323333,30257780,30257793,13
channel-75,844811,30257782,30257788,6
channel-0,4037257,30257785,30257796,11
channel-0,4037258,30257793,30257800,7
channel-19774,345791,30257798,30257806,8
channel-208,1489646,30257802,30257811,9
channel-75,844812,30257805,30257812,7
channel-89321,19363,30257807,30257816,9
channel-85077,59492,30257826,30257834,8
channel-19774,345792,30257833,30257844,11
channel-6994,1323334,30257834,30257846,12
channel-0,4037259,30257862,30257870,8
channel-750,681747,30257870,30257894,24
channel-750,681748,30257884,30257889,5
channel-204,670750,30257888,30257895,7
channel-326,537535,30257901,30257910,9
channel-750,681749,30257901,30257909,8
channel-874,292737,30257916,30257932,16
channel-165,71417,30257920,30257931,11
channel-122,667726,30257930,30257961,31
channel-874,292738,30257937,30257942,5
channel-51,20929,30257949,30257962,13
channel-75,844813,30257962,30257968,6
channel-6994,1323335,30257969,30257984,15
channel-6994,1323336,30257970,30257984,14
channel-6994,1323337,30257971,30257989,18
channel-4,166845,30257976,30258013,37
channel-0,4037260,30257978,30258001,23
channel-75,844814,30257981,30257988,7
channel-19774,345793,30257984,30257991,7
channel-4,166846,30257997,30258032,35
channel-85077,59493,30258008,30258015,7
channel-85077,59494,30258017,30258030,13
channel-75,844815,30258028,30258034,6
channel-122,667727,30258055,30258059,4
channel-75,844816,30258084,30258092,8
channel-75,844817,30258153,30258161,8
channel-85077,59495,30258158,30258169,11
channel-4,166847,30258161,30258188,27
channel-326,537536,30258161,30258172,11
channel-19774,345794,30258170,30258180,10
channel-6994,1323338,30258181,30258189,8
channel-75,844818,30258188,30258196,8
channel-75,844819,30258196,30258204,8
channel-6994,1323339,30258199,30258210,11
channel-6994,1323340,30258203,30258214,11
channel-320,119167,30258212,30258225,13
channel-208,1489647,30258213,30258224,11
channel-38946,124073,30258231,30258245,14
channel-208,1489648,30258235,30258244,9
channel-2494,31880,30258238,30258249,11
channel-6994,1323341,30258246,30258258,12
channel-6994,1323342,30258254,30258281,27
channel-0,4037261,30258257,30258267,10
channel-208,1489649,30258257,30258269,12
channel-38946,124074,30258262,30258277,15
channel-326,537537,30258265,30258278,13
channel-208,1489650,30258275,30258282,7
channel-0,4037262,30258294,30258303,9
channel-6994,1323343,30258299,30258322,23
channel-122,667728,30258308,30258311,3
channel-122,667729,30258312,30258314,2
channel-326,537538,30258328,30258349,21
channel-208,1489651,30258328,30258340,12
channel-750,681750,30258338,30258343,5
channel-750,681751,30258349,30258354,5
channel-0,4037263,30258355,30258365,10
channel-85077,59496,30258356,30258365,9
channel-6994,1323344,30258362,30258369,7
channel-4,166848,30258363,30258401,38
channel-122,667730,30258371,30258384,13
channel-204,670751,30258373,30258385,12
channel-6994,1323345,30258375,30258390,15
channel-208,1489652,30258375,30258385,10
channel-2186,40758,30258384,30258398,14
channel-0,4037264,30258388,30258397,9
channel-326,537539,30258391,30258407,16
channel-75,844820,30258391,30258400,9
channel-208,1489653,30258394,30258406,12
channel-204,670752,30258414,30258423,9
channel-6994,1323346,30258424,30258434,10
channel-6994,1323347,30258425,30258440,15
channel-85077,59497,30258441,30258449,8
channel-750,681752,30258446,30258450,4
channel-326,537540,30258452,30258468,16
channel-184,137394,30258452,30258465,13
channel-642,126486,30258455,30258527,72
channel-6994,1323348,30258459,30258470,11
channel-75,844821,30258483,30258490,7
channel-6994,1323349,30258494,30258505,11
channel-19774,345795,30258497,30258504,7
channel-85077,59498,30258500,30258518,18
channel-122,667731,30258506,30258510,4
channel-42,1489933,30258522,30258555,33
channel-85077,59499,30258524,30258554,30
channel-20082,9870,30258536,30258545,9
channel-6994,1323350,30258539,30258551,12
channel-750,681753,30258539,30258544,5
channel-6994,1323351,30258541,30258556,15
channel-6994,1323352,30258545,30258556,11
channel-326,537541,30258546,30258561,15
channel-0,4037265,30258549,30258557,8
channel-75,844822,30258549,30258555,6
channel-122,667732,30258551,30258554,3
channel-0,4037266,30258555,30258566,11
channel-85077,59500,30258557,30258566,9
channel-75,844823,30258563,30258572,9
channel-0,4037267,30258565,30258577,12
channel-89321,19364,30258571,30258583,12
channel-75,844824,30258574,30258581,7
channel-75,844825,30258586,30258592,6
channel-259,314205,30258590,30258597,7
channel-6994,1323353,30258607,30258619,12
channel-0,4037268,30258608,30258619,11
channel-4,166849,30258616,30258655,39
channel-75,844826,30258619,30258626,7
channel-6994,1323354,30258632,30258643,11
channel-750,681754,30258633,30258639,6
channel-0,4037269,30258638,30258650,12
channel-0,4037270,30258646,30258655,9
channel-6994,1323355,30258648,30258658,10
channel-122,667733,30258668,30258673,5
channel-0,4037271,30258674,30258685,11
channel-199,132582,30258679,30258690,11
channel-208,1489654,30258711,30258725,14
channel-251,85171,30258714,30258725,11
channel-75,844827,30258734,30258741,7
channel-4,166850,30258738,30258765,27
channel-326,537542,30258744,30258752,8
channel-19774,345796,30258754,30258762,8
channel-184,137395,30258755,30258763,8
channel-6994,1323356,30258758,30258774,16
channel-122,667734,30258766,30258771,5
channel-208,1489655,30258767,30258778,11
channel-75,844828,30258775,30258783,8
channel-0,4037272,30258814,30258823,9
channel-874,292739,30258817,30258823,6
channel-1575,15183,30258836,30258845,9
channel-75,844829,30258841,30258848,7
channel-1,408214,30258850,30258868,18
channel-85077,59501,30258857,30258866,9
channel-326,537543,30258859,30258864,5
channel-6787,166632,30258871,30258876,5
channel-0,4037273,30258874,30258884,10
channel-0,4037274,30258879,30258885,6
channel-2188,43538,30258899,30258903,4
channel-0,4037275,30258910,30258919,9
channel-750,681755,30258910,30258928,18
channel-75,844830,30258931,30258939,8
channel-79703,4410,30258932,30258944,12
channel-6994,1323357,30258939,30258951,12
channel-38946,124075,30258942,30258955,13
channel-2186,40759,30258945,30258959,14
channel-122,667735,30258955,30258958,3
channel-38946,124076,30258959,30258985,26
channel-122,667736,30258975,30258980,5
channel-326,537544,30258992,30258999,7
channel-0,4037276,30259000,30259023,23
channel-75,844831,30259002,30259010,8
channel-6994,1323358,30259005,30259020,15
channel-0,4037277,30259039,30259051,12
channel-89321,19365,30259051,30259059,8
channel-0,4037278,30259055,30259063,8
channel-204,670753,30259056,30259066,10
channel-204,670754,30259065,30259072,7
channel-2188,43539,30259106,30259111,5
channel-208,1489656,30259110,30259119,9
channel-6994,1323359,30259140,30259146,6
channel-750,681756,30259142,30259154,12
channel-2494,31881,30259147,30259163,16
channel-75,844832,30259151,30259159,8
channel-0,4037279,30259157,30259169,12
channel-259,314206,30259167,30259173,6
channel-122,667737,30259178,30259181,3
channel-1,408215,30259179,30259190,11
channel-42,1489934,30259188,30259195,7
channel-326,537545,30259189,30259198,9
channel-0,4037280,30259196,30259207,11
channel-42,1489935,30259200,30259213,13
channel-85077,59502,30259207,30259218,11
channel-0,4037281,30259237,30259242,5
channel-0,4037282,30259240,30259252,12
channel-0,4037283,30259246,30259257,11
channel-6787,166633,30259252,30259256,4
channel-6994,1323360,30259258,30259272,14
channel-6994,1323361,30259259,30259272,13
channel-1,408216,30259259,30259281,22
channel-2494,31882,30259262,30259271,9
channel-88,467070,30259266,30259287,21
channel-208,1489657,30259268,30259280,12
channel-326,537546,30259269,30259274,5
channel-326,537547,30259269,30259274,5
channel-326,537548,30259269,30259274,5
channel-326,537549,30259269,30259274,5
channel-326,537550,30259269,30259274,5
channel-326,537551,30259269,30259274,5
channel-326,537552,30259269,30259274,5
channel-75,844833,30259275,30259286,11
channel-1,408217,30259277,30259291,14
channel-750,681757,30259278,30259293,15
channel-0,4037284,30259295,30259307,12
channel-6994,1323362,30259299,30259309,10
channel-6994,1323363,30259329,30259342,13
channel-1,408218,30259331,30259352,21
channel-199,132583,30259334,30259344,10
channel-874,292740,30259350,30259356,6
channel-6994,1323364,30259365,30259376,11
channel-0,4037285,30259365,30259377,12
channel-208,1489658,30259375,30259385,10
channel-0,4037286,30259376,30259384,8
channel-122,667738,30259377,30259380,3
channel-6994,1323365,30259388,30259399,11
channel-6994,1323366,30259389,30259399,10
channel-19774,345797,30259393,30259404,11
channel-122,667739,30259410,30259414,4
channel-208,1489659,30259416,30259425,9
channel-0,4037287,30259421,30259433,12
channel-76971,12218,30259424,30259440,16
channel-6994,1323367,30259424,30259434,10
channel-85077,59503,30259429,30259452,23
channel-75,844834,30259439,30259444,5
channel-75,844835,30259442,30259450,8
channel-6994,1323368,30259449,30259460,11
channel-2,130591,30259455,30259466,11
channel-6787,166634,30259464,30259468,4
channel-38946,124077,30259464,30259477,13
channel-1,408219,30259477,30259495,18
channel-6994,1323369,30259483,30259492,9
channel-412,64457,30259488,30259496,8
channel-19774,345798,30259489,30259502,13
channel-199,132584,30259509,30259521,12
channel-767,14358,30259514,30259523,9
channel-326,537553,30259522,30259529,7
channel-73,51329,30259531,30259544,13
channel-0,4037288,30259533,30259544,11
channel-208,1489660,30259535,30259546,11
channel-6994,1323370,30259545,30259553,8
channel-75,844836,30259554,30259562,8
channel-326,537554,30259559,30259570,11
channel-5,184248,30259560,30259573,13
channel-6994,1323371,30259562,30259574,12
channel-0,4037289,30259562,30259574,12
channel-1,408220,30259564,30259585,21
channel-0,4037290,30259574,30259584,10
channel-0,4037291,30259580,30259591,11
channel-75,844837,30259601,30259608,7
channel-1,408221,30259619,30259632,13
channel-779,1170,30259623,30259656,33
channel-750,681758,30259631,30259637,6
channel-750,681759,30259638,30259647,9
channel-0,4037292,30259644,30259653,9
channel-0,4037293,30259668,30259674,6
channel-76971,12219,30259669,30259698,29
channel-6994,1323372,30259673,30259685,12
channel-122,667740,30259676,30259679,3
channel-199,132585,30259677,30259686,9
channel-642,126487,30259680,30259711,31
channel-208,1489661,30259698,30259705,7
channel-208,1489662,30259702,30259715,13
channel-122,667741,30259702,30259706,4
channel-85077,59504,30259710,30259719,9
channel-76971,12220,30259710,30259726,16
channel-6994,1323373,30259713,30259725,12
channel-0,4037294,30259730,30259744,14
channel-208,1489663,30259741,30259750,9
channel-6994,1323374,30259742,30259754,12
channel-20082,9871,30259743,30259752,9
channel-184,137396,30259744,30259754,10
channel-0,4037295,30259761,30259770,9
channel-20082,9872,30259766,30259777,11
channel-6994,1323375,30259794,30259803,9
channel-20082,9873,30259814,30259910,96
channel-208,1489664,30259820,30259829,9
channel-76971,12221,30259822,30259840,18
channel-6787,166635,30259823,30259827,4
channel-0,4037296,30259828,30259841,13
channel-216,94133,30259836,30259931,95
channel-122,667742,30259862,30259866,4
channel-199,132586,30259871,30259882,11
channel-1429,140688,30259879,30259888,9
channel-6787,166636,30259895,30259900,5
channel-89298,18590,30259896,30259904,8
channel-5,184249,30259900,30259908,8
channel-320,119168,30259905,30259937,32
channel-750,681760,30259905,30259910,5
channel-6994,1323376,30259931,30259941,10
channel-0,4037297,30259946,30259965,19
channel-750,681761,30259952,30259974,22
channel-122,667743,30259960,30259962,2
channel-216,94134,30259966,30260064,98
channel-4,166851,30259995,30260021,26
channel-6994,1323377,30260025,30260039,14
channel-0,4037298,30260036,30260048,12
channel-750,681762,30260047,30260052,5
channel-750,681763,30260054,30260060,6
channel-1,408222,30260059,30260072,13
channel-782,310097,30260074,30260078,4
channel-0,4037299,30260086,30260094,8
channel-75,844838,30260091,30260098,7
channel-75,844839,30260095,30260104,9
channel-0,4037300,30260097,30260109,12
channel-0,4037301,30260097,30260109,12
channel-89298,18591,30260103,30260111,8
channel-6787,166637,30260109,30260113,4
channel-750,681764,30260111,30260116,5
channel-0,4037302,30260111,30260125,14
channel-874,292741,30260118,30260129,11
channel-0,4037303,30260119,30260130,11
channel-6994,1323378,30260133,30260145,12
channel-122,667744,30260142,30260146,4
channel-6994,1323379,30260143,30260157,14
channel-0,4037304,30260154,30260162,8
channel-0,4037305,30260158,30260167,9
channel-6994,1323380,30260160,30260171,11
channel-750,681765,30260161,30260166,5
channel-0,4037306,30260192,30260204,12
channel-750,681766,30260192,30260196,4
channel-0,4037307,30260207,30260218,11
channel-0,4037308,30260207,30260218,11
channel-750,681767,30260211,30260216,5
channel-4,166852,30260212,30260239,27
channel-750,681768,30260212,30260216,4
channel-6994,1323381,30260229,30260239,10
channel-208,1489665,30260233,30260246,13
channel-122,667745,30260236,30260239,3
channel-89298,18592,30260239,30260249,10
channel-0,4037309,30260239,30260251,12
channel-0,4037310,30260257,30260269,12
channel-0,4037311,30260269,30260281,12
channel-0,4037312,30260281,30260292,11
channel-19774,345799,30260282,30260295,13
channel-0,4037313,30260300,30260310,10
channel-216,94135,30260302,30260385,83
channel-0,4037314,30260303,30260315,12
channel-0,4037315,30260304,30260315,11
channel-0,4037316,30260307,30260316,9
channel-199,132587,30260316,30260327,11
channel-6994,1323382,30260316,30260329,13
channel-2494,31883,30260317,30260330,13
channel-0,4037317,30260318,30260330,12
channel-85077,59505,30260322,30260329,7
channel-0,4037318,30260340,30260350,10
channel-42,1489936,30260341,30260350,9
channel-89298,18593,30260343,30260352,9
channel-216,94136,30260351,30260425,74
channel-6994,1323383,30260357,30260372,15
channel-0,4037319,30260359,30260370,11
channel-6994,1323384,30260363,30260376,13
channel-6994,1323385,30260375,30260384,9
channel-199,132588,30260377,30260387,10
channel-340,3162,30260377,30260389,12
channel-6994,1323386,30260377,30260390,13
channel-750,681769,30260380,30260393,13
channel-0,4037320,30260382,30260392,10
channel-259,314207,30260386,30260391,5
channel-320,119169,30260386,30260397,11
channel-199,132589,30260394,30260403,9
channel-750,681770,30260401,30260412,11
channel-122,667746,30260401,30260458,57
channel-750,681771,30260402,30260412,10
channel-6994,1323387,30260413,30260426,13
channel-6994,1323388,30260424,30260436,12
channel-1,408223,30260434,30260447,13
channel-42,1489937,30260437,30260509,72
channel-85077,59506,30260470,30260479,9
channel-0,4037321,30260470,30260481,11
channel-750,681772,30260472,30260481,9
channel-782,310098,30260490,30260495,5
channel-85077,59507,30260492,30260501,9
channel-208,1489666,30260504,30260516,12
channel-6787,166638,30260505,30260510,5
channel-0,4037322,30260507,30260520,13
channel-259,314208,30260517,30260522,5
channel-750,681773,30260524,30260537,13
channel-91017,2755,30260526,30260534,8
channel-42,1489938,30260532,30260540,8
channel-89298,18594,30260544,30260555,11
channel-750,681774,30260550,30260555,5
channel-91017,2756,30260554,30260563,9
channel-208,1489667,30260563,30260573,10
channel-750,681775,30260590,30260593,3
channel-6994,1323389,30260592,30260606,14
channel-75,844840,30260595,30260602,7
channel-91017,2757,30260595,30260606,11
channel-6994,1323390,30260600,30260614,14
channel-750,681776,30260602,30260611,9
channel-750,681777,30260625,30260633,8
channel-42,1489939,30260637,30260643,6
channel-85077,59508,30260642,30260652,10
channel-874,292742,30260642,30260647,5
channel-0,4037323,30260650,30260663,13
channel-208,1489668,30260663,30260675,12
channel-75,844841,30260663,30260671,8
channel-782,310099,30260666,30260674,8
channel-6994,1323391,30260681,30260695,14
channel-783,104198,30260682,30260690,8
channel-122,667747,30260685,30260689,4
channel-89298,18595,30260695,30260706,11
channel-874,292743,30260723,30260729,6
channel-6994,1323392,30260725,30260744,19
channel-97998,48,30260733,30260738,5
channel-122,667748,30260744,30260748,4
channel-122,667749,30260746,30260756,10
channel-0,4037324,30260747,30260763,16
channel-750,681778,30260752,30260769,17
channel-165,71418,30260763,30260947,184
channel-320,119170,30260767,30260779,12
channel-208,1489669,30260769,30260779,10
channel-216,94137,30260780,30260848,68
channel-6994,1323393,30260789,30260800,11
channel-326,537555,30260789,30260795,6
channel-6994,1323394,30260793,30260805,12
channel-750,681779,30260800,30260814,14
channel-6787,166639,30260805,30260807,2
channel-6994,1323395,30260809,30260823,14
channel-208,1489670,30260811,30260821,10
channel-75,844842,30260823,30260831,8
channel-1,408224,30260836,30260845,9
channel-143,128278,30260840,30260849,9
channel-2186,40760,30260846,30260860,14
channel-1,408225,30260854,30260874,20
channel-91017,2758,30260855,30260864,9
channel-750,681780,30260855,30260865,10
channel-6994,1323396,30260856,30260865,9
channel-1,408226,30260863,30260874,11
channel-6994,1323397,30260884,30260895,11
channel-6994,1323398,30260887,30260899,12
channel-783,104199,30260901,30260913,12
channel-750,681781,30260903,30260908,5
channel-85077,59509,30260910,30260920,10
channel-522,40422,30260912,30260922,10
channel-72,516402,30260913,30260961,48
channel-122,667750,30260918,30260927,9
channel-6994,1323399,30260927,30260936,9
channel-874,292744,30260949,30260954,5
channel-750,681782,30260963,30260968,5
channel-0,4037325,30260977,30260987,10
channel-85077,59510,30260979,30260990,11
channel-89298,18596,30260987,30260996,9
channel-6994,1323400,30260987,30260996,9
channel-19774,345800,30261000,30261009,9
channel-85077,59511,30261001,30261009,8
channel-6994,1323401,30261001,30261010,9
channel-0,4037326,30261005,30261017,12
channel-750,681783,30261007,30261025,18
channel-783,104200,30261033,30261041,8
channel-0,4037327,30261035,30261047,12
channel-122,667751,30261046,30261050,4
channel-326,537556,30261047,30261057,10
channel-0,4037328,30261057,30261065,8
channel-412,64458,30261060,30261076,16
channel-6994,1323402,30261061,30261072,11
channel-6787,166640,30261065,30261070,5
channel-750,681784,30261065,30261070,5
channel-1,408227,30261067,30261077,10
channel-0,4037329,30261074,30261086,12
channel-326,537557,30261084,30261095,11
channel-0,4037330,30261087,30261098,11
channel-6994,1323403,30261094,30261104,10
channel-783,104201,30261095,30261109,14
channel-85077,59512,30261098,30261107,9
channel-122,667752,30261099,30261116,17
channel-0,4037331,30261100,30261113,13
channel-85077,59513,30261125,30261134,9
channel-0,4037332,30261134,30261143,9
channel-750,681785,30261145,30261152,7
channel-6994,1323404,30261153,30261178,25
channel-85077,59514,30261159,30261169,10
channel-0,4037333,30261168,30261176,8
channel-85077,59515,30261170,30261179,9
channel-85077,59516,30261172,30261182,10
channel-0,4037334,30261179,30261191,12
channel-259,314209,30261185,30261191,6
channel-0,4037335,30261188,30261204,16
channel-216,94138,30261192,30261291,99
channel-6994,1323405,30261192,30261216,24
channel-0,4037336,30261197,30261209,12
channel-750,681786,30261202,30261213,11
channel-6994,1323406,30261213,30261224,11
channel-0,4037337,30261216,30261223,7
channel-259,314210,30261218,30261223,5
channel-6994,1323407,30261224,30261239,15
channel-6994,1323408,30261229,30261253,24
channel-750,681787,30261230,30261242,12
channel-6994,1323409,30261268,30261295,27
channel-874,292745,30261268,30261276,8
channel-6994,1323410,30261281,30261308,27
channel-0,4037338,30261282,30261292,10
channel-6787,166641,30261285,30261289,4
channel-750,681788,30261289,30261302,13
channel-2,130592,30261303,30261311,8
channel-208,1489671,30261304,30261311,7
channel-8,43450,30261311,30261334,23
channel-0,4037339,30261317,30261328,11
channel-6994,1323411,30261327,30261355,28
channel-0,4037340,30261330,30261343,13
channel-6994,1323412,30261333,30261346,13
channel-75,844843,30261347,30261361,14
channel-0,4037341,30261355,30261365,10
channel-85077,59517,30261358,30261366,8
channel-75,844844,30261359,30261370,11
channel-199,132590,30261367,30261380,13
channel-750,681789,30261369,30261382,13
channel-0,4037342,30261370,30261380,10
channel-0,4037343,30261376,30261388,12
channel-199,132591,30261380,30261388,8
channel-6994,1323413,30261382,30261392,10
channel-6994,1323414,30261390,30261403,13
channel-2,130593,30261391,30261405,14
channel-6994,1323415,30261405,30261428,23
channel-0,4037344,30261411,30261424,13
channel-0,4037345,30261412,30261424,12
channel-122,667753,30261422,30261426,4
channel-199,132592,30261438,30261449,11
channel-0,4037346,30261446,30261458,12
channel-199,132593,30261459,30261470,11
channel-6994,1323416,30261461,30261473,12
channel-412,64459,30261466,30261488,22
channel-122,667754,30261468,30261473,5
channel-122,667755,30261470,30261474,4
channel-75,844845,30261481,30261488,7
channel-782,310100,30261487,30261493,6
channel-122,667756,30261494,30261497,3
channel-75,844846,30261504,30261511,7
channel-216,94139,30261513,30261539,26
channel-0,4037347,30261516,30261525,9
channel-89298,18597,30261538,30261550,12
channel-412,64460,30261547,30261557,10
channel-6994,1323417,30261552,30261560,8
channel-72,516403,30261552,30261597,45
channel-85077,59518,30261557,30261563,6
channel-0,4037348,30261562,30261569,7
channel-320,119171,30261567,30261603,36
channel-75,844847,30261568,30261575,7
channel-0,4037349,30261570,30261579,9
channel-0,4037350,30261572,30261584,12
channel-0,4037351,30261575,30261584,9
channel-5,184250,30261578,30261587,9
channel-326,537558,30261582,30261588,6
channel-0,4037352,30261585,30261595,10
channel-75,844848,30261595,30261603,8
channel-750,681790,30261595,30261599,4
channel-6994,1323418,30261597,30261607,10
channel-143,128279,30261604,30261614,10
channel-6994,1323419,30261605,30261616,11
channel-326,537559,30261615,30261629,14
channel-75,844849,30261619,30261628,9
channel-0,4037353,30261625,30261633,8
channel-75,844850,30261626,30261634,8
channel-0,4037354,30261627,30261652,25
channel-0,4037355,30261636,30261647,11
channel-750,681791,30261644,30261648,4
channel-38946,124078,30261654,30261667,13
channel-0,4037356,30261657,30261669,12
channel-6994,1323420,30261659,30261674,15
channel-0,4037357,30261659,30261669,10
channel-874,292746,30261665,30261671,6
channel-0,4037358,30261665,30261674,9
channel-750,681792,30261667,30261674,7
channel-6994,1323421,30261670,30261684,14
channel-340,3163,30261671,30261682,11
channel-122,667757,30261674,30261678,4
channel-782,310101,30261680,30261687,7
channel-85077,59519,30261681,30261693,12
channel-750,681793,30261682,30261692,10
channel-0,4037359,30261687,30261699,12
channel-326,537560,30261692,30261709,17
channel-85077,59520,30261694,30261705,11
channel-782,310102,30261699,30261707,8
channel-6994,1323422,30261699,30261709,10
channel-0,4037360,30261705,30261714,9
channel-6994,1323423,30261705,30261729,24
channel-208,1489672,30261710,30261723,13
channel-0,4037361,30261712,30261724,12
channel-0,4037362,30261714,30261724,10
channel-6994,1323424,30261716,30261729,13
channel-326,537561,30261728,30261735,7
channel-89298,18598,30261735,30261746,11
channel-2494,31884,30261739,30261751,12
channel-0,4037363,30261741,30261752,11
channel-412,64461,30261742,30261751,9
channel-208,1489673,30261743,30261753,10
channel-6994,1323425,30261747,30261761,14
channel-0,4037364,30261751,30261761,10
channel-85077,59521,30261752,30261761,9
channel-6994,1323426,30261753,30261767,14
channel-2494,31885,30261777,30261788,11
channel-0,4037365,30261781,30261805,24
channel-216,94140,30261783,30261852,69
channel-0,4037366,30261784,30261793,9
channel-72,516404,30261784,30261825,41
channel-19774,345801,30261785,30261795,10
channel-0,4037367,30261797,30261805,8
channel-783,104202,30261798,30261805,7
channel-326,537562,30261801,30261814,13
channel-750,681794,30261807,30261824,17
channel-782,310103,30261812,30261818,6
channel-2494,31886,30261812,30261824,12
channel-0,4037368,30261813,30261821,8
channel-199,132594,30261814,30261824,10
channel-85077,59522,30261816,30261826,10
channel-6994,1323427,30261829,30261841,12
channel-6994,1323428,30261833,30261843,10
channel-874,292747,30261836,30261841,5
channel-85077,59523,30261840,30261849,9
channel-2494,31887,30261846,30261856,10
channel-6994,1323429,30261848,30261857,9
channel-0,4037369,30261850,30261859,9
channel-89321,19366,30261854,30261862,8
channel-6994,1323430,30261858,30261870,12
channel-208,1489674,30261868,30261880,12
channel-0,4037370,30261874,30261886,12
channel-0,4037371,30261874,30261886,12
channel-750,681795,30261879,30261901,22
channel-326,537563,30261884,30261918,34
channel-0,4037372,30261884,30261895,11
channel-0,4037373,30261896,30261909,13
channel-42,1489940,30261900,30261908,8
channel-0,4037374,30261901,30261912,11
channel-216,94141,30261909,30261976,67
channel-0,4037375,30261914,30261924,10
channel-750,681796,30261916,30261924,8
channel-750,681797,30261918,30261921,3
channel-0,4037376,30261921,30261933,12
channel-0,4037377,30261927,30261939,12
channel-326,537564,30261932,30261982,50
channel-0,4037378,30261939,30261948,9
channel-75,844851,30261941,30261948,7
channel-320,119172,30261946,30261958,12
channel-6994,1323431,30261950,30261980,30
channel-6994,1323432,30261952,30261970,18
channel-750,681798,30261952,30261962,10
channel-0,4037379,30261967,30261978,11
channel-750,681799,30261974,30261987,13
channel-2,130594,30261974,30261987,13
channel-412,64462,30261977,30261988,11
channel-122,667758,30261979,30261982,3
channel-6994,1323433,30261981,30262031,50
channel-412,64463,30261982,30261993,11
channel-6994,1323434,30261985,30262005,20
channel-216,94142,30261987,30262102,115
channel-750,681800,30261988,30261992,4
channel-0,4037380,30261989,30262000,11
channel-0,4037381,30261990,30262000,10
channel-326,537565,30261994,30262019,25
channel-0,4037382,30261995,30262003,8
channel-412,64464,30261997,30262003,6
channel-6994,1323435,30262008,30262017,9
channel-412,64465,30262014,30262024,10
channel-6994,1323436,30262019,30262033,14
channel-122,667759,30262019,30262023,4
channel-412,64466,30262022,30262034,12
channel-750,681801,30262026,30262047,21
channel-783,104203,30262028,30262034,6
channel-0,4037383,30262029,30262038,9
channel-6994,1323437,30262043,30262054,11
channel-85077,59524,30262044,30262052,8
channel-85077,59525,30262049,30262059,10
channel-412,64467,30262052,30262062,10
channel-0,4037384,30262054,30262065,11
channel-216,94143,30262061,30262227,166
channel-72,516405,30262066,30262115,49
channel-0,4037385,30262069,30262079,10
channel-750,681802,30262071,30262083,12
channel-0,4037386,30262074,30262083,9
channel-0,4037387,30262075,30262087,12
channel-412,64468,30262078,30262088,10
channel-0,4037388,30262084,30262097,13
channel-0,4037389,30262096,30262103,7
channel-1429,140689,30262097,30262105,8
channel-6994,1323438,30262097,30262114,17
channel-0,4037390,30262108,30262119,11
channel-874,292748,30262108,30262113,5
channel-85077,59526,30262118,30262127,9
channel-412,64469,30262119,30262130,11
channel-85077,59527,30262119,30262131,12
channel-208,1489675,30262121,30262132,11
channel-216,94144,30262126,30262227,101
channel-0,4037391,30262137,30262144,7
channel-208,1489676,30262140,30262149,9
channel-122,667760,30262140,30262143,3
channel-340,3164,30262143,30262150,7
channel-208,1489677,30262147,30262161,14
channel-85077,59528,30262148,30262156,8
channel-122,667761,30262148,30262153,5
channel-320,119173,30262150,30262178,28
channel-0,4037392,30262158,30262169,11
channel-208,1489678,30262160,30262174,14
channel-0,4037393,30262163,30262174,11
channel-6994,1323439,30262174,30262186,12
channel-0,4037394,30262174,30262187,13
channel-0,4037395,30262177,30262187,10
channel-750,681803,30262188,30262194,6
channel-38946,124079,30262193,30262202,9
channel-2,130595,30262219,30262235,16
channel-0,4037396,30262225,30262234,9
channel-0,4037397,30262234,30262243,9
channel-0,4037398,30262245,30262252,7
channel-2494,31888,30262246,30262256,10
channel-208,1489679,30262248,30262258,10
channel-75755,5534,30262250,30262259,9
channel-89321,19367,30262250,30262257,7
channel-79180,3372,30262251,30262263,12
channel-85077,59529,30262261,30262270,9
channel-208,1489680,30262278,30262288,10
channel-0,4037399,30262297,30262307,10
channel-6994,1323440,30262299,30262311,12
channel-85077,59530,30262331,30262341,10
channel-750,681804,30262335,30262351,16
channel-85077,59531,30262353,30262368,15
channel-874,292749,30262360,30262373,13
channel-0,4037400,30262362,30262375,13
channel-0,4037401,30262376,30262381,5
channel-85077,59532,30262380,30262388,8
channel-750,681805,30262384,30262397,13
channel-750,681806,30262390,30262395,5
channel-122,667762,30262402,30262406,4
channel-0,4037402,30262405,30262415,10
channel-216,94145,30262411,30262433,22
channel-85077,59533,30262412,30262420,8
channel-750,681807,30262419,30262423,4
channel-2188,43540,30262421,30262505,84
channel-0,4037403,30262423,30262432,9
channel-750,681808,30262430,30262435,5
channel-874,292750,30262430,30262435,5
channel-122,667763,30262435,30262438,3
channel-6994,1323441,30262444,30262458,14
channel-85077,59534,30262444,30262459,15
channel-750,681809,30262463,30262479,16
channel-750,681810,30262472,30262479,7
channel-0,4037404,30262474,30262486,12
channel-85077,59535,30262476,30262486,10
channel-0,4037405,30262486,30262495,9
channel-208,1489681,30262486,30262498,12
channel-89321,19368,30262497,30262503,6
channel-88,467071,30262505,30262519,14
channel-750,681811,30262509,30262518,9
channel-208,1489682,30262514,30262523,9
channel-75,844852,30262524,30262532,8
channel-0,4037406,30262526,30262532,6
channel-87,182888,30262537,30262549,12
channel-0,4037407,30262542,30262553,11
channel-0,4037408,30262543,30262553,10
channel-750,681812,30262557,30262568,11
channel-0,4037409,30262575,30262585,10
channel-0,4037410,30262593,30262605,12
channel-750,681813,30262603,30262608,5
channel-750,681814,30262606,30262614,8
channel-19774,345802,30262606,30262616,10
channel-6994,1323442,30262609,30262620,11
channel-85077,59536,30262614,30262625,11
channel-6994,1323443,30262616,30262629,13
channel-0,4037411,30262619,30262629,10
channel-6994,1323444,30262619,30262629,10
channel-208,1489683,30262622,30262636,14
channel-6994,1323445,30262636,30262649,13
channel-85077,59537,30262649,30262659,10
channel-6994,1323446,30262666,30262676,10
channel-6994,1323447,30262672,30262679,7
channel-0,4037412,30262673,30262678,5
channel-216,94146,30262674,30262746,72
channel-750,681815,30262679,30262690,11
channel-216,94147,30262685,30262746,61
channel-750,681816,30262693,30262703,10
channel-326,537566,30262698,30262705,7
channel-0,4037413,30262703,30262716,13
channel-0,4037414,30262703,30262716,13
channel-6994,1323448,30262724,30262738,14
channel-0,4037415,30262724,30262733,9
channel-251,85172,30262730,30262742,12
channel-782,310104,30262733,30262739,6
channel-97998,49,30262737,30262743,6
channel-85077,59538,30262745,30262754,9
channel-6994,1323449,30262753,30262765,12
channel-6994,1323450,30262755,30262769,14
channel-0,4037416,30262766,30262775,9
channel-6994,1323451,30262772,30262783,11
channel-750,681817,30262779,30262797,18
channel-6994,1323452,30262781,30262794,13
channel-750,681818,30262784,30262797,13
channel-89321,19369,30262791,30262798,7
channel-750,681819,30262804,30262823,19
channel-6994,1323453,30262809,30262822,13
channel-6994,1323454,30262825,30262837,12
channel-642,126488,30262839,30262852,13
channel-750,681820,30262842,30262860,18
channel-750,681821,30262846,30262853,7
channel-0,4037417,30262855,30262873,18
channel-88,467072,30262866,30262876,10
channel-89298,18599,30262869,30262879,10
channel-0,4037418,30262877,30262904,27
channel-6994,1323455,30262879,30262891,12
channel-0,4037419,30262896,30262909,13
channel-6994,1323456,30262912,30262925,13
channel-750,681822,30262912,30262920,8
channel-6994,1323457,30262916,30262930,14
channel-89298,18600,30262942,30262950,8
channel-0,4037420,30262946,30262955,9
channel-750,681823,30262951,30262966,15
channel-0,4037421,30262963,30262971,8
channel-122,667764,30262966,30262969,3
channel-750,681824,30262990,30263026,36
channel-82,18947,30263002,30263015,13
channel-85077,59539,30263004,30263012,8
channel-750,681825,30263012,30263032,20
channel-89298,18601,30263012,30263024,12
channel-19774,345803,30263012,30263018,6
channel-750,681826,30263012,30263032,20
channel-6994,1323458,30263019,30263047,28
channel-216,94148,30263020,30263109,89
channel-85077,59540,30263027,30263039,12
channel-0,4037422,30263032,30263041,9
channel-148,16082,30263033,30263040,7
channel-6994,1323459,30263035,30263047,12
channel-6994,1323460,30263041,30263052,11
channel-75,844853,30263047,30263054,7
channel-208,1489684,30263049,30263058,9
channel-89298,18602,30263059,30263067,8
channel-0,4037423,30263061,30263072,11
channel-750,681827,30263063,30263071,8
channel-19774,345804,30263066,30263081,15
channel-0,4037424,30263072,30263082,10
channel-6994,1323461,30263081,30263094,13
channel-0,4037425,30263110,30263119,9
channel-75,844854,30263120,30263125,5
channel-412,64470,30263128,30263140,12
channel-326,537567,30263132,30263137,5
channel-85077,59541,30263144,30263154,10
channel-216,94149,30263149,30263215,66
channel-6994,1323462,30263149,30263175,26
channel-75,844855,30263155,30263162,7
channel-750,681828,30263155,30263160,5
channel-72,516406,30263156,30263203,47
channel-750,681829,30263169,30263177,8
channel-216,94150,30263185,30263264,79
channel-642,126489,30263186,30263197,11
channel-2188,43541,30263192,30263197,5
channel-6994,1323463,30263193,30263204,11
channel-750,681830,30263212,30263216,4
channel-85077,59542,30263217,30263227,10
channel-750,681831,30263237,30263251,14
channel-642,126490,30263238,30263250,12
channel-89298,18603,30263240,30263248,8
channel-85077,59543,30263241,30263251,10
channel-75,844856,30263241,30263247,6
channel-6994,1323464,30263246,30263259,13
channel-750,681832,30263248,30263258,10
channel-75,844857,30263269,30263277,8
channel-0,4037426,30263283,30263297,14
channel-91017,2759,30263292,30263299,7
channel-143,128280,30263297,30263303,6
channel-75,844858,30263300,30263306,6
channel-874,292751,30263307,30263313,6
channel-199,132595,30263314,30263336,22
channel-89298,18604,30263317,30263325,8
channel-750,681833,30263318,30263323,5
channel-782,310105,30263320,30263325,5
channel-412,64471,30263328,30263340,12
channel-75,844859,30263329,30263335,6
channel-85077,59544,30263333,30263350,17
channel-750,681834,30263339,30263361,22
channel-6994,1323465,30263348,30263362,14
channel-208,1489685,30263350,30263363,13
channel-642,126491,30263350,30263362,12
channel-750,681835,30263353,30263366,13
channel-89298,18605,30263354,30263365,11
channel-122,667765,30263357,30263362,5
channel-75,844860,30263377,30263384,7
channel-0,4037427,30263389,30263400,11
channel-1,408228,30263394,30263429,35
channel-750,681836,30263409,30263414,5
channel-85077,59545,30263420,30263430,10
channel-85077,59546,30263423,30263439,16
channel-750,681837,30263444,30263449,5
channel-89298,18606,30263448,30263457,9
channel-85077,59547,30263448,30263460,12
channel-91017,2760,30263455,30263462,7
channel-0,4037428,30263470,30263481,11
channel-1,408229,30263475,30263502,27
channel-6994,1323466,30263476,30263490,14
channel-750,681838,30263490,30263499,9
channel-750,681839,30263502,30263507,5
channel-19774,345805,30263504,30263511,7
channel-750,681840,30263511,30263528,17
channel-750,681841,30263511,30263516,5
channel-750,681842,30263517,30263526,9
channel-750,681843,30263521,30263536,15
channel-0,4037429,30263525,30263537,12
channel-750,681844,30263526,30263536,10
channel-1,408230,30263528,30263541,13
channel-6994,1323467,30263534,30263545,11
channel-1,408231,30263535,30263583,48
channel-0,4037430,30263537,30263557,20
channel-750,681845,30263537,30263542,5
channel-76971,12222,30263548,30263572,24
channel-85077,59548,30263557,30263565,8
channel-750,681846,30263559,30263574,15
channel-122,667766,30263563,30263567,4
channel-208,1489686,30263564,30263574,10
channel-874,292752,30263578,30263584,6
channel-522,40423,30263578,30263587,9
channel-782,310106,30263584,30263590,6
channel-6994,1323468,30263590,30263599,9
channel-232,49191,30263594,30263615,21
channel-6994,1323469,30263598,30263609,11
channel-874,292753,30263603,30263608,5
channel-0,4037431,30263603,30263613,10
channel-750,681847,30263611,30263615,4
channel-75,844861,30263611,30263617,6
channel-89298,18607,30263613,30263623,10
channel-85077,59549,30263623,30263633,10
channel-750,681848,30263625,30263638,13
channel-1279,67110,30263633,30263673,40
channel-122,667767,30263641,30263656,15
channel-6994,1323470,30263647,30263663,16
channel-91017,2761,30263653,30263667,14
channel-750,681849,30263659,30263678,19
channel-0,4037432,30263659,30263666,7
channel-122,667768,30263671,30263676,5
channel-21113,25297,30263671,30263680,9
channel-0,4037433,30263678,30263689,11
channel-326,537568,30263695,30263701,6
channel-91017,2762,30263703,30263725,22
channel-1279,67111,30263704,30263717,13
channel-73755,5827,30263711,30263718,7
channel-1279,67112,30263713,30263740,27
channel-6994,1323471,30263715,30263726,11
channel-208,1489687,30263715,30263725,10
channel-85077,59550,30263717,30263726,9
channel-204,670755,30263731,30263740,9
channel-208,1489688,30263739,30263749,10
channel-0,4037434,30263758,30263767,9
channel-6994,1323472,30263765,30263775,10
channel-199,132596,30263765,30263776,11
channel-6994,1323473,30263768,30263779,11
channel-85077,59551,30263782,30263791,9
channel-750,681850,30263783,30263788,5
channel-6994,1323474,30263787,30263799,12
channel-750,681851,30263787,30263791,4
channel-6994,1323475,30263793,30263804,11
channel-0,4037435,30263793,30263806,13
channel-6994,1323476,30263803,30263815,12
channel-750,681852,30263814,30263827,13
channel-89298,18608,30263814,30263824,10
channel-6994,1323477,30263817,30263828,11
channel-412,64472,30263818,30263826,8
channel-6994,1323478,30263824,30263833,9
channel-208,1489689,30263834,30263847,13
channel-0,4037436,30263835,30263845,10
channel-0,4037437,30263846,30263856,10
channel-0,4037438,30263858,30263870,12
channel-0,4037439,30263860,30263870,10
channel-0,4037440,30263867,30263878,11
channel-85791,3742,30263873,30263884,11
channel-85077,59552,30263874,30263881,7
channel-0,4037441,30263884,30263895,11
channel-85791,3743,30263886,30263891,5
channel-122,667769,30263886,30263890,4
channel-85077,59553,30263886,30263895,9
channel-85077,59554,30263890,30263898,8
channel-0,4037442,30263894,30263907,13
channel-750,681853,30263900,30263912,12
channel-0,4037443,30263903,30263912,9
channel-750,681854,30263910,30263924,14
channel-0,4037444,30263918,30263929,11
channel-76971,12223,30263922,30263940,18
channel-208,1489690,30263927,30263935,8
channel-6994,1323479,30263931,30263941,10
channel-0,4037445,30263933,30263942,9
channel-6994,1323480,30263937,30263950,13
channel-750,681855,30263938,30263954,16
channel-89298,18609,30263952,30263964,12
channel-4,166853,30263954,30263967,13
channel-0,4037446,30263956,30263969,13
channel-122,667770,30263958,30263962,4
channel-85077,59555,30263964,30263972,8
channel-0,4037447,30263977,30263987,10
channel-0,4037448,30263986,30264014,28
channel-6994,1323481,30263987,30263999,12
channel-208,1489691,30263988,30264001,13
channel-0,4037449,30263994,30264003,9
channel-750,681856,30264006,30264011,5
channel-1,408232,30264007,30264020,13
channel-6994,1323482,30264010,30264021,11
channel-0,4037450,30264014,30264025,11
channel-0,4037451,30264025,30264035,10
channel-199,132597,30264042,30264052,10
channel-0,4037452,30264043,30264053,10
channel-0,4037453,30264051,30264063,12
channel-75,844862,30264054,30264064,10
channel-0,4037454,30264077,30264087,10
channel-412,64473,30264086,30264098,12
channel-0,4037455,30264103,30264112,9
channel-0,4037456,30264112,30264121,9
channel-0,4037457,30264113,30264123,10
channel-1575,15184,30264122,30264134,12
channel-199,132598,30264126,30264141,15
channel-0,4037458,30264141,30264153,12
channel-750,681857,30264143,30264160,17
channel-199,132599,30264153,30264164,11
channel-750,681858,30264155,30264160,5
channel-122,667771,30264160,30264165,5
channel-6994,1323483,30264164,30264177,13
channel-6994,1323484,30264165,30264192,27
channel-0,4037459,30264168,30264178,10
channel-0,4037460,30264169,30264178,9
channel-750,681859,30264170,30264175,5
channel-89298,18610,30264174,30264182,8
channel-750,681860,30264199,30264212,13
channel-2494,31889,30264207,30264219,12
channel-0,4037461,30264207,30264215,8
channel-6994,1323486,30264214,30264238,24
channel-85077,59556,30264232,30264240,8
channel-6994,1323487,30264234,30264246,12
channel-874,292754,30264240,30264244,4
channel-750,681861,30264242,30264251,9
channel-6994,1323488,30264253,30264283,30
channel-199,132600,30264253,30264264,11
channel-0,4037462,30264270,30264280,10
channel-6994,1323489,30264274,30264288,14
channel-19774,345806,30264281,30264291,10
channel-19774,345807,30264294,30264303,9
channel-6994,1323490,30264299,30264316,17
channel-750,681862,30264301,30264306,5
channel-0,4037463,30264308,30264318,10
channel-6787,166642,30264315,30264321,6
channel-143,128281,30264318,30264328,10
channel-0,4037464,30264329,30264337,8
channel-0,4037465,30264333,30264346,13
channel-89298,18611,30264356,30264367,11
channel-208,1489692,30264359,30264371,12
channel-6994,1323491,30264368,30264391,23
channel-122,667772,30264371,30264374,3
channel-0,4037466,30264375,30264386,11
channel-89321,19370,30264408,30264416,8
channel-0,4037467,30264415,30264425,10
channel-2188,43542,30264440,30264445,5
channel-5,184251,30264448,30264456,8
channel-208,1489693,30264456,30264466,10
channel-750,681863,30264487,30264493,6
channel-6994,1323492,30264490,30264516,26
channel-0,4037468,30264499,30264510,11
channel-0,4037469,30264500,30264510,10
channel-75,844863,30264510,30264516,6
channel-750,681864,30264516,30264526,10
channel-94814,3744,30264536,30264547,11
channel-6994,1323493,30264546,30264573,27
channel-0,4037470,30264556,30264568,12
channel-75,844864,30264564,30264570,6
channel-874,292755,30264571,30264578,7
channel-750,681865,30264581,30264591,10
channel-208,1489694,30264582,30264595,13
channel-6994,1323494,30264583,30264593,10
channel-750,681866,30264587,30264606,19
channel-85077,59557,30264588,30264593,5
channel-1,408233,30264590,30264641,51
channel-208,1489695,30264591,30264597,6
channel-6994,1323495,30264599,30264607,8
channel-6994,1323496,30264613,30264638,25
channel-326,537569,30264614,30264624,10
channel-750,681867,30264621,30264629,8
channel-143,128282,30264636,30264647,11
channel-199,132601,30264637,30264648,11
channel-750,681868,30264638,30264654,16
channel-85077,59558,30264639,30264648,9
channel-0,4037471,30264640,30264651,11
channel-91017,2763,30264641,30264653,12
channel-750,681869,30264643,30264655,12
channel-208,1489696,30264662,30264676,14
channel-6994,1323498,30264663,30264685,22
channel-750,681870,30264664,30264679,15
channel-199,132602,30264668,30264676,8
channel-199,132603,30264685,30264694,9
channel-750,681871,30264691,30264711,20
channel-208,1489697,30264692,30264704,12
channel-750,681872,30264702,30264716,14
channel-874,292756,30264703,30264708,5
channel-6994,1323499,30264705,30264717,12
channel-750,681873,30264706,30264717,11
channel-6994,1323500,30264708,30264746,38
channel-750,681874,30264712,30264717,5
channel-6994,1323501,30264719,30264733,14
channel-85077,59559,30264728,30264740,12
channel-42,1489941,30264733,30264740,7
channel-0,4037472,30264737,30264746,9
channel-6994,1323502,30264743,30264753,10
channel-0,4037473,30264751,30264757,6
channel-6994,1323503,30264762,30264787,25
channel-750,681875,30264762,30264766,4
channel-750,681876,30264765,30264770,5
channel-0,4037474,30264766,30264776,10
channel-6994,1323504,30264776,30264837,61
channel-750,681877,30264777,30264781,4
channel-750,681878,30264778,30264782,4
channel-6994,1323505,30264790,30264921,131
channel-6994,1323506,30264804,30264816,12
channel-874,292757,30264805,30264811,6
channel-0,4037475,30264807,30264817,10
channel-0,4037476,30264824,30264835,11
channel-6994,1323507,30264828,30264849,21
channel-750,681879,30264832,30264849,17
channel-0,4037477,30264842,30264860,18
channel-2494,31890,30264846,30264856,10
channel-122,667773,30264850,30264853,3
channel-750,681880,30264856,30264863,7
channel-6994,1323508,30264858,30264870,12
channel-6994,1323509,30264863,30264885,22
channel-6994,1323510,30264865,30264926,61
channel-85077,59560,30264867,30264878,11
channel-0,4037478,30264885,30264897,12
channel-19774,345808,30264889,30264898,9
channel-6994,1323511,30264902,30264915,13
channel-89321,19371,30264905,30264911,6
channel-6994,1323512,30264908,30264921,13
channel-85077,59561,30264926,30264936,10
channel-97998,50,30264926,30264931,5
channel-750,681881,30264934,30264938,4
channel-0,4037479,30264941,30264953,12
channel-6994,1323513,30264945,30264971,26
channel-6994,1323514,30264958,30264971,13
channel-750,681882,30264966,30264985,19
channel-85077,59562,30264978,30264989,11
channel-0,4037480,30264986,30264993,7
channel-6994,1323515,30264988,30265016,28
channel-6994,1323516,30264996,30265008,12
channel-85077,59563,30265001,30265010,9
channel-2188,43543,30265003,30265008,5
channel-122,667774,30265004,30265008,4
channel-0,4037481,30265006,30265015,9
channel-85077,59564,30265008,30265017,9
channel-0,4037482,30265010,30265021,11
channel-0,4037483,30265018,30265027,9
channel-85791,3744,30265019,30265029,10
channel-19774,345809,30265026,30265041,15
channel-0,4037484,30265034,30265043,9
channel-72,516407,30265038,30265081,43
channel-6994,1323517,30265046,30265072,26
channel-208,1489698,30265064,30265078,14
channel-0,4037485,30265069,30265082,13
channel-208,1489699,30265069,30265078,9
channel-85791,3745,30265069,30268849,3780
channel-0,4037486,30265070,30265082,12
channel-0,4037487,30265074,30265086,12
channel-6994,1323518,30265089,30265116,27
channel-874,292758,30265106,30265111,5
channel-2188,43544,30265107,30265110,3
channel-0,4037488,30265108,30265129,21
channel-85077,59565,30265111,30265119,8
channel-0,4037489,30265111,30265120,9
channel-6994,1323519,30265116,30265126,10
channel-6994,1323520,30265116,30265126,10
channel-75,844865,30265126,30265134,8
channel-75,844866,30265126,30265134,8
channel-6994,1323521,30265131,30265162,31
channel-412,64474,30265132,30265147,15
channel-6994,1323522,30265141,30265156,15
channel-0,4037490,30265149,30265160,11
channel-874,292759,30265155,30265163,8
channel-874,292760,30265157,30265163,6
channel-6994,1323523,30265161,30265170,9
channel-0,4037491,30265164,30265176,12
channel-122,667775,30265166,30265172,6
channel-6994,1323524,30265182,30265193,11
channel-476,11798,30265187,30265255,68
channel-6994,1323525,30265188,30265200,12
channel-6787,166643,30265190,30265195,5
channel-0,4037492,30265213,30265225,12
channel-0,4037493,30265217,30265225,8
channel-113,301305,30265230,30265279,49
channel-0,4037494,30265233,30265243,10
channel-750,681883,30265240,30265250,10
channel-122,667776,30265242,30265246,4
channel-6994,1323526,30265243,30265253,10
channel-750,681884,30265243,30265248,5
channel-85077,59566,30265243,30265253,10
channel-750,681885,30265244,30265259,15
channel-6994,1323527,30265256,30265269,13
channel-874,292761,30265275,30265280,5
channel-750,681886,30265279,30265292,13
channel-122,667777,30265285,30265289,4
channel-0,4037495,30265295,30265305,10
channel-208,1489700,30265295,30265308,13
channel-750,681887,30265295,30265300,5
channel-750,681888,30265303,30265320,17
channel-75,844867,30265316,30265325,9
channel-750,681889,30265336,30265340,4
channel-85077,59567,30265344,30265355,11
channel-0,4037496,30265354,30265363,9
channel-85077,59568,30265359,30265367,8
channel-75,844868,30265380,30265387,7
channel-208,1489701,30265391,30265402,11
channel-88,467073,30265427,30265438,11
channel-874,292762,30265427,30265436,9
channel-750,681890,30265458,30265467,9
channel-208,1489702,30265477,30265487,10
channel-750,681891,30265506,30265513,7
channel-0,4037497,30265506,30265515,9
channel-6994,1323528,30265507,30265518,11
channel-89298,18612,30265517,30265529,12
channel-122,667778,30265520,30265524,4
channel-750,681892,30265558,30265570,12
channel-75,844869,30265560,30265566,6
channel-94814,3745,30265564,30265576,12
channel-340,3165,30265571,30265578,7
channel-326,537570,30265577,30265595,18
channel-122,667779,30265582,30265586,4
channel-208,1489703,30265584,30265595,11
channel-208,1489704,30265589,30265601,12
channel-89298,18613,30265601,30265612,11
channel-216,94151,30265619,30265712,93
channel-208,1489705,30265621,30265631,10
channel-750,681893,30265629,30265637,8
channel-216,94152,30265631,30265712,81
channel-0,4037498,30265633,30265644,11
channel-874,292763,30265638,30265643,5
channel-122,667780,30265644,30265648,4
channel-6994,1323529,30265646,30265655,9
channel-122,667781,30265664,30265668,4
channel-522,40424,30265668,30265678,10
channel-85077,59569,30265669,30265680,11
channel-750,681894,30265676,30265681,5
channel-122,667782,30265676,30265680,4
channel-208,1489706,30265681,30265694,13
channel-326,537571,30265682,30265689,7
channel-122,667783,30265682,30265688,6
channel-77,50255,30265684,30265694,10
channel-326,537572,30265694,30265707,13
channel-6994,1323530,30265696,30265705,9
channel-6994,1323531,30265700,30265723,23
channel-122,667784,30265700,30265704,4
channel-181,13584,30265706,30265717,11
channel-782,310107,30265706,30265713,7
channel-6994,1323532,30265708,30265747,39
channel-750,681895,30265717,30265721,4
channel-750,681896,30265721,30265726,5
channel-259,314211,30265723,30265729,6
channel-91017,2764,30265732,30265742,10
channel-88,467074,30265736,30265752,16
channel-85077,59570,30265739,30265749,10
channel-85077,59571,30265743,30265753,10
channel-208,1489707,30265744,30265756,12
channel-6994,1323533,30265755,30265767,12
channel-750,681897,30265764,30265768,4
channel-874,292764,30265764,30265770,6
channel-6994,1323534,30265767,30265823,56
channel-85077,59572,30265768,30265777,9
channel-326,537573,30265769,30265774,5
channel-326,537574,30265771,30265777,6
channel-75,844870,30265777,30265784,7
channel-750,681898,30265779,30265789,10
channel-750,681899,30265786,30265799,13
channel-2494,31891,30265797,30265806,9
channel-208,1489708,30265805,30265815,10
channel-326,537575,30265809,30265820,11
channel-75016,4578,30265810,30265833,23
channel-326,537576,30265810,30265815,5
channel-6994,1323535,30265823,30265836,13
channel-89321,19372,30265825,30265835,10
channel-782,310108,30265828,30265835,7
channel-6994,1323536,30265837,30265852,15
channel-85077,59573,30265844,30265853,9
channel-0,4037499,30265861,30265888,27
channel-750,681900,30265861,30265871,10
channel-750,681901,30265862,30265873,11
channel-0,4037500,30265864,30265877,13
channel-0,4037501,30265866,30265895,29
channel-0,4037502,30265869,30265883,14
channel-750,681902,30265898,30265906,8
channel-6994,1323537,30265901,30265923,22
channel-750,681903,30265910,30265916,6
channel-0,4037503,30265917,30265926,9
channel-6994,1323538,30265927,30265966,39
channel-85077,59574,30265927,30265935,8
channel-6994,1323539,30265938,30265951,13
channel-2494,31892,30265952,30265966,14
channel-122,667785,30265956,30265960,4
channel-750,681904,30265970,30265981,11
channel-874,292765,30265982,30265994,12
channel-782,310109,30265982,30265991,9
channel-6994,1323540,30265986,30265997,11
channel-6994,1323541,30265988,30266026,38
channel-6994,1323542,30265993,30266002,9
channel-75,844871,30266006,30266013,7
channel-91017,2765,30266018,30266027,9
channel-5,184252,30266021,30266032,11
channel-6994,1323543,30266026,30266037,11
channel-6994,1323544,30266032,30266055,23
channel-6994,1323545,30266034,30266074,40
channel-412,64475,30266044,30266053,9
channel-6994,1323546,30266048,30266100,52
channel-750,681905,30266049,30266053,4
channel-75,844872,30266063,30266081,18
channel-642,126492,30266064,30266089,25
channel-0,4037504,30266066,30266088,22
channel-75755,5535,30266066,30266074,8
channel-42,1489942,30266067,30266078,11
channel-122,667786,30266070,30266073,3
channel-6994,1323547,30266075,30266104,29
channel-19774,345810,30266087,30266097,10
channel-6994,1323548,30266093,30266104,11
channel-750,681906,30266094,30266106,12
channel-0,4037505,30266097,30266108,11
channel-85077,59575,30266118,30266126,8
channel-750,681907,30266133,30266144,11
channel-6994,1323549,30266137,30266151,14
channel-874,292766,30266137,30266142,5
channel-6994,1323550,30266154,30266167,13
channel-19774,345811,30266157,30266170,13
channel-750,681908,30266160,30266165,5
channel-750,681909,30266166,30266177,11
channel-85077,59576,30266169,30266182,13
channel-85077,59577,30266172,30266184,12
channel-6994,1323551,30266183,30266195,12
channel-782,310110,30266184,30266187,3
channel-6994,1323552,30266191,30266234,43
channel-6994,1323553,30266193,30266220,27
channel-85077,59578,30266193,30266205,12
channel-0,4037506,30266193,30266205,12
channel-750,681910,30266198,30266213,15
channel-6994,1323554,30266204,30266215,11
channel-2188,43545,30266205,30266211,6
channel-6994,1323555,30266218,30266246,28
channel-0,4037507,30266218,30266228,10
channel-874,292767,30266221,30266225,4
channel-122,667787,30266229,30266235,6
channel-0,4037508,30266232,30266253,21
channel-85077,59579,30266233,30266250,17
channel-750,681911,30266243,30266249,6
channel-750,681912,30266247,30266259,12
channel-0,4037509,30266247,30266258,11
channel-75,844873,30266253,30266259,6
channel-85077,59580,30266253,30266261,8
channel-208,1489709,30266255,30266263,8
channel-19774,345812,30266257,30266266,9
channel-6994,1323556,30266258,30266298,40
channel-5,184253,30266258,30266268,10
channel-6994,1323557,30266258,30266269,11
channel-326,537577,30266260,30266269,9
channel-208,1489710,30266261,30266271,10
channel-208,1489711,30266264,30266277,13
channel-208,1489712,30266268,30266281,13
channel-6994,1323558,30266275,30266303,28
channel-75,844874,30266284,30266292,8
channel-750,681913,30266294,30266308,14
channel-0,4037510,30266306,30266316,10
channel-6994,1323559,30266314,30266327,13
channel-6994,1323560,30266316,30266370,54
channel-89298,18614,30266317,30266325,8
channel-85077,59581,30266317,30266326,9
channel-874,292768,30266327,30266333,6
channel-750,681914,30266328,30266333,5
channel-19774,345813,30266333,30266343,10
channel-750,681915,30266333,30266337,4
channel-783,104204,30266336,30266344,8
channel-6994,1323561,30266340,30266380,40
channel-75,844875,30266345,30266353,8
channel-6897,5632,30266347,30266356,9
channel-642,126493,30266354,30266393,39
channel-750,681916,30266361,30266376,15
channel-0,4037511,30266370,30266393,23
channel-0,4037512,30266373,30266393,20
channel-6994,1323562,30266377,30266389,12
channel-85077,59582,30266393,30266403,10
channel-340,3166,30266400,30266407,7
channel-750,681917,30266403,30266414,11
channel-6994,1323563,30266404,30266431,27
channel-0,4037513,30266407,30266416,9
channel-75,844876,30266407,30266415,8
channel-6994,1323564,30266408,30266462,54
channel-259,314212,30266410,30266419,9
channel-0,4037514,30266412,30266426,14
channel-208,1489713,30266412,30266424,12
channel-412,64476,30266418,30266430,12
channel-91017,2766,30266424,30266434,10
channel-6994,1323565,30266426,30266436,10
channel-0,4037515,30266430,30266446,16
channel-0,4037516,30266440,30266446,6
channel-0,4037517,30266441,30266446,5
channel-0,4037518,30266446,30266457,11
channel-0,4037519,30266450,30266461,11
channel-750,681918,30266466,30266479,13
channel-6994,1323566,30266469,30266483,14
channel-0,4037520,30266472,30266490,18
channel-204,670756,30266473,30266482,9
channel-6994,1323567,30266487,30266499,12
channel-1,408234,30266488,30266515,27
channel-750,681919,30266497,30266499,2
channel-122,667788,30266498,30266502,4
channel-6994,1323568,30266499,30266513,14
channel-750,681920,30266499,30266504,5
channel-340,3167,30266500,30266509,9
channel-750,681921,30266502,30266548,46
channel-0,4037521,30266509,30266533,24
channel-85077,59583,30266511,30266520,9
channel-6994,1323569,30266512,30266521,9
channel-750,681922,30266513,30266518,5
channel-259,314213,30266517,30266521,4
channel-1,408235,30266522,30266544,22
channel-0,4037522,30266523,30266544,21
channel-4,166854,30266527,30266572,45
channel-1,408236,30266532,30266544,12
channel-6994,1323570,30266535,30266578,43
channel-208,1489714,30266535,30266544,9
channel-204,670758,30266535,30266549,14
channel-1,408237,30266536,30266548,12
channel-75,844877,30266541,30266550,9
channel-0,4037523,30266541,30266554,13
channel-6994,1323571,30266547,30267689,1142
channel-750,681923,30266548,30266557,9
channel-6994,1323572,30266550,30266565,15
channel-750,681924,30266553,30266557,4
channel-1,408238,30266565,30266578,13
channel-6787,166644,30266571,30266575,4
channel-143,128283,30266571,30266593,22
channel-6994,1323573,30266572,30266580,8
channel-750,681925,30266574,30266578,4
channel-2188,43546,30266574,30266580,6
channel-6994,1323574,30266574,30266580,6
channel-2188,43547,30266576,30266580,4
channel-42,1489943,30266577,30266587,10
channel-85077,59584,30266582,30266592,10
channel-85077,59585,30266584,30266601,17
channel-6994,1323575,30266585,30266595,10
channel-412,64477,30266589,30266600,11
channel-199,132604,30266589,30266599,10
channel-0,4037524,30266592,30266612,20
channel-0,4037525,30266593,30266612,19
channel-208,1489715,30266593,30266602,9
channel-2188,43548,30266594,30266599,5
channel-750,681926,30266594,30266607,13
channel-750,681927,30266595,30266600,5
channel-874,292769,30266600,30267641,1041
channel-6994,1323576,30266602,30266648,46
channel-0,4037526,30266603,30266628,25
channel-2188,43549,30266613,30266618,5
channel-208,1489716,30266615,30266625,10
channel-412,64478,30266618,30266629,11
channel-750,681928,30266623,30266628,5
channel-2188,43550,30266623,30266627,4
channel-204,670760,30266628,30266637,9
channel-42,1489944,30266633,30266648,15
channel-199,132605,30266635,30266650,15
channel-0,4037527,30266636,30266648,12
channel-0,4037528,30266636,30266658,22
channel-19774,345814,30266638,30266650,12
channel-208,1489717,30266641,30266654,13
channel-77,50256,30266642,30266653,11
channel-208,1489718,30266645,30266654,9
channel-0,4037529,30266646,30266670,24
channel-412,64479,30266651,30266664,13
channel-21113,25298,30266654,30266663,9
channel-184,137397,30266661,30266677,16
channel-75,844878,30266662,30266669,7
channel-750,681929,30266672,30266680,8
channel-146,20027,30266700,30266771,71
channel-6787,166645,30266705,30266711,6
channel-85077,59586,30266721,30266729,8
channel-85077,59587,30266721,30266729,8
channel-750,681930,30266731,30266739,8
channel-75,844879,30266734,30266741,7
channel-6994,1323577,30266742,30266756,14
channel-0,4037530,30266744,30266756,12
channel-91017,2767,30266744,30266753,9
channel-199,132606,30266749,30266759,10
channel-782,310111,30266755,30266759,4
channel-259,314214,30266755,30266760,5
channel-750,681931,30266756,30266759,3
channel-412,64480,30266759,30266775,16
channel-2188,43551,30266761,30266766,5
channel-0,4037531,30266762,30266773,11
channel-79703,4411,30266764,30266779,15
channel-208,1489719,30266776,30266785,9
channel-2186,40761,30266776,30266802,26
channel-208,1489720,30266793,30266802,9
channel-208,1489721,30266802,30266812,10
channel-259,314215,30266803,30266810,7
channel-0,4037532,30266810,30266822,12
channel-412,64481,30266812,30266823,11
channel-85077,59588,30266822,30266841,19
channel-0,4037533,30266844,30266851,7
channel-91017,2768,30266855,30266865,10
channel-6994,1323578,30266858,30266887,29
channel-6994,1323579,30266860,30266872,12
channel-19774,345815,30266863,30266872,9
channel-75,844880,30266868,30266875,7
channel-143,128284,30266870,30266941,71
channel-2186,40762,30266878,30266907,29
channel-2188,43552,30266880,30266885,5
channel-782,310112,30266884,30266888,4
channel-750,681932,30266884,30266894,10
channel-4,166855,30266887,30266941,54
channel-75,844881,30266888,30266896,8
channel-75,844882,30266888,30266896,8
channel-0,4037534,30266889,30266902,13
channel-4,166856,30266893,30266941,48
channel-0,4037535,30266893,30266902,9
channel-750,681933,30266900,30266910,10
channel-79703,4412,30266900,30266914,14
channel-6994,1323580,30266901,30266914,13
channel-1,408239,30266901,30266930,29
channel-750,681934,30266909,30266923,14
channel-91017,2769,30266909,30266919,10
channel-4,166857,30266913,30266941,28
channel-165,71419,30266921,30267827,906
channel-750,681935,30266921,30266926,5
channel-0,4037536,30266924,30266932,8
channel-750,681936,30266926,30266935,9
channel-259,314216,30266928,30266933,5
channel-0,4037537,30266933,30266941,8
channel-4,166858,30266939,30266950,11
channel-0,4037538,30266944,30266956,12
channel-750,681937,30266944,30266954,10
channel-0,4037539,30266950,30266961,11
channel-208,1489722,30266951,30266963,12
channel-750,681938,30266955,30266960,5
channel-4,166859,30266962,30266993,31
channel-750,681939,30266964,30266980,16
channel-750,681940,30266974,30266980,6
channel-75,844883,30266975,30266984,9
channel-326,537578,30266975,30266981,6
channel-750,681941,30266975,30266994,19
channel-782,310113,30266980,30266985,5
channel-0,4037540,30266981,30266989,8
channel-750,681942,30266981,30266988,7
channel-91017,2770,30266981,30266988,7
channel-19774,345816,30266996,30267008,12
channel-326,537579,30267002,30267008,6
channel-122,667789,30267003,30267008,5
channel-750,681943,30267012,30267026,14
channel-6994,1323581,30267013,30267023,10
channel-85077,59589,30267017,30267026,9
channel-38946,124080,30267017,30267033,16
channel-4,166860,30267023,30267110,87
channel-0,4037541,30267028,30267038,10
channel-79703,4413,30267032,30267047,15
channel-750,681944,30267033,30267042,9
channel-208,1489723,30267035,30267046,11
channel-750,681945,30267039,30267043,4
channel-0,4037542,30267049,30267059,10
channel-19774,345817,30267049,30267058,9
channel-0,4037543,30267050,30267059,9
channel-750,681946,30267051,30267062,11
channel-750,681947,30267054,30267071,17
channel-0,4037544,30267054,30267063,9
channel-750,681948,30267060,30267063,3
channel-251,85173,30267068,30267078,10
channel-0,4037545,30267073,30267083,10
channel-19774,345818,30267075,30267090,15
channel-0,4037546,30267078,30267088,10
channel-2,130596,30267078,30267088,10
channel-85077,59590,30267083,30267094,11
channel-750,681949,30267091,30267095,4
channel-85077,59591,30267096,30267105,9
channel-0,4037547,30267099,30267106,7
channel-91017,2771,30267100,30267108,8
channel-1,408240,30267101,30267111,10
channel-0,4037548,30267101,30267110,9
channel-750,681950,30267103,30267115,12
channel-782,310114,30267107,30267115,8
channel-85077,59592,30267107,30267116,9
channel-0,4037549,30267110,30267121,11
channel-85077,59593,30267112,30267121,9
channel-1,408241,30267113,30267141,28
channel-259,314217,30267122,30267128,6
channel-97998,51,30267126,30267132,6
channel-91017,2772,30267131,30267141,10
channel-750,681951,30267135,30267147,12
channel-750,681952,30267136,30267149,13
channel-0,4037550,30267143,30267156,13
channel-89298,18615,30267147,30267157,10
channel-0,4037551,30267154,30267180,26
channel-0,4037552,30267160,30267168,8
channel-89321,19373,30267170,30267180,10
channel-4,166861,30267172,30267248,76
channel-0,4037553,30267172,30267180,8
channel-208,1489724,30267174,30267184,10
channel-326,537580,30267181,30267199,18
channel-6994,1323582,30267181,30267192,11
channel-1,408242,30267188,30267213,25
channel-0,4037554,30267188,30267202,14
channel-91017,2773,30267190,30267200,10
channel-0,4037555,30267199,30267211,12
channel-874,292770,30267202,30267207,5
channel-750,681953,30267206,30267214,8
channel-0,4037556,30267211,30267219,8
channel-75,844884,30267213,30267220,7
channel-5,184254,30267215,30267224,9
channel-122,667790,30267216,30267220,4
channel-199,132607,30267221,30267231,10
channel-5,184255,30267227,30267237,10
channel-2188,43553,30267228,30267233,5
channel-88,467075,30267230,30267262,32
channel-0,4037557,30267234,30267244,10
channel-750,681954,30267237,30267243,6
channel-750,681955,30267237,30267243,6
channel-5,184256,30267241,30267250,9
channel-750,681956,30267256,30267272,16
channel-326,537581,30267258,30267268,10
channel-91017,2774,30267261,30267270,9
channel-216,94153,30267274,30267365,91
channel-4,166862,30267274,30267292,18
channel-750,681957,30267288,30267292,4
channel-208,1489725,30267292,30267303,11
channel-0,4037558,30267305,30267316,11
channel-143,128285,30267311,30267351,40
channel-6994,1323583,30267320,30267335,15
channel-750,681958,30267323,30267330,7
channel-750,681959,30267324,30267330,6
channel-85077,59594,30267342,30267350,8
channel-750,681960,30267349,30267358,9
channel-73755,5828,30267353,30267361,8
channel-750,681961,30267353,30267358,5
channel-750,681962,30267359,30267375,16
channel-0,4037559,30267368,30267379,11
channel-6787,166646,30267368,30267372,4
channel-165,71420,30267375,30267818,443
channel-750,681963,30267378,30267382,4
channel-91017,2775,30267383,30267390,7
channel-750,681964,30267394,30267398,4
channel-0,4037560,30267396,30267407,11
channel-0,4037561,30267398,30267407,9
channel-0,4037562,30267405,30267417,12
channel-6994,1323584,30267420,30267429,9
channel-6787,166647,30267448,30267453,5
channel-6994,1323585,30267450,30267458,8
channel-750,681965,30267452,30267458,6
channel-85077,59595,30267465,30267476,11
channel-2188,43554,30267475,30267480,5
channel-750,681966,30267479,30267484,5
channel-750,681967,30267486,30267497,11
channel-85077,59596,30267486,30267495,9
channel-89321,19374,30267487,30267492,5
channel-326,537582,30267489,30267497,8
channel-750,681968,30267500,30267516,16
channel-6994,1323586,30267521,30267534,13
channel-750,681969,30267526,30267538,12
channel-6994,1323587,30267528,30267537,9
channel-122,667791,30267528,30267534,6
channel-79703,4414,30267536,30267549,13
channel-750,681970,30267541,30267551,10
channel-122,667792,30267543,30267548,5
channel-6994,1323588,30267546,30267557,11
channel-750,681971,30267550,30267554,4
channel-750,681972,30267553,30267558,5
channel-750,681973,30267559,30267564,5
channel-0,4037563,30267560,30267591,31
channel-2188,43555,30267561,30267565,4
channel-85077,59597,30267562,30267572,10
channel-85077,59598,30267567,30267588,21
channel-85077,59599,30267573,30267586,13
channel-0,4037564,30267575,30267587,12
channel-6994,1323589,30267579,30267591,12
channel-750,681974,30267602,30267614,12
channel-6897,5633,30267605,30267838,233
channel-6994,1323590,30267606,30267619,13
channel-2494,31893,30267609,30267621,12
channel-750,681975,30267611,30267625,14
channel-73755,5829,30267614,30267621,7
channel-6994,1323591,30267624,30267639,15
channel-750,681976,30267625,30267637,12
channel-91017,2776,30267629,30267638,9
channel-208,1489726,30267648,30267656,8
channel-750,681977,30267649,30267659,10
channel-75,844885,30267660,30267667,7
channel-0,4037565,30267663,30267673,10
channel-750,681978,30267668,30267683,15
channel-750,681979,30267676,30267683,7
channel-165,71421,30267677,30267823,146
channel-0,4037566,30267681,30267692,11
channel-750,681980,30267682,30267690,8
channel-6994,1323592,30267683,30267694,11
channel-85077,59600,30267683,30267706,23
channel-0,4037567,30267684,30267692,8
channel-750,681981,30267699,30267704,5
channel-0,4037568,30267703,30267714,11
channel-874,292771,30267703,30267707,4
channel-6994,1323593,30267703,30267712,9
channel-750,681982,30267703,30267707,4
channel-85077,59601,30267707,30267743,36
channel-122,667793,30267708,30267712,4
channel-165,71422,30267710,30267827,117
channel-750,681983,30267713,30267719,6
channel-6994,1323594,30267714,30267729,15
channel-6994,1323595,30267719,30267734,15
channel-6994,1323596,30267723,30267734,11
channel-783,104205,30267725,30267732,7
channel-326,537583,30267727,30267734,7
channel-85077,59602,30267740,30267747,7
channel-525,6370,30267744,30267774,30
channel-122,667794,30267745,30267750,5
channel-122,667795,30267747,30267762,15
channel-783,104206,30267750,30267756,6
channel-750,681984,30267751,30267766,15
channel-208,1489727,30267755,30267766,11
channel-208,1489728,30267757,30267766,9
channel-165,71423,30267764,30267816,52
channel-113,301306,30267770,30267801,31
channel-0,4037569,30267774,30267784,10
channel-750,681985,30267776,30267781,5
channel-208,1489729,30267776,30267787,11
channel-6994,1323597,30267779,30267791,12
channel-0,4037570,30267780,30267788,8
channel-874,292772,30267782,30267788,6
channel-750,681986,30267782,30267791,9
channel-750,681987,30267786,30267791,5
channel-38946,124081,30267791,30267808,17
channel-98130,75,30267794,30267812,18
channel-85077,59603,30267794,30267803,9
channel-19774,345819,30267795,30267807,12
channel-19774,345820,30267797,30267807,10
channel-750,681988,30267797,30267812,15
channel-0,4037571,30267798,30267810,12
channel-143,128286,30267803,30267813,10
channel-85077,59604,30267807,30267817,10
channel-0,4037572,30267809,30267814,5
channel-38946,124082,30267809,30267826,17
channel-412,64482,30267813,30267827,14
channel-38946,124083,30267825,30267844,19
channel-6994,1323598,30267834,30267845,11
channel-19774,345821,30267835,30267848,13
channel-6994,1323599,30267840,30267855,15
channel-85077,59605,30267843,30267853,10
channel-6994,1323600,30267853,30267865,12
channel-38946,124086,30267858,30267878,20
channel-19774,345822,30267861,30267870,9
channel-4,166863,30267865,30267881,16
channel-750,681989,30267869,30267885,16
channel-750,681990,30267870,30267876,6
channel-38946,124087,30267872,30267885,13
channel-19774,345823,30267878,30267887,9
channel-6787,166648,30267880,30267885,5
channel-0,4037573,30267881,30267894,13
channel-19774,345824,30267881,30267888,7
channel-0,4037574,30267883,30267894,11
channel-412,64483,30267883,30267895,12
channel-750,681991,30267884,30267892,8
channel-19774,345825,30267885,30267899,14
channel-19774,345826,30267891,30267903,12
channel-6994,1323601,30267904,30267916,12
channel-20082,9874,30267906,30267915,9
channel-0,4037575,30267915,30267928,13
channel-38946,124088,30267915,30267937,22
channel-19774,345827,30267917,30267926,9
channel-6787,166649,30267927,30267933,6
channel-38946,124089,30267931,30267941,10
channel-412,64484,30267933,30267944,11
channel-122,667796,30267935,30267940,5
channel-75,844886,30267936,30267942,6
channel-259,314218,30267939,30267946,7
channel-208,1489730,30267947,30267959,12
channel-38946,124090,30267951,30267964,13
channel-783,104207,30267964,30267968,4
channel-6994,1323602,30267965,30267977,12
channel-76971,12224,30267968,30267989,21
channel-0,4037576,30267968,30267978,10
channel-208,1489731,30267968,30267978,10
channel-750,681992,30267977,30267981,4
channel-1,408243,30267981,30268003,22
channel-2188,43556,30267981,30267985,4
channel-165,71424,30267988,30267999,11
channel-20082,9875,30267988,30267997,9
channel-75,844887,30267994,30268000,6
channel-0,4037577,30267994,30268008,14
channel-76971,12225,30267997,30268007,10
channel-0,4037578,30267999,30268012,13
channel-122,667797,30268027,30268031,4
channel-326,537584,30268032,30268038,6
channel-5,184257,30268034,30268044,10
channel-165,71425,30268034,30268049,15
channel-0,4037579,30268053,30268064,11
channel-750,681993,30268069,30268075,6
channel-750,681994,30268069,30268081,12
channel-87,182889,30268070,30268088,18
channel-750,681995,30268077,30268087,10
channel-2188,43557,30268078,30268083,5
channel-750,681996,30268086,30268091,5
channel-122,667798,30268089,30268093,4
channel-0,4037580,30268089,30268095,6
channel-2188,43558,30268091,30268096,5
channel-122,667799,30268092,30268096,4
channel-19774,345828,30268095,30268104,9
channel-0,4037581,30268098,30268112,14
channel-85077,59606,30268112,30268122,10
channel-88,467076,30268115,30268133,18
channel-750,681997,30268121,30268126,5
channel-0,4037582,30268125,30268137,12
channel-208,1489732,30268128,30268139,11
channel-750,681998,30268140,30268162,22
channel-75,844888,30268148,30268157,9
channel-6994,1323603,30268148,30268160,12
channel-362,86676,30268158,30268172,14
channel-750,681999,30268158,30268172,14
channel-750,682000,30268161,30268166,5
channel-204,670762,30268176,30268185,9
channel-75,844889,30268176,30268184,8
channel-1,408244,30268200,30268218,18
channel-199,132608,30268204,30268211,7
channel-750,682001,30268211,30268223,12
channel-42,1489945,30268212,30268218,6
channel-4,166864,30268222,30268246,24
channel-79703,4415,30268229,30268241,12
channel-85077,59607,30268230,30268241,11
channel-259,314219,30268230,30268237,7
channel-85077,59608,30268237,30268249,12
channel-6994,1323604,30268238,30268247,9
channel-0,4037583,30268243,30268255,12
channel-122,667800,30268271,30268275,4
channel-8,43451,30268271,30268285,14
channel-0,4037584,30268272,30268283,11
channel-750,682002,30268278,30268289,11
channel-412,64485,30268279,30268293,14
channel-0,4037585,30268279,30268288,9
channel-0,4037586,30268280,30268294,14
channel-188,190542,30268281,30268290,9
channel-91017,2777,30268288,30268297,9
channel-0,4037587,30268301,30268314,13
channel-412,64486,30268314,30268324,10
channel-122,667801,30268317,30268321,4
channel-19774,345829,30268328,30268338,10
channel-750,682003,30268335,30268364,29
channel-2,130597,30268352,30268361,9
channel-79241,950,30268355,30268364,9
channel-6994,1323605,30268358,30268368,10
channel-2188,43559,30268360,30268364,4
channel-412,64487,30268364,30268399,35
channel-19774,345830,30268365,30268377,12
channel-6994,1323606,30268372,30268383,11
channel-0,4037588,30268373,30268383,10
channel-85077,59609,30268377,30268386,9
channel-0,4037589,30268381,30268393,12
channel-85077,59610,30268388,30268396,8
channel-750,682004,30268392,30268408,16
channel-782,310115,30268394,30268399,5
channel-89321,19375,30268404,30268410,6
channel-6994,1323607,30268421,30268432,11
channel-6994,1323608,30268438,30268451,13
channel-326,537585,30268444,30268453,9
channel-326,537586,30268444,30268453,9
channel-326,537587,30268444,30268453,9
channel-326,537588,30268444,30268453,9
channel-91017,2778,30268448,30268456,8
channel-6994,1323609,30268455,30268465,10
channel-208,1489733,30268455,30268467,12
channel-122,667802,30268456,30268459,3
channel-2,130598,30268461,30268473,12
channel-0,4037590,30268469,30268478,9
channel-85077,59611,30268483,30268492,9
channel-2,130599,30268487,30268499,12
channel-8945,17739,30268491,30268502,11
channel-1,408245,30268499,30268509,10
channel-165,71431,30268500,30268528,28
channel-874,292773,30268502,30268522,20
channel-75,844890,30268503,30268509,6
channel-0,4037591,30268518,30268531,13
channel-208,1489734,30268536,30268547,11
channel-165,71432,30268539,30269098,559
channel-85077,59612,30268541,30268551,10
channel-8945,17740,30268544,30268553,9
channel-89298,18616,30268549,30268557,8
channel-0,4037592,30268552,30268564,12
channel-19774,345831,30268552,30268561,9
channel-874,292774,30268579,30268586,7
channel-0,4037593,30268608,30268618,10
channel-6994,1323610,30268613,30268624,11
channel-2186,40763,30268638,30268658,20
channel-4,166865,30268645,30268666,21
channel-19774,345832,30268655,30268663,8
channel-0,4037594,30268665,30268674,9
channel-1,408246,30268666,30268682,16
channel-412,64488,30268667,30268675,8
channel-0,4037595,30268667,30268678,11
channel-42,1489946,30268669,30268674,5
channel-89298,18617,30268673,30268683,10
channel-0,4037596,30268678,30268689,11
channel-6994,1323611,30268686,30268695,9
channel-750,682005,30268691,30268711,20
channel-340,3168,30268694,30268701,7
channel-259,314220,30268696,30268702,6
channel-412,64489,30268700,30268709,9
channel-208,1489735,30268700,30268710,10
channel-750,682006,30268704,30268709,5
channel-6994,1323612,30268719,30268746,27
channel-326,537589,30268722,30268749,27
channel-88,467077,30268733,30268746,13
channel-259,314221,30268741,30268747,6
channel-750,682007,30268757,30268774,17
channel-0,4037597,30268763,30268776,13
channel-750,682008,30268767,30268780,13
channel-0,4037598,30268769,30268781,12
channel-0,4037599,30268772,30268781,9
channel-0,4037600,30268776,30268800,24
channel-0,4037601,30268780,30268792,12
channel-412,64490,30268780,30268793,13
channel-6994,1323613,30268787,30268799,12
channel-0,4037602,30268787,30268798,11
channel-85077,59613,30268798,30268804,6
channel-0,4037603,30268798,30268807,9
channel-0,4037604,30268799,30268807,8
channel-0,4037605,30268801,30268810,9
channel-0,4037606,30268804,30268816,12
channel-6994,1323614,30268814,30268827,13
channel-0,4037607,30268816,30268828,12
channel-782,310116,30268825,30268832,7
channel-6994,1323615,30268834,30268848,14
channel-0,4037608,30268846,30268856,10
channel-0,4037609,30268849,30268859,10
channel-6994,1323616,30268852,30268862,10
channel-326,537590,30268858,30268877,19
channel-85077,59614,30268866,30268876,10
channel-19774,345833,30268875,30268883,8
channel-122,667803,30268879,30268883,4
channel-0,4037610,30268887,30268895,8
channel-0,4037611,30268893,30268914,21
channel-750,682009,30268893,30268903,10
channel-0,4037612,30268893,30268904,11
channel-122,667804,30268897,30268901,4
channel-38946,124091,30268915,30268932,17
channel-85077,59615,30268916,30268923,7
channel-2188,43560,30268917,30268921,4
channel-767,14359,30268921,30268931,10
channel-208,1489736,30268925,30268933,8
channel-208,1489737,30268951,30268962,11
channel-0,4037613,30268969,30268995,26
channel-208,1489738,30268971,30268982,11
channel-85077,59616,30268971,30268983,12
channel-6994,1323617,30268991,30269000,9
channel-0,4037614,30268998,30269009,11
channel-38946,124092,30269000,30269019,19
channel-2186,40764,30269004,30269016,12
channel-122,667805,30269004,30269008,4
channel-94814,3746,30269005,30269013,8
channel-75,844891,30269014,30269022,8
channel-6994,1323618,30269017,30269031,14
channel-6994,1323619,30269025,30269038,13
channel-0,4037615,30269035,30269041,6
channel-750,682010,30269039,30269041,2
channel-89298,18618,30269041,30269051,10
channel-89321,19376,30269044,30269070,26
channel-75,844892,30269045,30269051,6
channel-0,4037616,30269051,30269064,13
channel-0,4037617,30269056,30269070,14
channel-208,1489739,30269057,30269069,12
channel-85077,59617,30269058,30269069,11
channel-15464,2652,30269065,30269080,15
channel-79703,4416,30269080,30269091,11
channel-38946,124093,30269088,30269099,11
channel-208,1489740,30269099,30269110,11
channel-199,132609,30269101,30269110,9
channel-750,682011,30269109,30269122,13
channel-208,1489741,30269112,30269121,9
channel-199,132610,30269114,30269124,10
channel-216,94154,30269115,30269186,71
channel-874,292775,30269122,30269127,5
channel-340,3169,30269124,30269133,9
channel-0,4037618,30269135,30269144,9
channel-6994,1323620,30269138,30269151,13
channel-122,667806,30269152,30269156,4
channel-750,682012,30269158,30269167,9
channel-874,292776,30269168,30269173,5
channel-122,667807,30269171,30269175,4
channel-0,4037619,30269174,30269185,11
channel-750,682013,30269178,30269183,5
channel-88,467078,30269193,30269213,20
channel-6994,1323621,30269204,30269217,13
channel-750,682014,30269222,30269235,13
channel-0,4037620,30269227,30269237,10
channel-251,85174,30269227,30269236,9
channel-0,4037621,30269236,30269245,9
channel-750,682015,30269237,30269241,4
channel-0,4037622,30269243,30269254,11
channel-750,682016,30269264,30269275,11
channel-85077,59618,30269269,30269284,15
channel-750,682017,30269274,30269285,11
channel-6994,1323622,30269278,30269289,11
channel-750,682018,30269281,30269297,16
channel-0,4037623,30269289,30269302,13
channel-0,4037624,30269295,30269305,10
channel-0,4037625,30269304,30269333,29
channel-0,4037626,30269305,30269314,9
channel-98130,76,30269306,30269319,13
channel-0,4037627,30269314,30269323,9
channel-750,682019,30269322,30269372,50
channel-38946,124094,30269322,30269336,14
channel-750,682020,30269322,30269372,50
channel-0,4037628,30269330,30269347,17
channel-85077,59619,30269336,30269346,10
channel-204,670763,30269338,30269347,9
channel-750,682021,30269339,30269349,10
channel-6994,1323623,30269340,30269355,15
channel-750,682022,30269347,30269359,12
channel-6994,1323624,30269349,30269361,12
channel-0,4037629,30269351,30269359,8
channel-42,1489947,30269353,30269361,8
channel-6994,1323625,30269355,30269364,9
channel-6994,1323626,30269366,30269379,13
channel-6994,1323627,30269368,30269379,11
channel-6994,1323628,30269373,30269385,12
channel-85077,59620,30269374,30269385,11
channel-0,4037630,30269377,30269385,8
channel-0,4037631,30269386,30269399,13
channel-4,166866,30269389,30269422,33
channel-0,4037632,30269393,30269405,12
channel-208,1489742,30269394,30269404,10
channel-76971,12226,30269397,30269412,15
channel-6994,1323629,30269414,30269424,10
channel-0,4037633,30269416,30269426,10
channel-75,844893,30269418,30269424,6
channel-750,682023,30269420,30269429,9
channel-89298,18619,30269421,30269432,11
channel-85077,59621,30269422,30269430,8
channel-85077,59622,30269423,30269440,17
channel-85077,59623,30269430,30269448,18
channel-85077,59624,30269440,30269460,20
channel-89321,19377,30269444,30269454,10
channel-0,4037634,30269446,30269458,12
channel-15464,2653,30269446,30269460,14
channel-6994,1323630,30269459,30269468,9
channel-6994,1323631,30269460,30269492,32
channel-0,4037635,30269463,30269471,8
channel-750,682024,30269466,30269469,3
channel-85077,59625,30269468,30269478,10
channel-208,1489743,30269474,30269485,11
channel-0,4037636,30269477,30269488,11
channel-85077,59626,30269477,30269485,8
channel-143,128287,30269482,30269491,9
channel-6994,1323632,30269484,30269497,13
channel-75,844894,30269484,30269492,8
channel-98130,77,30269485,30269501,16
channel-75,844895,30269489,30269497,8
channel-750,682025,30269497,30269513,16
channel-85077,59627,30269499,30269509,10
channel-750,682026,30269501,30269507,6
channel-0,4037637,30269501,30269512,11
channel-75,844896,30269502,30269510,8
channel-750,682027,30269504,30269514,10
channel-85077,59628,30269504,30269514,10
channel-85077,59629,30269504,30269518,14
channel-89321,19378,30269505,30269514,9
channel-6994,1323633,30269514,30269523,9
channel-0,4037638,30269515,30269522,7
channel-750,682028,30269516,30269521,5
channel-0,4037639,30269520,30269529,9
channel-89321,19379,30269520,30269526,6
channel-204,670764,30269522,30269533,11
channel-85077,59630,30269522,30269532,10
channel-0,4037640,30269523,30269534,11
channel-6994,1323634,30269525,30269537,12
channel-2186,40765,30269526,30269537,11
channel-85077,59631,30269526,30269535,9
channel-19774,345834,30269533,30269542,9
channel-750,682029,30269533,30269538,5
channel-76971,12227,30269534,30269553,19
channel-6994,1323635,30269535,30269547,12
channel-0,4037641,30269535,30269543,8
channel-208,1489744,30269538,30269550,12
channel-75,844897,30269538,30269547,9
channel-98130,78,30269538,30269555,17
channel-85077,59632,30269546,30269558,12
channel-750,682030,30269549,30269571,22
channel-85077,59633,30269551,30269567,16
channel-0,4037642,30269552,30269562,10
channel-88,467079,30269553,30269619,66
channel-6994,1323636,30269556,30269568,12
channel-750,682031,30269556,30269561,5
channel-229,55007,30269558,30269571,13
channel-85077,59634,30269558,30269567,9
channel-0,4037643,30269564,30269576,12
channel-98130,79,30269579,30269595,16
channel-85077,59635,30269581,30269593,12
channel-1575,15185,30269586,30269600,14
channel-6994,1323637,30269588,30269601,13
channel-6994,1323638,30269593,30269606,13
channel-75,844898,30269596,30269604,8
channel-750,682032,30269604,30269621,17
channel-750,682033,30269609,30269614,5
channel-208,1489745,30269610,30269623,13
channel-98130,80,30269611,30269627,16
channel-85077,59636,30269637,30269647,10
channel-208,1489746,30269639,30269648,9
channel-42,1489948,30269642,30269652,10
channel-76971,12228,30269643,30269667,24
channel-750,682034,30269644,30269650,6
channel-216,94155,30269645,30269676,31
channel-75,844899,30269646,30269653,7
channel-216,94156,30269651,30269676,25
channel-6994,1323639,30269656,30269672,16
channel-122,667808,30269656,30269660,4
channel-0,4037644,30269666,30269678,12
channel-5485,1705,30269671,30269682,11
channel-1,408247,30269676,30269686,10
channel-75,844900,30269676,30269682,6
channel-2188,43561,30269679,30269684,5
channel-38946,124095,30269686,30269703,17
channel-6994,1323640,30269689,30269700,11
channel-75,844901,30269689,30269696,7
channel-38946,124096,30269690,30269703,13
channel-76971,12229,30269696,30269703,7
channel-85077,59637,30269698,30269707,9
channel-6994,1323641,30269699,30269711,12
channel-88,467080,30269717,30269732,15
channel-874,292777,30269719,30269726,7
channel-75,844902,30269722,30269731,9
channel-79703,4417,30269728,30269739,11
channel-522,40425,30269730,30269739,9
channel-750,682035,30269730,30269739,9
channel-6994,1323642,30269736,30269772,36
channel-85077,59638,30269737,30269751,14
channel-79703,4418,30269746,30269761,15
channel-208,1489747,30269747,30269757,10
channel-0,4037645,30269748,30269769,21
channel-85077,59639,30269755,30269765,10
channel-85077,59640,30269771,30269783,12
channel-98130,81,30269776,30269788,12
channel-6994,1323643,30269786,30269799,13
channel-6994,1323644,30269789,30269799,10
channel-6994,1323645,30269794,30269804,10
channel-6994,1323646,30269807,30269825,18
channel-6994,1323647,30269819,30269831,12
channel-85077,59641,30269822,30269832,10
channel-75,844903,30269823,30269830,7
channel-6994,1323648,30269823,30269836,13
channel-750,682036,30269825,30269832,7
channel-6994,1323649,30269825,30269836,11
channel-208,1489748,30269826,30269838,12
channel-204,670765,30269829,30269838,9
channel-0,4037646,30269830,30269842,12
channel-208,1489749,30269839,30269852,13
channel-208,1489750,30269840,30269852,12
channel-85077,59642,30269844,30269857,13
channel-1,408248,30269847,30269862,15
channel-874,292778,30269849,30269854,5
channel-0,4037647,30269849,30269865,16
channel-208,1489751,30269849,30269861,12
channel-21113,25299,30269852,30269859,7
channel-0,4037648,30269853,30269870,17
channel-0,4037649,30269853,30269875,22
channel-85077,59643,30269856,30269864,8
channel-85077,59644,30269858,30269870,12
channel-76971,12230,30269860,30269880,20
channel-85077,59645,30269861,30269878,17
channel-0,4037650,30269862,30269870,8
channel-0,4037651,30269864,30269875,11
channel-85077,59646,30269865,30269878,13
channel-85077,59647,30269869,30269878,9
channel-85077,59648,30269882,30269892,10
channel-79180,3373,30269882,30269890,8
channel-1429,140690,30269883,30269897,14
channel-6994,1323650,30269887,30269899,12
channel-122,667809,30269888,30269900,12
channel-0,4037652,30269895,30269904,9
channel-85077,59649,30269897,30269907,10
channel-85077,59650,30269899,30269910,11
channel-85077,59651,30269900,30269912,12
channel-216,94160,30269900,30270132,232
channel-750,682037,30269902,30269913,11
channel-750,682038,30269906,30269912,6
channel-85077,59652,30269907,30269918,11
channel-75,844904,30269907,30269914,7
channel-21113,25300,30269912,30269920,8
channel-6994,1323651,30269914,30269923,9
channel-85077,59653,30269914,30269923,9
channel-750,682039,30269918,30269929,11
channel-750,682040,30269921,30269932,11
channel-0,4037653,30269921,30269932,11
channel-6994,1323652,30269924,30269937,13
channel-750,682041,30269932,30269939,7
channel-750,682042,30269932,30269936,4
channel-5485,1706,30269934,30269948,14
channel-208,1489752,30269936,30269946,10
channel-122,667810,30269942,30269945,3
channel-85077,59654,30269943,30269951,8
channel-85077,59655,30269943,30269951,8
channel-122,667811,30269946,30269951,5
channel-216,94162,30269951,30270132,181
channel-21113,25301,30269953,30269958,5
channel-208,1489753,30269958,30269971,13
channel-0,4037654,30269960,30269968,8
channel-0,4037655,30269962,30269974,12
channel-85077,59656,30269963,30269972,9
channel-0,4037656,30269965,30269974,9
channel-0,4037657,30269966,30269987,21
channel-5485,1707,30269968,30269979,11
channel-0,4037658,30269974,30269982,8
channel-5485,1708,30269985,30269997,12
channel-97998,52,30270006,30270012,6
channel-0,4037659,30270007,30270018,11
channel-85077,59657,30270009,30270021,12
channel-6994,1323653,30270012,30270026,14
channel-208,1489754,30270014,30270028,14
channel-1,408249,30270015,30270040,25
channel-0,4037660,30270020,30270033,13
channel-208,1489755,30270036,30270046,10
channel-259,314222,30270041,30270047,6
channel-85077,59658,30270069,30270078,9
channel-216,94163,30270070,30270132,62
channel-750,682043,30270082,30270086,4
channel-0,4037661,30270082,30270092,10
channel-204,670766,30270083,30270091,8
channel-750,682044,30270097,30270105,8
channel-122,667812,30270098,30270106,8
channel-143,128288,30270101,30270110,9
channel-216,94164,30270106,30270169,63
channel-75,844905,30270116,30270122,6
channel-750,682045,30270123,30270133,10
channel-874,292779,30270124,30270129,5
channel-208,1489756,30270132,30270142,10
channel-6994,1323654,30270134,30270143,9
channel-750,682046,30270153,30270164,11
channel-2188,43562,30270162,30270167,5
channel-326,537591,30270165,30270170,5
channel-6994,1323655,30270168,30270177,9
channel-0,4037662,30270182,30270193,11
channel-122,667813,30270184,30270187,3
channel-750,682047,30270189,30270201,12
channel-0,4037663,30270190,30270202,12
channel-259,314223,30270200,30270207,7
channel-0,4037664,30270212,30270220,8
channel-88,467081,30270217,30270235,18
channel-0,4037665,30270220,30270248,28
channel-208,1489757,30270231,30270243,12
channel-122,667814,30270232,30270235,3
channel-6994,1323656,30270235,30270249,14
channel-782,310117,30270238,30270244,6
channel-122,667815,30270252,30270256,4
channel-0,4037666,30270253,30270264,11
channel-76971,12231,30270260,30270274,14
channel-750,682048,30270269,30270288,19
channel-82,18948,30270269,30270299,30
channel-6994,1323657,30270276,30270309,33
channel-782,310118,30270277,30270284,7
channel-115,20356,30270286,30270296,10
channel-6994,1323658,30270306,30270320,14
channel-20082,9876,30270308,30270318,10
channel-75,844906,30270312,30270319,7
channel-782,310119,30270320,30270326,6
channel-204,670767,30270326,30270339,13
channel-6994,1323659,30270331,30270346,15
channel-0,4037667,30270335,30270345,10
channel-6994,1323660,30270338,30270350,12
channel-341,3387,30270342,30270356,14
channel-42,1489949,30270344,30270350,6
channel-750,682049,30270354,30270360,6
channel-782,310120,30270356,30270361,5
channel-0,4037668,30270358,30270369,11
channel-0,4037669,30270376,30270386,10
channel-782,310121,30270376,30270383,7
channel-522,40426,30270378,30270431,53
channel-750,682050,30270383,30270398,15
channel-782,310122,30270388,30270397,9
channel-2188,43563,30270392,30270396,4
channel-6994,1323661,30270395,30270406,11
channel-750,682051,30270397,30270420,23
channel-6994,1323662,30270418,30270443,25
channel-6994,1323663,30270419,30270431,12
channel-2188,43564,30270422,30270427,5
channel-6994,1323664,30270424,30270434,10
channel-750,682052,30270424,30270429,5
channel-0,4037670,30270441,30270450,9
channel-85077,59659,30270449,30270459,10
channel-326,537592,30270453,30270460,7
channel-122,667816,30270471,30270475,4
channel-122,667817,30270473,30270477,4
channel-326,537593,30270473,30270483,10
channel-208,1489758,30270484,30270495,11
channel-85077,59660,30270489,30270499,10
channel-782,310123,30270491,30270496,5
channel-4,166867,30270492,30270555,63
channel-6994,1323665,30270500,30270514,14
channel-6994,1323666,30270508,30270520,12
channel-750,682053,30270511,30270521,10
channel-750,682054,30270514,30270520,6
channel-6994,1323667,30270517,30270536,19
channel-259,314224,30270534,30270540,6
channel-85077,59661,30270536,30270544,8
channel-874,292780,30270540,30270547,7
channel-326,537594,30270544,30270548,4
channel-2188,43565,30270548,30270553,5
channel-6994,1323668,30270550,30270562,12
channel-0,4037671,30270550,30270558,8
channel-6994,1323669,30270550,30270562,12
channel-6994,1323670,30270558,30270571,13
channel-89321,19380,30270561,30270570,9
channel-216,94165,30270570,30270588,18
channel-1,408250,30270572,30270599,27
channel-750,682055,30270572,30270577,5
channel-89321,19381,30270583,30270590,7
channel-782,310124,30270586,30270593,7
channel-6994,1323671,30270593,30270613,20
channel-204,670769,30270594,30270605,11
channel-0,4037672,30270597,30270608,11
channel-75,844907,30270599,30270605,6
channel-122,667818,30270613,30270617,4
channel-38946,124097,30270615,30270628,13
channel-750,682056,30270616,30270632,16
channel-79703,4419,30270659,30270671,12
channel-6994,1323672,30270669,30270682,13
channel-6994,1323673,30270679,30270709,30
channel-6994,1323674,30270681,30270704,23
channel-750,682057,30270718,30270729,11
channel-782,310125,30270720,30270724,4
channel-4,166868,30270724,30270746,22
channel-6994,1323675,30270732,30270742,10
channel-75,844908,30270742,30270748,6
channel-2494,31894,30270745,30270755,10
channel-6994,1323676,30270749,30270760,11
channel-208,1489759,30270753,30270765,12
channel-208,1489760,30270778,30270790,12
channel-0,4037673,30270788,30270795,7
channel-6787,166650,30270790,30270794,4
channel-0,4037674,30270794,30270806,12
channel-85791,3746,30270799,30270805,6
channel-0,4037675,30270800,30270806,6
channel-85077,59662,30270802,30270868,66
channel-750,682058,30270806,30270818,12
channel-208,1489761,30270807,30270819,12
channel-6994,1323677,30270811,30270825,14
channel-122,667819,30270814,30270818,4
channel-750,682059,30270816,30270821,5
channel-6787,166651,30270817,30270821,4
channel-782,310126,30270833,30270839,6
channel-874,292781,30270837,30270842,5
channel-6994,1323678,30270840,30270856,16
channel-750,682060,30270844,30270863,19
channel-75,844909,30270854,30270862,8
channel-750,682061,30270860,30270863,3
channel-782,310127,30270861,30270868,7
channel-208,1489762,30270861,30270873,12
channel-0,4037676,30270877,30270902,25
channel-251,85175,30270881,30270889,8
channel-0,4037677,30270884,30270898,14
channel-0,4037678,30270885,30270909,24
channel-750,682062,30270893,30270910,17
channel-6994,1323679,30270907,30270921,14
channel-341,3388,30270907,30270915,8
channel-0,4037679,30270920,30270940,20
channel-208,1489763,30270921,30270934,13
channel-0,4037680,30270922,30270946,24
channel-208,1489764,30270923,30270934,11
channel-122,667820,30270937,30270940,3
channel-6994,1323680,30270937,30270950,13
channel-89298,18621,30270939,30270949,10
channel-199,132611,30270940,30270953,13
channel-113,301307,30270942,30270988,46
channel-122,667821,30270946,30270950,4
channel-122,667822,30270959,30270963,4
channel-85077,59663,30270961,30270968,7
channel-412,64491,30270967,30270976,9
channel-6994,1323681,30270971,30270989,18
channel-4,166869,30270972,30270999,27
channel-85077,59664,30270978,30270987,9
channel-89321,19382,30270983,30271022,39
channel-208,1489765,30270989,30271000,11
channel-208,1489766,30270992,30271004,12
channel-0,4037681,30270992,30271005,13
channel-98130,82,30270999,30271014,15
channel-85077,59665,30271003,30271013,10
channel-6994,1323682,30271011,30271025,14
channel-2,130600,30271015,30271030,15
channel-85077,59666,30271019,30271028,9
channel-0,4037682,30271021,30271032,11
channel-108,39836,30271022,30271075,53
channel-6994,1323683,30271025,30271038,13
channel-326,537595,30271042,30271051,9
channel-750,682063,30271046,30271060,14
channel-122,667823,30271049,30271053,4
channel-208,1489767,30271063,30271073,10
channel-108,39837,30271064,30271075,11
channel-216,94166,30271068,30271176,108
channel-75,844910,30271072,30271077,5
channel-6994,1323684,30271085,30271100,15
channel-6994,1323685,30271090,30271119,29
channel-6994,1323686,30271091,30271105,14
channel-259,314225,30271102,30271108,6
channel-199,132612,30271103,30271114,11
channel-85077,59667,30271105,30271117,12
channel-2494,31895,30271111,30271121,10
channel-85077,59668,30271116,30271125,9
channel-750,682064,30271123,30271133,10
channel-412,64492,30271125,30271138,13
channel-6994,1323687,30271128,30271140,12
channel-0,4037683,30271129,30271141,12
channel-208,1489768,30271131,30271140,9
channel-6994,1323688,30271134,30271144,10
channel-204,670770,30271134,30271142,8
channel-326,537596,30271136,30271145,9
channel-326,537597,30271136,30271145,9
channel-326,537598,30271136,30271145,9
channel-326,537599,30271136,30271145,9
channel-326,537600,30271136,30271145,9
channel-750,682065,30271137,30271150,13
channel-6994,1323689,30271137,30271155,18
channel-750,682066,30271140,30271154,14
channel-0,4037684,30271145,30271157,12
channel-750,682067,30271151,30271208,57
channel-1,408251,30271153,30271162,9
channel-750,682068,30271158,30271165,7
channel-199,132613,30271159,30271167,8
channel-85077,59669,30271160,30271169,9
channel-85077,59670,30271164,30271170,6
channel-199,132614,30271171,30271180,9
channel-85077,59671,30271177,30271190,13
channel-79703,4420,30271180,30271191,11
channel-199,132615,30271183,30271191,8
channel-6994,1323690,30271186,30271195,9
channel-42,1489950,30271190,30271213,23
channel-0,4037685,30271193,30271203,10
channel-6994,1323691,30271196,30271211,15
channel-1,408252,30271215,30271234,19
channel-750,682069,30271216,30271230,14
channel-85077,59672,30271217,30271228,11
channel-0,4037686,30271222,30271242,20
channel-6994,1323692,30271238,30271258,20
channel-750,682070,30271241,30271254,13
channel-199,132616,30271248,30271260,12
channel-6994,1323693,30271248,30271261,13
channel-6994,1323694,30271259,30271268,9
channel-6994,1323695,30271260,30271268,8
channel-199,132617,30271264,30271275,11
channel-6994,1323696,30271283,30271293,10
channel-750,682071,30271289,30271293,4
channel-85077,59673,30271291,30271300,9
channel-750,682072,30271308,30271312,4
channel-199,132618,30271310,30271321,11
channel-6994,1323697,30271315,30271333,18
channel-326,537601,30271318,30271325,7
channel-199,132619,30271319,30271331,12
channel-75016,4579,30271320,30271340,20
channel-2494,31896,30271325,30271334,9
channel-143,128289,30271331,30271348,17
channel-75,844911,30271344,30271351,7
channel-6994,1323698,30271344,30271357,13
channel-0,4037687,30271348,30271356,8
channel-1634,6716,30271356,30271365,9
channel-6994,1323699,30271356,30271365,9
channel-0,4037688,30271362,30271373,11
channel-6994,1323700,30271364,30271374,10
channel-88,467082,30271364,30271376,12
channel-199,132620,30271365,30271380,15
channel-6994,1323701,30271368,30271380,12
channel-6994,1323702,30271375,30271385,10
channel-0,4037689,30271379,30271401,22
channel-89321,19383,30271383,30271389,6
channel-6994,1323703,30271383,30271393,10
channel-750,682073,30271383,30271394,11
channel-6897,5634,30271391,30271399,8
channel-199,132621,30271394,30271405,11
channel-6994,1323704,30271395,30271410,15
channel-199,132622,30271408,30271419,11
channel-0,4037690,30271433,30271444,11
channel-2,130601,30271436,30271447,11
channel-6994,1323705,30271440,30271454,14
channel-42,1489951,30271444,30271452,8
channel-326,537602,30271449,30271455,6
channel-85077,59674,30271449,30271460,11
channel-75,844912,30271451,30271462,11
channel-0,4037691,30271455,30271468,13
channel-6,66633,30271458,30271470,12
channel-6994,1323706,30271460,30271475,15
channel-6994,1323707,30271468,30271480,12
channel-0,4037692,30271472,30271481,9
channel-208,1489769,30271480,30271489,9
channel-75016,4580,30271484,30271501,17
channel-0,4037693,30271488,30271501,13
channel-0,4037694,30271491,30271514,23
channel-85077,59675,30271491,30271509,18
channel-85077,59676,30271495,30271504,9
channel-85077,59677,30271504,30271519,15
channel-85077,59678,30271507,30271519,12
channel-75,844913,30271509,30271516,7
channel-6994,1323708,30271512,30271523,11
channel-85077,59679,30271515,30271525,10
channel-6994,1323709,30271544,30271555,11
channel-85077,59680,30271546,30271555,9
channel-85077,59681,30271547,30271562,15
channel-6994,1323710,30271554,30271566,12
channel-85077,59682,30271563,30271577,14
channel-75016,4581,30271567,30271587,20
channel-85077,59683,30271573,30271587,14
channel-85077,59684,30271575,30271581,6
channel-6994,1323711,30271578,30271592,14
channel-75016,4582,30271581,30271600,19
channel-340,3170,30271589,30271601,12
channel-85077,59685,30271589,30271598,9
channel-75,844914,30271589,30271597,8
channel-6994,1323712,30271592,30271603,11
channel-2188,43566,30271593,30271597,4
channel-85077,59686,30271596,30271603,7
channel-85077,59687,30271600,30271619,19
channel-326,537603,30271612,30271619,7
channel-75016,4583,30271619,30271641,22
channel-2186,40766,30271622,30271636,14
channel-75016,4584,30271625,30271647,22
channel-1,408253,30271627,30271642,15
channel-6994,1323713,30271627,30271638,11
channel-75016,4585,30271629,30271647,18
channel-85077,59688,30271637,30271646,9
channel-85077,59689,30271637,30271646,9
channel-6994,1323714,30271646,30271655,9
channel-75016,4586,30271648,30271672,24
channel-6994,1323715,30271649,30271660,11
channel-750,682074,30271666,30271682,16
channel-6994,1323716,30271676,30271690,14
channel-6994,1323717,30271685,30271697,12
channel-208,1489770,30271688,30271701,13
channel-6994,1323718,30271690,30271702,12
channel-0,4037695,30271690,30271699,9
channel-0,4037696,30271694,30271704,10
channel-6994,1323719,30271699,30271712,13
channel-208,1489771,30271701,30271713,12
channel-6994,1323720,30271710,30271723,13
channel-75,844915,30271711,30271722,11
channel-122,667824,30271712,30271716,4
channel-642,126494,30271719,30271733,14
channel-6994,1323721,30271719,30271731,12
channel-1,408254,30271722,30271754,32
channel-0,4037697,30271726,30271738,12
channel-0,4037698,30271730,30271757,27
channel-750,682075,30271733,30271738,5
channel-750,682076,30271739,30271745,6
channel-75016,4587,30271747,30271768,21
channel-75016,4588,30271754,30271776,22
channel-75016,4589,30271755,30271776,21
channel-75,844916,30271755,30271763,8
channel-0,4037699,30271766,30271786,20
channel-75016,4590,30271774,30271791,17
channel-75016,4591,30271776,30271799,23
channel-0,4037700,30271776,30271786,10
channel-750,682077,30271778,30271783,5
channel-75016,4592,30271778,30271799,21
channel-75016,4593,30271780,30271799,19
channel-208,1489772,30271788,30271797,9
channel-113,301308,30271790,30271904,114
channel-412,64493,30271793,30271802,9
channel-2188,43567,30271796,30271800,4
channel-208,1489773,30271800,30271809,9
channel-0,4037701,30271804,30271815,11
channel-75016,4594,30271804,30271822,18
channel-75016,4595,30271805,30271822,17
channel-85077,59690,30271805,30271812,7
channel-75016,4596,30271805,30271822,17
channel-6994,1323722,30271806,30271816,10
channel-0,4037702,30271809,30271831,22
channel-42,1489952,30271810,30271817,7
channel-85077,59691,30271814,30271824,10
channel-2188,43568,30271815,30271820,5
channel-85077,59692,30271815,30271830,15
channel-75016,4597,30271815,30271840,25
channel-750,682078,30271817,30271840,23
channel-783,104208,30271817,30271826,9
channel-412,64494,30271819,30271829,10
channel-6994,1323723,30271827,30271841,14
channel-2186,40767,30271829,30271841,12
channel-2188,43569,30271837,30271841,4
channel-94814,3747,30271837,30271849,12
channel-0,4037703,30271842,30271855,13
channel-0,4037704,30271845,30271872,27
channel-75016,4598,30271846,30271865,19
channel-0,4037705,30271848,30271867,19
channel-85077,59693,30271849,30271861,12
channel-6994,1323724,30271856,30271869,13
channel-85077,59694,30271856,30271864,8
channel-85077,59695,30271859,30271867,8
channel-2188,43570,30271860,30271864,4
channel-85077,59696,30271863,30271870,7
channel-6994,1323725,30271876,30271887,11
channel-6994,1323726,30271877,30271887,10
channel-199,132623,30271880,30271890,10
channel-2188,43571,30271882,30271887,5
channel-6994,1323727,30271883,30271892,9
channel-0,4037706,30271888,30271906,18
channel-6994,1323728,30271904,30271914,10
channel-75016,4599,30271907,30271922,15
channel-6994,1323729,30271909,30271922,13
channel-85077,59697,30271910,30271918,8
channel-1,408255,30271912,30271921,9
channel-0,4037707,30271917,30271928,11
channel-85077,59698,30271917,30271927,10
channel-0,4037708,30271919,30271944,25
channel-75016,4600,30271920,30271937,17
channel-6994,1323730,30271921,30271930,9
channel-75016,4601,30271924,30271944,20
channel-6994,1323731,30271928,30271940,12
channel-750,682079,30271932,30271936,4
channel-75016,4602,30271932,30271960,28
channel-0,4037709,30271933,30271944,11
channel-0,4037710,30271934,30271944,10
channel-75,844917,30271934,30271944,10
channel-750,682080,30271935,30271940,5
channel-76971,12232,30271936,30271960,24
channel-0,4037711,30271939,30271953,14
channel-750,682081,30271942,30271952,10
channel-750,682082,30271944,30271955,11
channel-208,1489774,30271944,30271957,13
channel-75016,4603,30271947,30271967,20
channel-208,1489775,30271948,30271961,13
channel-6994,1323732,30271952,30271962,10
channel-6994,1323733,30271953,30271962,9
channel-750,682083,30271953,30271966,13
channel-750,682084,30271960,30271966,6
channel-0,4037712,30271972,30271999,27
channel-89298,18622,30271972,30271980,8
channel-6994,1323734,30271976,30271988,12
channel-21113,25302,30271976,30271986,10
channel-2494,31897,30271976,30271987,11
channel-340,3171,30271978,30271988,10
channel-750,682085,30271991,30271996,5
channel-6994,1323735,30271998,30272013,15
channel-750,682086,30272000,30272006,6
channel-75,844918,30272001,30272009,8
channel-208,1489776,30272002,30272016,14
channel-0,4037713,30272012,30272025,13
channel-85077,59699,30272016,30272027,11
channel-6994,1323736,30272020,30272030,10
channel-0,4037714,30272034,30272043,9
channel-874,292782,30272035,30272039,4
channel-767,14360,30272037,30272047,10
channel-85077,59700,30272038,30272047,9
channel-208,1489777,30272039,30272049,10
channel-75016,4604,30272044,30272065,21
channel-0,4037715,30272067,30272078,11
channel-0,4037716,30272067,30272078,11
channel-6994,1323737,30272075,30272089,14
channel-767,14361,30272075,30272084,9
channel-6994,1323738,30272077,30272093,16
channel-750,682087,30272078,30272083,5
channel-0,4037717,30272081,30272091,10
channel-259,314226,30272087,30272093,6
channel-19774,345835,30272091,30272105,14
channel-75016,4605,30272096,30272114,18
channel-85077,59701,30272106,30272116,10
channel-0,4037718,30272107,30272116,9
channel-750,682088,30272111,30272121,10
channel-122,667825,30272111,30272115,4
channel-75016,4606,30272117,30272132,15
channel-0,4037719,30272122,30272130,8
channel-143,128290,30272123,30272144,21
channel-85077,59702,30272136,30272149,13
channel-85077,59703,30272147,30272154,7
channel-1,408256,30272148,30272164,16
channel-72,516408,30272155,30272188,33
channel-208,1489778,30272158,30272169,11
channel-208,1489779,30272172,30272186,14
channel-2188,43572,30272173,30272177,4
channel-0,4037720,30272175,30272200,25
channel-42,1489953,30272175,30272181,6
channel-750,682089,30272175,30272204,29
channel-6994,1323739,30272176,30272192,16
channel-0,4037721,30272179,30272191,12
channel-75,844919,30272189,30272196,7
channel-2188,43573,30272196,30272201,5
channel-750,682090,30272196,30272202,6
channel-21113,25303,30272202,30272208,6
channel-75016,4607,30272205,30272225,20
channel-750,682091,30272211,30272225,14
channel-783,104209,30272211,30272215,4
channel-6994,1323740,30272215,30272230,15
channel-2188,43574,30272222,30272226,4
channel-0,4037722,30272224,30272245,21
channel-0,4037723,30272231,30272243,12
channel-144,86677,30272231,30272240,9
channel-0,4037724,30272238,30272245,7
