channel_id,sequence,send_height,ack_height,block_delay
channel-208,1489019,30190000,30190017,17
channel-122,667379,30190003,30190006,3
channel-85077,58738,30190014,30190026,12
channel-750,680505,30190016,30190030,14
channel-0,4035524,30190020,30190026,6
channel-750,680506,30190040,30190057,17
channel-0,4035525,30190050,30190061,11
channel-6994,1322343,30190050,30190064,14
channel-85077,58739,30190063,30190078,15
channel-0,4035526,30190065,30190073,8
channel-85077,58740,30190071,30190078,7
channel-6787,166548,30190084,30190088,4
channel-6994,1322344,30190107,30190114,7
channel-0,4035527,30190111,30190123,12
channel-0,4035528,30190140,30190152,12
channel-1429,140615,30190140,30190152,12
channel-320,119098,30190143,30190168,25
channel-208,1489020,30190144,30190156,12
channel-85077,58741,30190146,30190156,10
channel-750,680507,30190146,30190161,15
channel-208,1489021,30190147,30190156,9
channel-750,680508,30190150,30190153,3
channel-750,680509,30190152,30190168,16
channel-320,119099,30190173,30190183,10
channel-320,119100,30190184,30190197,13
channel-750,680510,30190185,30190195,10
channel-320,119101,30190190,30190211,21
channel-6994,1322345,30190212,30190232,20
channel-122,667380,30190214,30190217,3
channel-320,119102,30190219,30190230,11
channel-320,119103,30190233,30190242,9
channel-208,1489022,30190236,30190244,8
channel-340,3122,30190238,30190244,6
channel-42,1489751,30190239,30190246,7
channel-320,119104,30190240,30190312,72
channel-750,680511,30190244,30190249,5
channel-85077,58742,30190244,30190257,13
channel-89298,18522,30190246,30190255,9
channel-75755,5516,30190247,30190261,14
channel-750,680512,30190254,30190259,5
channel-208,1489023,30190259,30190270,11
channel-750,680513,30190266,30190280,14
channel-208,1489024,30190266,30190279,13
channel-122,667381,30190268,30190272,4
channel-85077,58743,30190271,30190289,18
channel-85077,58744,30190292,30190322,30
channel-85077,58745,30190296,30190322,26
channel-208,1489025,30190296,30190305,9
channel-874,292212,30190299,30190305,6
channel-85077,58746,30190299,30190322,23
channel-122,667382,30190301,30190304,3
channel-91017,2667,30190308,30190317,9
channel-326,537228,30190327,30190354,27
channel-199,132424,30190333,30190348,15
channel-199,132425,30190335,30190348,13
channel-750,680514,30190339,30190344,5
channel-208,1489026,30190351,30190364,13
channel-199,132426,30190356,30190371,15
channel-208,1489027,30190378,30190389,11
channel-122,667383,30190384,30190387,3
channel-85077,58747,30190395,30190425,30
channel-750,680515,30190398,30190402,4
channel-208,1489028,30190401,30190412,11
channel-85077,58748,30190402,30190425,23
channel-1575,15154,30190434,30190443,9
channel-91017,2668,30190438,30190446,8
channel-89321,19275,30190449,30190459,10
channel-85077,58749,30190452,30190478,26
channel-91017,2669,30190460,30190469,9
channel-1575,15155,30190461,30190469,8
channel-85077,58750,30190479,30190511,32
channel-89321,19276,30190483,30190490,7
channel-72,516360,30190483,30190527,44
channel-144,86663,30190492,30190501,9
channel-122,667384,30190492,30190496,4
channel-76971,12195,30190492,30190514,22
channel-85077,58751,30190500,30190511,11
channel-340,3123,30190500,30190505,5
channel-0,4035529,30190500,30190512,12
channel-320,119105,30190509,30190517,8
channel-85077,58752,30190516,30190542,26
channel-91017,2670,30190524,30190530,6
channel-19774,345627,30190529,30190542,13
channel-6994,1322346,30190530,30190557,27
channel-6994,1322347,30190532,30190542,10
channel-1575,15156,30190547,30190557,10
channel-1424,7326,30190555,30190565,10
channel-85077,58753,30190555,30190575,20
channel-85077,58754,30190562,30190575,13
channel-412,64365,30190566,30190615,49
channel-91017,2671,30190566,30190575,9
channel-750,680516,30190586,30190598,12
channel-20082,9850,30190598,30190607,9
channel-340,3124,30190604,30190614,10
channel-85077,58755,30190622,30190630,8
channel-750,680517,30190623,30190629,6
channel-204,670680,30190624,30190636,12
channel-91017,2672,30190631,30190641,10
channel-320,119106,30190638,30190647,9
channel-750,680518,30190642,30190658,16
channel-208,1489029,30190647,30190655,8
channel-85077,58756,30190657,30190682,25
channel-1429,140616,30190658,30190663,5
channel-181,13576,30190662,30190676,14
channel-6994,1322348,30190667,30190680,13
channel-85077,58757,30190678,30190715,37
channel-204,670681,30190682,30190695,13
channel-208,1489030,30190683,30190693,10
channel-412,64366,30190683,30190692,9
channel-85077,58758,30190694,30190715,21
channel-75,844419,30190697,30190702,5
channel-750,680519,30190700,30190712,12
channel-88,466965,30190700,30190711,11
channel-75,844420,30190715,30190725,10
channel-6994,1322349,30190727,30190744,17
channel-326,537229,30190729,30190753,24
channel-88,466966,30190733,30190744,11
channel-0,4035530,30190745,30190752,7
channel-1429,140617,30190746,30190755,9
channel-85077,58759,30190784,30190792,8
channel-89321,19277,30190785,30190796,11
channel-750,680520,30190798,30190802,4
channel-85077,58760,30190802,30190824,22
channel-750,680521,30190813,30190828,15
channel-208,1489031,30190814,30190831,17
channel-750,680522,30190824,30190829,5
channel-0,4035531,30190824,30190836,12
channel-85077,58761,30190846,30190856,10
channel-1429,140618,30190848,30190864,16
channel-75,844421,30190850,30190856,6
channel-320,119107,30190854,30190903,49
channel-750,680523,30190858,30190863,5
channel-85077,58762,30190868,30190887,19
channel-0,4035532,30190873,30190884,11
channel-75,844422,30190884,30190890,6
channel-642,126454,30190888,30190952,64
channel-208,1489032,30190892,30190902,10
channel-6994,1322350,30190894,30190904,10
channel-259,314101,30190898,30190904,6
channel-95,331584,30190902,30190917,15
channel-94814,3669,30190918,30190930,12
channel-6994,1322351,30190921,30190933,12
channel-75,844423,30190922,30190929,7
channel-122,667385,30190930,30190934,4
channel-6994,1322352,30190936,30190946,10
channel-1,407979,30190938,30190965,27
channel-783,104125,30190940,30190948,8
channel-85077,58763,30190941,30190964,23
channel-85077,58764,30190941,30190964,23
channel-750,680524,30190946,30190951,5
channel-85077,58765,30190955,30190964,9
channel-259,314102,30190964,30190971,7
channel-6994,1322353,30190972,30190983,11
channel-208,1489033,30190974,30190986,12
channel-750,680525,30190974,30190985,11
channel-259,314103,30190976,30190982,6
channel-85077,58766,30190979,30190996,17
channel-1429,140619,30190995,30191002,7
channel-750,680526,30191001,30191015,14
channel-1279,67096,30191001,30191015,14
channel-258,17747,30191002,30191016,14
channel-85077,58767,30191009,30191023,14
channel-85077,58768,30191009,30191023,14
channel-85077,58769,30191020,30191057,37
channel-122,667386,30191034,30191038,4
channel-6994,1322354,30191036,30191074,38
channel-122,667387,30191038,30191043,5
channel-122,667388,30191038,30191043,5
channel-75,844424,30191043,30191050,7
channel-208,1489034,30191051,30191063,12
channel-258,17748,30191051,30191063,12
channel-208,1489035,30191058,30191066,8
channel-258,17749,30191068,30191080,12
channel-6994,1322355,30191093,30191114,21
channel-6994,1322356,30191099,30191109,10
channel-0,4035533,30191107,30191120,13
channel-750,680527,30191119,30191124,5
channel-208,1489036,30191123,30191133,10
channel-326,537230,30191123,30191147,24
channel-208,1489037,30191124,30191133,9
channel-85077,58770,30191125,30191160,35
channel-251,85102,30191128,30191138,10
channel-1575,15157,30191136,30191143,7
channel-0,4035534,30191139,30191151,12
channel-6994,1322357,30191150,30191163,13
channel-122,667389,30191153,30191156,3
channel-75,844425,30191156,30191165,9
channel-122,667390,30191162,30191165,3
channel-122,667391,30191170,30191174,4
channel-750,680528,30191176,30191195,19
channel-75,844426,30191192,30191199,7
channel-412,64367,30191194,30191206,12
channel-874,292213,30191212,30191217,5
channel-75,844427,30191217,30191222,5
channel-874,292214,30191220,30191225,5
channel-874,292215,30191231,30191240,9
channel-750,680529,30191241,30191249,8
channel-874,292216,30191260,30191277,17
channel-874,292217,30191266,30191276,10
channel-783,104126,30191268,30191274,6
channel-122,667392,30191276,30191279,3
channel-0,4035535,30191276,30191282,6
channel-6994,1322358,30191281,30191295,14
channel-6994,1322359,30191286,30191300,14
channel-75,844428,30191289,30191296,7
channel-783,104127,30191292,30191298,6
channel-94814,3670,30191326,30191336,10
channel-750,680530,30191335,30191342,7
channel-750,680531,30191335,30191349,14
channel-2188,43382,30191336,30191341,5
channel-0,4035536,30191337,30191348,11
channel-0,4035537,30191343,30191399,56
channel-6994,1322360,30191347,30191358,11
channel-1429,140620,30191349,30191357,8
channel-750,680532,30191352,30191366,14
channel-2188,43383,30191361,30191364,3
channel-0,4035538,30191362,30191374,12
channel-91017,2673,30191362,30191371,9
channel-0,4035539,30191363,30191374,11
channel-0,4035540,30191363,30191374,11
channel-0,4035541,30191364,30191374,10
channel-750,680533,30191370,30191375,5
channel-75,844429,30191380,30191386,6
channel-208,1489038,30191388,30191401,13
channel-85077,58771,30191407,30191428,21
channel-783,104128,30191414,30191444,30
channel-85077,58772,30191414,30191428,14
channel-0,4035542,30191430,30191442,12
channel-783,104129,30191434,30191445,11
channel-6994,1322361,30191452,30191464,12
channel-94814,3671,30191459,30191467,8
channel-1575,15158,30191459,30191470,11
channel-0,4035543,30191484,30191499,15
channel-208,1489039,30191504,30191512,8
channel-1,407980,30191513,30191541,28
channel-326,537231,30191530,30191549,19
channel-94814,3672,30191543,30191560,17
channel-6994,1322362,30191550,30191576,26
channel-85077,58773,30191551,30191579,28
channel-6994,1322363,30191552,30191566,14
channel-75,844430,30191561,30191569,8
channel-38946,123937,30191577,30191588,11
channel-1279,67097,30191584,30191614,30
channel-2186,40738,30191593,30191607,14
channel-0,4035544,30191639,30191649,10
channel-783,104130,30191655,30191667,12
channel-85077,58774,30191664,30191683,19
channel-412,64368,30191665,30191676,11
channel-91017,2674,30191667,30191675,8
channel-750,680534,30191669,30191690,21
channel-91017,2675,30191682,30191692,10
channel-199,132427,30191696,30191708,12
channel-0,4035545,30191698,30191711,13
channel-91017,2676,30191699,30191709,10
channel-122,667393,30191701,30191704,3
channel-6994,1322364,30191703,30191715,12
channel-199,132428,30191709,30191723,14
channel-0,4035546,30191710,30191717,7
channel-0,4035547,30191711,30191717,6
channel-199,132429,30191714,30191723,9
channel-6994,1322365,30191715,30191728,13
channel-85077,58775,30191715,30191734,19
channel-1279,67098,30191721,30191767,46
channel-216,93988,30191730,30191735,5
channel-85077,58776,30191740,30191765,25
channel-750,680535,30191744,30191749,5
channel-1279,67099,30191745,30191791,46
channel-85077,58777,30191746,30191765,19
channel-208,1489040,30191754,30191765,11
channel-38946,123938,30191757,30191768,11
channel-1279,67100,30191764,30191796,32
channel-72,516361,30191790,30191821,31
channel-0,4035548,30191790,30191814,24
channel-42,1489752,30191791,30191805,14
channel-0,4035549,30191792,30191818,26
channel-208,1489041,30191797,30191806,9
channel-259,314104,30191801,30191809,8
channel-874,292218,30191802,30191811,9
channel-750,680536,30191813,30191823,10
channel-208,1489042,30191819,30191827,8
channel-208,1489043,30191820,30191831,11
channel-6994,1322366,30191830,30191842,12
channel-750,680537,30191837,30191846,9
channel-89298,18523,30191844,30191854,10
channel-199,132430,30191847,30191858,11
channel-229,54982,30191854,30191867,13
channel-85077,58778,30191856,30191871,15
channel-783,104131,30191860,30191870,10
channel-326,537232,30191861,30192211,350
channel-326,537233,30191861,30192211,350
channel-326,537234,30191861,30192211,350
channel-326,537235,30191861,30192211,350
channel-326,537236,30191861,30192211,350
channel-0,4035550,30191861,30191888,27
channel-750,680538,30191863,30191868,5
channel-91017,2677,30191865,30191874,9
channel-6994,1322367,30191870,30191881,11
channel-122,667394,30191880,30191884,4
channel-2188,43384,30191883,30191888,5
channel-750,680539,30191883,30191888,5
channel-750,680540,30191893,30191905,12
channel-208,1489044,30191896,30191905,9
channel-750,680541,30191896,30191913,17
channel-874,292219,30191897,30191903,6
channel-2188,43385,30191897,30191902,5
channel-2188,43386,30191907,30191912,5
channel-258,17750,30191910,30191922,12
channel-2188,43387,30191915,30191919,4
channel-750,680542,30191919,30191923,4
channel-783,104132,30191935,30191944,9
channel-91017,2678,30191937,30191946,9
channel-2188,43388,30191938,30191943,5
channel-0,4035551,30191944,30191955,11
channel-208,1489045,30191947,30191957,10
channel-2188,43389,30191953,30191958,5
channel-2188,43390,30191961,30191970,9
channel-0,4035552,30191963,30191972,9
channel-783,104133,30191965,30191973,8
channel-0,4035553,30191968,30191977,9
channel-85077,58779,30191973,30191990,17
channel-85077,58780,30191977,30191990,13
channel-2188,43391,30191979,30191985,6
channel-642,126455,30191987,30192138,151
channel-6994,1322368,30191990,30192007,17
channel-208,1489046,30192004,30192015,11
channel-85077,58781,30192009,30192025,16
channel-6994,1322369,30192012,30192027,15
channel-0,4035554,30192014,30192027,13
channel-208,1489047,30192015,30192025,10
channel-750,680543,30192022,30192034,12
channel-750,680544,30192025,30192030,5
channel-85077,58782,30192035,30192055,20
channel-91017,2679,30192035,30192043,8
channel-750,680545,30192049,30192054,5
channel-85077,58783,30192056,30192082,26
channel-143,128195,30192066,30192075,9
channel-4,166728,30192068,30192116,48
channel-0,4035555,30192078,30192089,11
channel-2494,31824,30192078,30192089,11
channel-73755,5811,30192084,30192094,10
channel-85077,58784,30192089,30192110,21
channel-95,331585,30192090,30192111,21
channel-6994,1322370,30192097,30192105,8
channel-326,537237,30192136,30192157,21
channel-522,40400,30192137,30192147,10
channel-0,4035556,30192138,30192149,11
channel-0,4035557,30192148,30192159,11
channel-85077,58785,30192159,30192189,30
channel-94814,3673,30192164,30192173,9
channel-75,844431,30192174,30192183,9
channel-85077,58786,30192182,30192220,38
channel-75,844432,30192184,30192193,9
channel-199,132431,30192196,30192206,10
channel-0,4035558,30192196,30192204,8
channel-6994,1322371,30192206,30192314,108
channel-122,667395,30192214,30192217,3
channel-122,667396,30192225,30192229,4
channel-750,680546,30192231,30192244,13
channel-89298,18524,30192254,30192265,11
channel-122,667397,30192256,30192260,4
channel-6994,1322372,30192264,30192277,13
channel-85077,58787,30192266,30192274,8
channel-0,4035559,30192272,30192281,9
channel-208,1489048,30192281,30192293,12
channel-750,680547,30192285,30192298,13
channel-88,466967,30192308,30192321,13
channel-208,1489049,30192313,30192322,9
channel-122,667398,30192344,30192347,3
channel-6787,166549,30192363,30192368,5
channel-122,667399,30192364,30192367,3
channel-0,4035560,30192368,30192380,12
channel-19774,345628,30192372,30192382,10
channel-750,680548,30192373,30192389,16
channel-208,1489050,30192377,30192389,12
channel-259,314105,30192401,30192406,5
channel-143,128196,30192408,30192434,26
channel-85077,58788,30192421,30192447,26
channel-208,1489051,30192426,30192442,16
channel-0,4035561,30192439,30192450,11
channel-6994,1322373,30192444,30192475,31
channel-85077,58789,30192448,30192479,31
channel-0,4035562,30192453,30192464,11
channel-1575,15159,30192456,30192466,10
channel-0,4035563,30192474,30192483,9
channel-143,128197,30192480,30192518,38
channel-750,680549,30192490,30192515,25
channel-19774,345629,30192497,30192510,13
channel-6994,1322374,30192507,30192570,63
channel-19774,345630,30192514,30192525,11
channel-750,680550,30192520,30192536,16
channel-122,667400,30192527,30192530,3
channel-208,1489052,30192530,30192552,22
channel-91017,2680,30192531,30192541,10
channel-0,4035564,30192533,30192546,13
channel-874,292220,30192548,30192558,10
channel-1,407981,30192551,30192562,11
channel-750,680551,30192565,30192579,14
channel-326,537238,30192576,30192596,20
channel-0,4035565,30192582,30192591,9
channel-874,292221,30192586,30192592,6
channel-0,4035566,30192612,30192625,13
channel-19774,345631,30192630,30192640,10
channel-0,4035567,30192635,30192644,9
channel-6994,1322375,30192644,30192657,13
channel-95,331586,30192648,30192664,16
channel-0,4035568,30192663,30192671,8
channel-208,1489053,30192668,30192677,9
channel-750,680552,30192677,30192691,14
channel-1429,140621,30192685,30192696,11
channel-0,4035569,30192696,30192707,11
channel-199,132432,30192704,30192716,12
channel-208,1489054,30192707,30192716,9
channel-750,680553,30192710,30192725,15
channel-1,407982,30192717,30192737,20
channel-208,1489055,30192721,30192733,12
channel-0,4035570,30192725,30192734,9
channel-19774,345632,30192727,30192739,12
channel-19774,345633,30192733,30192744,11
channel-874,292222,30192734,30192739,5
channel-782,309999,30192735,30192742,7
channel-0,4035571,30192742,30192753,11
channel-6994,1322376,30192744,30192772,28
channel-6994,1322377,30192749,30192781,32
channel-19774,345634,30192749,30192758,9
channel-122,667401,30192765,30192768,3
channel-0,4035572,30192771,30192781,10
channel-19774,345635,30192774,30192783,9
channel-6994,1322378,30192780,30192812,32
channel-0,4035573,30192789,30192801,12
channel-6994,1322379,30192790,30192802,12
channel-91017,2681,30192796,30192804,8
channel-6994,1322380,30192809,30192824,15
channel-122,667402,30192830,30192834,4
channel-6994,1322381,30192832,30192841,9
channel-85077,58790,30192837,30192850,13
channel-85077,58791,30192844,30192882,38
channel-6787,166550,30192845,30192849,4
channel-208,1489056,30192869,30192881,12
channel-85077,58792,30192876,30192913,37
channel-1,407983,30192879,30192927,48
channel-0,4035574,30192883,30192890,7
channel-0,4035575,30192888,30192901,13
channel-0,4035576,30192914,30192924,10
channel-208,1489057,30192916,30192927,11
channel-75,844433,30192919,30192928,9
channel-750,680554,30192936,30192948,12
channel-0,4035577,30192946,30192954,8
channel-750,680555,30192948,30192957,9
channel-874,292223,30192950,30192956,6
channel-750,680556,30192957,30192965,8
channel-85077,58793,30192959,30192966,7
channel-326,537239,30192963,30192983,20
channel-0,4035578,30192971,30192978,7
channel-85077,58794,30193010,30193020,10
channel-874,292224,30193011,30193016,5
channel-750,680557,30193020,30193025,5
channel-0,4035579,30193030,30193060,30
channel-2494,31825,30193044,30193057,13
channel-750,680558,30193049,30193054,5
channel-85077,58795,30193054,30193077,23
channel-143,128198,30193056,30193066,10
channel-874,292225,30193056,30193062,6
channel-6994,1322382,30193074,30193090,16
channel-85077,58796,30193074,30193108,34
channel-6994,1322383,30193079,30193090,11
channel-874,292226,30193079,30193087,8
channel-783,104134,30193084,30193095,11
channel-143,128199,30193089,30193121,32
channel-782,310000,30193094,30193098,4
channel-216,93989,30193104,30193111,7
channel-85077,58797,30193105,30193139,34
channel-85077,58798,30193122,30193139,17
channel-143,128200,30193126,30193156,30
channel-874,292227,30193132,30193139,7
channel-0,4035580,30193135,30193143,8
channel-199,132433,30193144,30193154,10
channel-874,292228,30193149,30193155,6
channel-874,292229,30193149,30193155,6
channel-122,667403,30193151,30193154,3
channel-1575,15160,30193152,30193160,8
channel-750,680559,30193159,30193172,13
channel-85077,58799,30193171,30193199,28
channel-6994,1322384,30193172,30193207,35
channel-0,4035581,30193184,30193192,8
channel-88,466968,30193184,30193197,13
channel-0,4035582,30193197,30193210,13
channel-750,680560,30193207,30193217,10
channel-208,1489058,30193210,30193220,10
channel-1,407984,30193214,30193235,21
channel-85077,58800,30193217,30193231,14
channel-6787,166551,30193218,30193223,5
channel-0,4035583,30193219,30193230,11
channel-0,4035584,30193232,30193244,12
channel-476,11794,30193240,30193252,12
channel-0,4035585,30193266,30193275,9
channel-750,680561,30193268,30193280,12
channel-0,4035586,30193269,30193280,11
channel-19774,345636,30193275,30193286,11
channel-208,1489059,30193276,30193294,18
channel-0,4035587,30193278,30193290,12
channel-85077,58801,30193283,30193312,29
channel-6787,166552,30193288,30193293,5
channel-6994,1322385,30193310,30193321,11
channel-750,680562,30193312,30193330,18
channel-216,93990,30193312,30193316,4
channel-208,1489060,30193326,30193338,12
channel-6994,1322386,30193329,30193340,11
channel-85077,58802,30193339,30193366,27
channel-0,4035588,30193349,30193359,10
channel-783,104135,30193356,30193363,7
channel-326,537240,30193362,30193383,21
channel-0,4035589,30193373,30193382,9
channel-122,667404,30193378,30193382,4
channel-122,667405,30193395,30193399,4
channel-750,680563,30193421,30193425,4
channel-38,11683,30193423,30193436,13
channel-1,407985,30193443,30193453,10
channel-642,126456,30193458,30193524,66
channel-6994,1322387,30193467,30193479,12
channel-91017,2682,30193483,30193491,8
channel-1575,15161,30193488,30193501,13
channel-85077,58803,30193494,30193521,27
channel-85077,58804,30193504,30193521,17
channel-6994,1322388,30193507,30193520,13
channel-750,680564,30193512,30193517,5
channel-122,667406,30193514,30193518,4
channel-91017,2683,30193519,30193527,8
channel-0,4035590,30193521,30193530,9
channel-208,1489061,30193524,30193534,10
channel-1575,15162,30193525,30193533,8
channel-91017,2684,30193532,30193541,9
channel-208,1489062,30193534,30193546,12
channel-6994,1322389,30193542,30193575,33
channel-6787,166553,30193554,30193558,4
channel-0,4035591,30193555,30193580,25
channel-199,132434,30193561,30193570,9
channel-1,407986,30193570,30193590,20
channel-0,4035592,30193570,30193580,10
channel-143,128201,30193586,30193625,39
channel-0,4035593,30193589,30193599,10
channel-0,4035594,30193593,30193603,10
channel-6994,1322390,30193595,30193606,11
channel-6994,1322391,30193619,30193639,20
channel-199,132435,30193642,30193653,11
channel-8945,17733,30193647,30193664,17
channel-750,680565,30193651,30193675,24
channel-6994,1322392,30193654,30193687,33
channel-874,292230,30193662,30193668,6
channel-143,128202,30193667,30193695,28
channel-85077,58805,30193667,30193697,30
channel-750,680566,30193683,30193700,17
channel-6994,1322393,30193692,30193704,12
channel-1,407987,30193702,30193744,42
channel-782,310001,30193704,30193709,5
channel-85077,58806,30193710,30193726,16
channel-122,667407,30193713,30193716,3
channel-2494,31826,30193713,30193726,13
channel-0,4035595,30193720,30193731,11
channel-208,1489063,30193737,30193747,10
channel-326,537241,30193743,30193762,19
channel-122,667408,30193744,30193747,3
channel-783,104136,30193747,30193761,14
channel-0,4035596,30193748,30193758,10
channel-0,4035597,30193748,30193758,10
channel-1,407988,30193750,30193774,24
channel-122,667409,30193752,30193755,3
channel-0,4035598,30193758,30193766,8
channel-0,4035599,30193770,30193780,10
channel-0,4035600,30193770,30193796,26
channel-122,667410,30193771,30193775,4
channel-750,680567,30193772,30193813,41
channel-750,680568,30193773,30193783,10
channel-750,680569,30193774,30193780,6
channel-326,537242,30193801,30193828,27
channel-750,680570,30193808,30193824,16
channel-208,1489064,30193814,30193827,13
channel-0,4035601,30193821,30193829,8
channel-2494,31827,30193827,30193840,13
channel-750,680571,30193830,30193846,16
channel-1,407989,30193835,30193853,18
channel-1279,67101,30193848,30193857,9
channel-89321,19278,30193849,30193861,12
channel-750,680572,30193849,30193854,5
channel-199,132436,30193856,30193866,10
channel-0,4035602,30193857,30193868,11
channel-6994,1322394,30193866,30193877,11
channel-72,516362,30193877,30193920,43
channel-6994,1322395,30193885,30193896,11
channel-0,4035603,30193890,30193901,11
channel-6994,1322396,30193893,30193907,14
channel-199,132437,30193921,30193930,9
channel-1,407990,30193948,30193963,15
channel-251,85103,30193968,30193978,10
channel-122,667411,30193971,30193974,3
channel-75,844434,30193976,30193984,8
channel-72,516363,30193988,30194036,48
channel-89321,19279,30193992,30194001,9
channel-750,680573,30193995,30194007,12
channel-750,680574,30194001,30194025,24
channel-85077,58807,30194014,30194030,16
channel-750,680575,30194020,30194025,5
channel-750,680576,30194023,30194038,15
channel-85077,58808,30194023,30194030,7
channel-1575,15163,30194025,30194034,9
channel-75755,5517,30194050,30194062,12
channel-0,4035604,30194054,30194067,13
channel-91017,2685,30194056,30194065,9
channel-199,132438,30194066,30194076,10
channel-750,680577,30194067,30194080,13
channel-143,128203,30194068,30194097,29
channel-750,680578,30194070,30194081,11
channel-88,466969,30194084,30194110,26
channel-85077,58809,30194088,30194117,29
channel-0,4035605,30194096,30194106,10
channel-750,680579,30194097,30194108,11
channel-6994,1322397,30194098,30194113,15
channel-0,4035606,30194103,30194115,12
channel-143,128204,30194106,30194135,29
channel-122,667412,30194106,30194111,5
channel-85077,58810,30194112,30194146,34
channel-0,4035607,30194129,30194138,9
channel-232,49167,30194133,30194143,10
channel-6994,1322398,30194133,30194148,15
channel-208,1489065,30194138,30194151,13
channel-122,667413,30194156,30194159,3
channel-85077,58811,30194165,30194176,11
channel-750,680580,30194173,30194187,14
channel-91017,2686,30194173,30194183,10
channel-89321,19280,30194173,30194182,9
channel-199,132439,30194177,30194186,9
channel-6994,1322399,30194186,30194213,27
channel-750,680581,30194189,30194194,5
channel-122,667414,30194200,30194204,4
channel-750,680582,30194204,30194209,5
channel-91017,2687,30194209,30194216,7
channel-208,1489066,30194215,30194224,9
channel-85077,58812,30194245,30194264,19
channel-199,132440,30194257,30194270,13
channel-320,119108,30194264,30194273,9
channel-0,4035608,30194272,30194296,24
channel-113,301240,30194275,30194283,8
channel-6994,1322400,30194284,30194298,14
channel-750,680583,30194285,30194289,4
channel-874,292231,30194293,30194300,7
channel-199,132441,30194305,30194321,16
channel-750,680584,30194315,30194348,33
channel-412,64369,30194324,30194336,12
channel-750,680585,30194330,30194336,6
channel-326,537243,30194333,30194342,9
channel-412,64370,30194336,30194346,10
channel-750,680586,30194348,30194366,18
channel-89321,19281,30194355,30194374,19
channel-199,132442,30194355,30194364,9
channel-208,1489067,30194359,30194369,10
channel-320,119109,30194364,30194396,32
channel-89321,19282,30194373,30194384,11
channel-326,537244,30194374,30194394,20
channel-85077,58813,30194402,30194420,18
channel-75,844435,30194411,30194419,8
channel-199,132443,30194421,30194429,8
channel-143,128205,30194422,30194464,42
channel-169,117524,30194423,30194437,14
channel-1429,140622,30194429,30194440,11
channel-19774,345637,30194453,30194462,9
channel-6994,1322401,30194462,30194475,13
channel-75,844436,30194496,30194502,6
channel-89298,18525,30194496,30194509,13
channel-0,4035609,30194504,30194517,13
channel-750,680587,30194514,30194518,4
channel-85077,58814,30194518,30194529,11
channel-85077,58815,30194518,30194529,11
channel-85077,58816,30194524,30194564,40
channel-85077,58817,30194531,30194564,33
channel-122,667415,30194534,30194537,3
channel-38946,123939,30194541,30194558,17
channel-199,132444,30194543,30194553,10
channel-199,132445,30194566,30194584,18
channel-122,667416,30194571,30194575,4
channel-144,86664,30194571,30194583,12
channel-320,119110,30194575,30194636,61
channel-5,184154,30194584,30194593,9
channel-75,844437,30194594,30194602,8
channel-750,680588,30194596,30194603,7
channel-79703,4389,30194601,30194616,15
channel-216,93991,30194602,30194606,4
channel-767,14338,30194603,30194614,11
channel-750,680589,30194604,30194618,14
channel-0,4035610,30194607,30194631,24
channel-750,680590,30194616,30194632,16
channel-750,680591,30194631,30194636,5
channel-85077,58818,30194633,30194640,7
channel-750,680592,30194636,30194647,11
channel-85077,58819,30194636,30194667,31
channel-199,132446,30194638,30194646,8
channel-85077,58820,30194639,30194667,28
channel-85077,58821,30194640,30194667,27
channel-85077,58822,30194642,30194667,25
channel-85077,58823,30194652,30194667,15
channel-75,844438,30194655,30194663,8
channel-85077,58824,30194664,30194702,38
channel-0,4035611,30194670,30194682,12
channel-113,301241,30194672,30194682,10
channel-113,301242,30194676,30194686,10
channel-199,132447,30194680,30194692,12
channel-6994,1322402,30194688,30194700,12
channel-91017,2688,30194693,30194704,11
channel-85077,58825,30194694,30194732,38
channel-0,4035612,30194698,30194732,34
channel-251,85104,30194708,30194717,9
channel-208,1489068,30194724,30194734,10
channel-326,537245,30194737,30194762,25
channel-85077,58826,30194745,30194762,17
channel-2188,43392,30194748,30194754,6
channel-0,4035613,30194750,30194758,8
channel-143,128206,30194758,30194791,33
channel-1,407991,30194763,30194793,30
channel-85077,58827,30194764,30194793,29
channel-750,680593,30194778,30194794,16
channel-6994,1322403,30194780,30194794,14
channel-85077,58828,30194787,30194825,38
channel-6994,1322404,30194789,30194808,19
channel-2188,43393,30194789,30194793,4
channel-750,680594,30194792,30194798,6
channel-122,667417,30194793,30194796,3
channel-6994,1322405,30194804,30194816,12
channel-6994,1322406,30194805,30194835,30
channel-0,4035614,30194810,30194833,23
channel-259,314106,30194820,30194827,7
channel-0,4035615,30194822,30194833,11
channel-72,516364,30194823,30194872,49
channel-199,132448,30194833,30194842,9
channel-0,4035616,30194837,30194848,11
channel-199,132449,30194839,30194847,8
channel-1429,140623,30194841,30194852,11
channel-72,516365,30194841,30194897,56
channel-326,537246,30194851,30194857,6
channel-0,4035617,30194851,30194861,10
channel-0,4035618,30194852,30194861,9
channel-76971,12196,30194859,30194888,29
channel-6994,1322407,30194873,30194889,16
channel-143,128207,30194893,30194925,32
channel-199,132450,30194897,30194906,9
channel-89321,19283,30194897,30194905,8
channel-320,119111,30194904,30194926,22
channel-85077,58829,30194908,30194929,21
channel-76971,12197,30194908,30194927,19
channel-199,132451,30194912,30194923,11
channel-113,301243,30194924,30194948,24
channel-199,132452,30194933,30194946,13
channel-750,680595,30194936,30194946,10
channel-1429,140624,30194941,30194952,11
channel-6994,1322408,30194952,30194964,12
channel-72,516366,30194956,30194988,32
channel-783,104137,30194960,30194966,6
channel-320,119112,30194965,30195001,36
channel-75,844439,30194970,30194979,9
channel-750,680596,30194972,30194982,10
channel-2659,60,30194978,30195013,35
channel-80713,7,30194978,30194989,11
channel-122,667418,30194991,30194995,4
channel-750,680597,30194997,30195005,8
channel-85077,58830,30195000,30195006,6
channel-0,4035619,30195000,30195008,8
channel-6994,1322409,30195004,30195035,31
channel-6994,1322410,30195017,30195035,18
channel-85077,58831,30195029,30195037,8
channel-0,4035620,30195036,30195047,11
channel-85077,58832,30195045,30195071,26
channel-73,51324,30195047,30195064,17
channel-89321,19284,30195055,30195064,9
channel-79092,1385,30195058,30195085,27
channel-89298,18526,30195068,30195080,12
channel-750,680598,30195078,30195093,15
channel-88,466970,30195091,30195103,12
channel-6994,1322411,30195111,30195123,12
channel-208,1489069,30195133,30195145,12
channel-0,4035621,30195135,30195146,11
channel-208,1489070,30195145,30195154,9
channel-0,4035622,30195147,30195169,22
channel-0,4035623,30195200,30195226,26
channel-85077,58833,30195215,30195244,29
channel-85077,58834,30195217,30195244,27
channel-85077,58835,30195222,30195244,22
channel-85077,58836,30195223,30195244,21
channel-326,537247,30195225,30195247,22
channel-259,314107,30195226,30195236,10
channel-85077,58837,30195227,30195244,17
channel-85077,58838,30195232,30195244,12
channel-6994,1322412,30195237,30195250,13
channel-85077,58839,30195247,30195278,31
channel-89321,19285,30195252,30195262,10
channel-85077,58840,30195252,30195278,26
channel-6994,1322413,30195262,30195275,13
channel-1,407992,30195262,30195304,42
channel-85077,58841,30195263,30195278,15
channel-85077,58842,30195276,30195312,36
channel-326,537248,30195279,30195300,21
channel-85077,58843,30195281,30195312,31
channel-0,4035624,30195324,30195333,9
channel-6994,1322414,30195327,30195339,12
channel-208,1489071,30195329,30195341,12
channel-783,104138,30195343,30195350,7
channel-6994,1322415,30195346,30195356,10
channel-0,4035625,30195348,30195361,13
channel-750,680599,30195359,30195377,18
channel-750,680600,30195362,30195371,9
channel-6994,1322416,30195366,30195392,26
channel-251,85105,30195368,30195379,11
channel-85077,58844,30195373,30195400,27
channel-6994,1322417,30195375,30195400,25
channel-19774,345638,30195378,30195396,18
channel-85077,58845,30195378,30195400,22
channel-208,1489072,30195387,30195397,10
channel-0,4035626,30195396,30195416,20
channel-0,4035627,30195398,30195409,11
channel-75,844440,30195416,30195425,9
channel-75,844441,30195427,30195437,10
channel-0,4035628,30195431,30195439,8
channel-750,680601,30195441,30195457,16
channel-1,407993,30195464,30195513,49
channel-89321,19286,30195471,30195482,11
channel-5,184155,30195476,30195486,10
channel-2,130550,30195487,30195499,12
channel-88,466971,30195490,30195503,13
channel-85077,58846,30195506,30195527,21
channel-122,667419,30195529,30195532,3
channel-19774,345639,30195534,30195544,10
channel-326,537249,30195549,30195572,23
channel-88,466972,30195551,30195572,21
channel-412,64371,30195552,30195561,9
channel-208,1489073,30195555,30195565,10
channel-259,314108,30195567,30195574,7
channel-216,93992,30195569,30195573,4
channel-0,4035629,30195579,30195591,12
channel-2659,61,30195579,30195653,74
channel-80713,8,30195579,30195591,12
channel-2659,62,30195579,30195653,74
channel-216,93993,30195579,30195584,5
channel-750,680602,30195581,30195598,17
channel-85077,58847,30195583,30195608,25
channel-76971,12198,30195587,30195605,18
channel-750,680603,30195591,30195603,12
channel-0,4035630,30195602,30195610,8
channel-0,4035631,30195606,30195612,6
channel-0,4035632,30195638,30195647,9
channel-782,310002,30195642,30195649,7
channel-0,4035633,30195646,30195653,7
channel-5,184156,30195656,30195666,10
channel-0,4035634,30195681,30195690,9
channel-4,166729,30195692,30195713,21
channel-0,4035635,30195698,30195708,10
channel-199,132453,30195707,30195716,9
channel-4,166730,30195714,30195739,25
channel-4,166731,30195714,30195739,25
channel-208,1489074,30195719,30195730,11
channel-326,537250,30195733,30195740,7
channel-4,166732,30195742,30195764,22
channel-326,537251,30195757,30195763,6
channel-326,537252,30195763,30195772,9
channel-199,132454,30195768,30195783,15
channel-4,166733,30195776,30195795,19
channel-199,132455,30195777,30195787,10
channel-4,166734,30195780,30195817,37
channel-0,4035636,30195782,30195805,23
channel-216,93994,30195784,30195788,4
channel-199,132456,30195804,30195815,11
channel-0,4035637,30195808,30195819,11
channel-2494,31828,30195810,30195819,9
channel-0,4035638,30195824,30195835,11
channel-216,93995,30195827,30195831,4
channel-750,680604,30195834,30195850,16
channel-0,4035639,30195841,30195849,8
channel-216,93996,30195864,30195867,3
channel-4,166735,30195866,30195884,18
channel-89321,19287,30195866,30195876,10
channel-85077,58848,30195870,30195880,10
channel-2188,43394,30195873,30195878,5
channel-6994,1322418,30195874,30195886,12
channel-0,4035640,30195877,30195888,11
channel-0,4035641,30195888,30195898,10
channel-199,132457,30195888,30195897,9
channel-216,93997,30195890,30195894,4
channel-6994,1322419,30195902,30195917,15
channel-75,844442,30195909,30195918,9
channel-6994,1322420,30195912,30195936,24
channel-5,184157,30195927,30195935,8
channel-750,680605,30195937,30195942,5
channel-75,844443,30195938,30195945,7
channel-750,680606,30195945,30195950,5
channel-750,680607,30195962,30195972,10
channel-143,128208,30195969,30196004,35
channel-326,537253,30195977,30195996,19
channel-750,680608,30195999,30196010,11
channel-750,680609,30195999,30196010,11
channel-0,4035642,30196008,30196017,9
channel-2659,63,30196025,30196183,158
channel-122,667420,30196031,30196034,3
channel-89298,18527,30196036,30196044,8
channel-750,680610,30196038,30196049,11
channel-85077,58849,30196049,30196062,13
channel-85077,58850,30196060,30196094,34
channel-75,844444,30196073,30196080,7
channel-122,667421,30196074,30196078,4
channel-6994,1322421,30196074,30196087,13
channel-6994,1322422,30196079,30196091,12
channel-6994,1322423,30196080,30196091,11
channel-6994,1322424,30196085,30196094,9
channel-6994,1322425,30196093,30196103,10
channel-0,4035643,30196101,30196112,11
channel-0,4035644,30196111,30196121,10
channel-6994,1322426,30196136,30196147,11
channel-6994,1322427,30196136,30196147,11
channel-81016,260,30196140,30196150,10
channel-259,314109,30196143,30196148,5
channel-767,14339,30196150,30196159,9
channel-874,292232,30196151,30196169,18
channel-0,4035645,30196159,30196169,10
channel-0,4035646,30196183,30196192,9
channel-85077,58851,30196190,30196202,12
channel-0,4035647,30196190,30196202,12
channel-0,4035648,30196196,30196207,11
channel-750,680611,30196200,30196204,4
channel-88,466973,30196202,30196216,14
channel-89298,18528,30196202,30196213,11
channel-122,667422,30196211,30196214,3
channel-208,1489075,30196212,30196223,11
channel-0,4035649,30196224,30196234,10
channel-5,184158,30196239,30196249,10
channel-750,680612,30196244,30196262,18
channel-0,4035650,30196248,30196255,7
channel-0,4035651,30196269,30196279,10
channel-0,4035652,30196272,30196284,12
channel-0,4035653,30196275,30196284,9
channel-122,667423,30196280,30196286,6
channel-0,4035654,30196291,30196301,10
channel-5,184159,30196305,30196317,12
channel-19774,345640,30196312,30196322,10
channel-75,844445,30196326,30196332,6
channel-0,4035655,30196336,30196346,10
channel-0,4035656,30196341,30196351,10
channel-75,844446,30196346,30196353,7
channel-19774,345641,30196357,30196365,8
channel-750,680613,30196362,30196368,6
channel-783,104139,30196362,30196427,65
channel-326,537254,30196362,30196402,40
channel-6787,166554,30196370,30196374,4
channel-6994,1322428,30196375,30196387,12
channel-229,54983,30196387,30196404,17
channel-326,537255,30196395,30196402,7
channel-216,93998,30196408,30196413,5
channel-0,4035657,30196411,30196419,8
channel-94814,3674,30196411,30196423,12
channel-0,4035658,30196416,30196429,13
channel-2188,43395,30196424,30196429,5
channel-4,166736,30196444,30196482,38
channel-6994,1322429,30196450,30196463,13
channel-259,314110,30196459,30196464,5
channel-0,4035659,30196466,30196474,8
channel-6994,1322430,30196478,30196494,16
channel-143,128209,30196487,30196503,16
channel-143,128210,30196494,30196541,47
channel-874,292233,30196494,30196500,6
channel-0,4035660,30196503,30196513,10
channel-783,104140,30196515,30196521,6
channel-6994,1322431,30196516,30196541,25
channel-144,86665,30196522,30196534,12
channel-688,33492,30196524,30196646,122
channel-208,1489076,30196527,30196538,11
channel-143,128211,30196537,30196569,32
channel-6994,1322432,30196539,30196566,27
channel-251,85106,30196575,30196584,9
channel-88,466974,30196594,30196612,18
channel-0,4035661,30196594,30196606,12
channel-208,1489077,30196602,30196611,9
channel-229,54984,30196606,30196622,16
channel-85077,58852,30196631,30196646,15
channel-750,680614,30196643,30196662,19
channel-0,4035662,30196650,30196662,12
channel-750,680615,30196650,30196656,6
channel-6994,1322433,30196663,30196675,12
channel-199,132458,30196665,30196676,11
channel-320,119113,30196666,30196693,27
channel-1,407994,30196668,30196699,31
channel-85077,58853,30196669,30196677,8
channel-0,4035663,30196669,30196679,10
channel-750,680616,30196672,30196678,6
channel-0,4035664,30196684,30196693,9
channel-89298,18529,30196697,30196706,9
channel-0,4035665,30196724,30196731,7
channel-750,680617,30196727,30196733,6
channel-0,4035666,30196731,30196738,7
channel-89298,18530,30196734,30196744,10
channel-72,516367,30196744,30196804,60
channel-208,1489078,30196746,30196762,16
channel-0,4035667,30196753,30196766,13
channel-19774,345642,30196774,30196785,11
channel-89321,19288,30196797,30196804,7
channel-0,4035668,30196807,30196816,9
channel-0,4035669,30196814,30196825,11
channel-19774,345643,30196815,30196826,11
channel-0,4035670,30196818,30196830,12
channel-75,844447,30196818,30196825,7
channel-2659,64,30196825,30196877,52
channel-2659,65,30196825,30196877,52
channel-5,184160,30196843,30196852,9
channel-2659,66,30196855,30196879,24
channel-2659,67,30196855,30196879,24
channel-2659,68,30196855,30196879,24
channel-5,184161,30196856,30196865,9
channel-122,667424,30196859,30196863,4
channel-5,184162,30196867,30196878,11
channel-5,184163,30196880,30196890,10
channel-5,184164,30196893,30196903,10
channel-750,680618,30196893,30196907,14
channel-6994,1322434,30196908,30196918,10
channel-783,104141,30196913,30196922,9
channel-6994,1322435,30196927,30196954,27
channel-1429,140625,30196930,30196940,10
channel-5,184165,30196940,30196948,8
channel-5,184166,30196940,30196948,8
channel-750,680619,30196957,30196967,10
channel-0,4035671,30196961,30196968,7
channel-750,680620,30196962,30196973,11
channel-216,93999,30196965,30196968,3
channel-6994,1322436,30196966,30197011,45
channel-5,184167,30196976,30196983,7
channel-0,4035672,30196976,30196987,11
channel-0,4035673,30196978,30196987,9
channel-208,1489079,30196985,30196995,10
channel-89321,19289,30196990,30197003,13
channel-1,407995,30196992,30197019,27
channel-874,292234,30196995,30197002,7
channel-783,104142,30196997,30197068,71
channel-326,537256,30196998,30197025,27
channel-89298,18531,30197006,30197016,10
channel-0,4035674,30197021,30197032,11
channel-2,130551,30197022,30197032,10
channel-85077,58854,30197030,30197054,24
channel-2186,40739,30197050,30197062,12
channel-6994,1322437,30197061,30197079,18
channel-0,4035675,30197063,30197079,16
channel-0,4035676,30197077,30197083,6
channel-94814,3675,30197078,30197086,8
channel-750,680621,30197079,30197083,4
channel-75,844448,30197083,30197090,7
channel-750,680622,30197089,30197094,5
channel-750,680623,30197105,30197113,8
channel-750,680624,30197108,30197113,5
channel-89321,19290,30197114,30197122,8
channel-750,680625,30197120,30197124,4
channel-0,4035677,30197122,30197134,12
channel-750,680626,30197129,30197134,5
channel-0,4035678,30197132,30197144,12
channel-0,4035679,30197137,30197148,11
channel-94814,3676,30197138,30197148,10
channel-750,680627,30197139,30197148,9
channel-874,292235,30197148,30197154,6
channel-750,680628,30197154,30197159,5
channel-6787,166555,30197157,30197160,3
channel-750,680629,30197159,30197165,6
channel-750,680630,30197166,30197175,9
channel-0,4035680,30197168,30197178,10
channel-326,537257,30197181,30197189,8
channel-89298,18532,30197188,30197196,8
channel-0,4035681,30197202,30197211,9
channel-750,680631,30197207,30197216,9
channel-750,680632,30197209,30197220,11
channel-750,680633,30197209,30197220,11
channel-122,667425,30197211,30197214,3
channel-783,104143,30197215,30197223,8
channel-750,680634,30197219,30197230,11
channel-42,1489753,30197219,30197224,5
channel-6787,166556,30197225,30197230,5
channel-208,1489080,30197230,30197242,12
channel-2659,69,30197231,30197243,12
channel-750,680635,30197239,30197248,9
channel-122,667426,30197241,30197245,4
channel-208,1489081,30197268,30197280,12
channel-0,4035682,30197269,30197279,10
channel-89321,19291,30197271,30197278,7
channel-1,407996,30197274,30197291,17
channel-1,407997,30197277,30197294,17
channel-4,166737,30197279,30197299,20
channel-19774,345644,30197283,30197291,8
channel-91017,2689,30197284,30197291,7
channel-85791,3682,30197291,30197297,6
channel-0,4035683,30197292,30197302,10
channel-0,4035684,30197302,30197311,9
channel-2188,43396,30197306,30197311,5
channel-91017,2690,30197311,30197319,8
channel-6994,1322438,30197321,30197334,13
channel-0,4035685,30197329,30197339,10
channel-88,466975,30197344,30197359,15
channel-0,4035686,30197357,30197370,13
channel-19774,345645,30197370,30197382,12
channel-6787,166557,30197370,30197374,4
channel-6994,1322439,30197375,30197388,13
channel-4,166738,30197377,30197402,25
channel-113,301244,30197383,30197395,12
channel-326,537258,30197400,30197420,20
channel-0,4035687,30197407,30197418,11
channel-85077,58855,30197407,30197438,31
channel-642,126457,30197411,30197497,86
channel-216,94000,30197424,30197429,5
channel-0,4035688,30197425,30197436,11
channel-199,132459,30197431,30197445,14
channel-85077,58856,30197436,30197469,33
channel-0,4035689,30197437,30197450,13
channel-122,667427,30197457,30197461,4
channel-88,466976,30197457,30197470,13
channel-0,4035690,30197458,30197466,8
channel-750,680636,30197459,30197466,7
channel-19774,345646,30197463,30197472,9
channel-251,85107,30197472,30197480,8
channel-229,54985,30197487,30197495,8
channel-208,1489082,30197511,30197524,13
channel-874,292236,30197513,30197519,6
channel-874,292237,30197529,30197535,6
channel-115,20318,30197541,30197552,11
channel-75,844449,30197546,30197555,9
channel-6994,1322440,30197548,30197561,13
channel-782,310003,30197552,30197558,6
channel-216,94001,30197561,30197566,5
channel-2,130552,30197569,30197582,13
channel-0,4035691,30197586,30197594,8
channel-0,4035692,30197591,30197600,9
channel-42,1489754,30197596,30197606,10
channel-6994,1322441,30197598,30197610,12
channel-51,20927,30197616,30197631,15
channel-1429,140626,30197617,30197628,11
channel-216,94002,30197619,30197623,4
channel-95,331587,30197646,30197661,15
channel-750,680637,30197653,30197658,5
channel-6994,1322442,30197667,30197678,11
channel-0,4035693,30197695,30197711,16
channel-85791,3683,30197711,30197718,7
channel-6994,1322443,30197751,30197766,15
channel-6994,1322444,30197752,30197766,14
channel-19774,345647,30197759,30197769,10
channel-874,292238,30197759,30197766,7
channel-0,4035694,30197778,30197788,10
channel-326,537259,30197782,30197803,21
channel-85791,3684,30197802,30197808,6
channel-19774,345648,30197823,30197833,10
channel-89321,19292,30197829,30197835,6
channel-6994,1322445,30197829,30197840,11
channel-6787,166558,30197843,30197847,4
channel-0,4035695,30197851,30197862,11
channel-208,1489083,30197861,30197873,12
channel-251,85108,30197866,30197876,10
channel-216,94003,30197881,30197885,4
channel-0,4035696,30197908,30197920,12
channel-259,314111,30197923,30197930,7
channel-0,4035697,30197934,30197942,8
channel-89298,18533,30197938,30197947,9
channel-6994,1322446,30197942,30197954,12
channel-750,680638,30197943,30197963,20
channel-208,1489084,30197953,30197961,8
channel-1,407998,30197966,30197975,9
channel-750,680639,30197967,30197972,5
channel-85077,58857,30197975,30197988,13
channel-122,667428,30197978,30197982,4
channel-75,844450,30198004,30198013,9
channel-326,537260,30198018,30198023,5
channel-750,680640,30198024,30198029,5
channel-85077,58858,30198029,30198043,14
channel-75,844451,30198031,30198040,9
channel-208,1489085,30198038,30198051,13
channel-216,94004,30198041,30198044,3
channel-216,94005,30198056,30198060,4
channel-19774,345649,30198083,30198093,10
channel-208,1489086,30198085,30198096,11
channel-19774,345650,30198092,30198099,7
channel-0,4035698,30198113,30198121,8
channel-0,4035699,30198113,30198121,8
channel-251,85109,30198117,30198123,6
channel-38946,123940,30198118,30198132,14
channel-0,4035700,30198120,30198129,9
channel-208,1489087,30198123,30198135,12
channel-783,104144,30198146,30198154,8
channel-91017,2691,30198156,30198166,10
channel-6994,1322447,30198157,30198169,12
channel-85077,58859,30198174,30198197,23
channel-750,680641,30198177,30198188,11
channel-208,1489088,30198177,30198187,10
channel-148,16073,30198185,30198194,9
channel-19774,345651,30198191,30198203,12
channel-874,292239,30198192,30198196,4
channel-326,537261,30198199,30198221,22
channel-208,1489089,30198206,30198217,11
channel-216,94006,30198212,30198216,4
channel-38946,123941,30198221,30198241,20
channel-6994,1322448,30198256,30198269,13
channel-750,680642,30198270,30198287,17
channel-6994,1322449,30198276,30198287,11
channel-0,4035701,30198282,30198291,9
channel-122,667429,30198282,30198286,4
channel-0,4035702,30198292,30198306,14
channel-6994,1322450,30198292,30198305,13
channel-75,844452,30198296,30198303,7
channel-783,104145,30198298,30198304,6
channel-208,1489090,30198301,30198314,13
channel-188,190494,30198306,30198318,12
channel-85077,58860,30198306,30198327,21
channel-6787,166559,30198314,30198319,5
channel-88,466977,30198319,30198340,21
channel-2494,31829,30198349,30198362,13
channel-204,670683,30198353,30198364,11
channel-88,466978,30198354,30198383,29
channel-42,1489755,30198357,30198366,9
channel-783,104146,30198378,30198392,14
channel-88,466979,30198378,30198390,12
channel-2494,31830,30198391,30198402,11
channel-750,680643,30198393,30198399,6
channel-216,94007,30198410,30198415,5
channel-6994,1322451,30198414,30198430,16
channel-208,1489091,30198423,30198432,9
channel-326,537262,30198430,30198437,7
channel-0,4035703,30198476,30198482,6
channel-750,680644,30198478,30198493,15
channel-0,4035704,30198482,30198493,11
channel-750,680645,30198494,30198499,5
channel-6994,1322452,30198499,30198509,10
channel-216,94008,30198507,30198511,4
channel-750,680646,30198513,30198519,6
channel-88,466980,30198522,30198541,19
channel-750,680647,30198525,30198538,13
channel-85077,58861,30198525,30198551,26
channel-85077,58862,30198526,30198551,25
channel-2494,31831,30198538,30198548,10
channel-251,85110,30198556,30198567,11
channel-326,537263,30198589,30198612,23
channel-0,4035705,30198619,30198632,13
channel-85077,58863,30198623,30198633,10
channel-73,51325,30198623,30198634,11
channel-750,680648,30198628,30198633,5
channel-6994,1322453,30198632,30198640,8
channel-85077,58864,30198635,30198662,27
channel-216,94009,30198638,30198641,3
channel-750,680649,30198648,30198668,20
channel-0,4035706,30198659,30198668,9
channel-750,680650,30198665,30198675,10
channel-340,3125,30198666,30198677,11
channel-6994,1322454,30198688,30198699,11
channel-1,407999,30198689,30198699,10
channel-122,667430,30198691,30198695,4
channel-5,184168,30198693,30198702,9
channel-208,1489092,30198695,30198705,10
channel-75,844453,30198699,30198706,7
channel-2494,31832,30198704,30198716,12
channel-85077,58865,30198704,30198717,13
channel-188,190495,30198708,30198717,9
channel-85077,58866,30198710,30198717,7
channel-750,680651,30198710,30198716,6
channel-1,408000,30198711,30198741,30
channel-767,14340,30198717,30198729,12
channel-204,670684,30198737,30198748,11
channel-75,844454,30198742,30198747,5
channel-0,4035707,30198745,30198755,10
channel-750,680652,30198751,30198770,19
channel-750,680653,30198760,30198771,11
channel-89298,18534,30198763,30198775,12
channel-122,667431,30198772,30198775,3
channel-750,680654,30198772,30198776,4
channel-85077,58867,30198773,30198794,21
channel-2494,31833,30198778,30198790,12
channel-2494,31834,30198788,30198800,12
channel-76971,12199,30198795,30198811,16
channel-750,680655,30198799,30198804,5
channel-5,184169,30198805,30198811,6
channel-0,4035708,30198807,30198815,8
channel-2494,31835,30198809,30198821,12
channel-76971,12200,30198809,30198830,21
channel-72,516368,30198809,30198862,53
channel-0,4035709,30198813,30198825,12
channel-216,94010,30198825,30198829,4
channel-2494,31836,30198829,30198839,10
channel-0,4035710,30198829,30198845,16
channel-0,4035711,30198830,30198845,15
channel-76971,12201,30198843,30198867,24
channel-412,64372,30198857,30198875,18
channel-19774,345652,30198864,30198874,10
channel-199,132460,30198865,30198874,9
channel-5,184170,30198872,30198881,9
channel-6994,1322455,30198877,30198889,12
channel-75,844455,30198882,30198890,8
channel-199,132461,30198882,30198905,23
channel-199,132462,30198882,30198892,10
channel-85077,58868,30198892,30198946,54
channel-0,4035712,30198895,30198905,10
channel-199,132463,30198895,30198905,10
channel-750,680656,30198895,30198911,16
channel-208,1489093,30198900,30198908,8
channel-199,132464,30198905,30198914,9
channel-750,680657,30198908,30198921,13
channel-89298,18535,30198915,30198924,9
channel-2,130553,30198919,30198933,14
channel-0,4035713,30198933,30198946,13
channel-0,4035714,30198951,30198960,9
channel-94814,3677,30198974,30198982,8
channel-750,680658,30198982,30198999,17
channel-0,4035715,30198993,30199006,13
channel-199,132465,30198993,30199000,7
channel-199,132466,30198997,30199009,12
channel-216,94011,30198999,30199004,5
channel-216,94012,30199005,30199009,4
channel-0,4035716,30199005,30199014,9
channel-199,132467,30199009,30199019,10
channel-199,132468,30199012,30199023,11
channel-750,680659,30199023,30199038,15
channel-0,4035717,30199024,30199045,21
channel-199,132469,30199026,30199038,12
channel-6994,1322456,30199042,30199055,13
channel-0,4035718,30199046,30199054,8
channel-208,1489094,30199047,30199058,11
channel-412,64373,30199051,30199061,10
channel-85077,58869,30199054,30199069,15
channel-94814,3678,30199059,30199069,10
channel-874,292240,30199067,30199074,7
channel-783,104147,30199068,30199076,8
channel-0,4035719,30199069,30199078,9
channel-94814,3679,30199074,30199084,10
channel-0,4035720,30199085,30199096,11
channel-208,1489095,30199105,30199117,12
channel-85077,58870,30199110,30199124,14
channel-6994,1322457,30199113,30199125,12
channel-750,680660,30199133,30199138,5
channel-0,4035721,30199153,30199159,6
channel-782,310004,30199153,30199156,3
channel-208,1489096,30199198,30199211,13
channel-75,844456,30199200,30199208,8
channel-2494,31837,30199206,30199216,10
channel-6787,166560,30199209,30199212,3
channel-6994,1322458,30199230,30199239,9
channel-0,4035722,30199237,30199247,10
channel-87,182882,30199242,30199257,15
channel-19774,345653,30199246,30199259,13
channel-208,1489097,30199248,30199259,11
channel-6994,1322459,30199255,30199279,24
channel-6994,1322460,30199261,30199272,11
channel-6994,1322461,30199263,30199289,26
channel-326,537264,30199279,30199307,28
channel-76971,12202,30199296,30199316,20
channel-188,190496,30199299,30199307,8
channel-6994,1322462,30199315,30199326,11
channel-326,537265,30199326,30199333,7
channel-750,680661,30199329,30199335,6
channel-1,408001,30199334,30199352,18
channel-2494,31838,30199352,30199365,13
channel-0,4035723,30199352,30199362,10
channel-208,1489098,30199354,30199364,10
channel-326,537266,30199356,30199362,6
channel-1634,6713,30199363,30200292,929
channel-208,1489099,30199364,30199376,12
channel-143,128212,30199370,30199382,12
channel-216,94013,30199375,30199379,4
channel-208,1489100,30199388,30199399,11
channel-6994,1322463,30199400,30199416,16
channel-326,537267,30199400,30199411,11
channel-216,94014,30199407,30199412,5
channel-0,4035724,30199413,30199420,7
channel-783,104148,30199428,30199434,6
channel-85077,58871,30199428,30199441,13
channel-259,314112,30199433,30199440,7
channel-89321,19293,30199433,30199439,6
channel-750,680662,30199433,30199448,15
channel-1575,15164,30199434,30199442,8
channel-85077,58872,30199434,30199472,38
channel-85077,58873,30199452,30199472,20
channel-6994,1322464,30199463,30199495,32
channel-85077,58874,30199472,30199500,28
channel-75,844457,30199493,30199500,7
channel-750,680663,30199495,30199506,11
channel-6994,1322465,30199498,30199509,11
channel-326,537268,30199504,30199512,8
channel-208,1489101,30199505,30199518,13
channel-326,537269,30199531,30199539,8
channel-216,94015,30199544,30199548,4
channel-85077,58875,30199550,30199577,27
channel-6994,1322466,30199568,30199580,12
channel-85077,58876,30199569,30199577,8
channel-122,667432,30199570,30199574,4
channel-85077,58877,30199575,30199608,33
channel-85077,58878,30199587,30199608,21
channel-6787,166561,30199596,30199602,6
channel-0,4035725,30199601,30199612,11
channel-208,1489102,30199601,30199615,14
channel-326,537270,30199629,30199655,26
channel-122,667433,30199671,30199675,4
channel-75,844458,30199672,30199680,8
channel-6897,5621,30199677,30199686,9
channel-216,94016,30199682,30199686,4
channel-42,1489756,30199693,30199703,10
channel-42,1489757,30199706,30199719,13
channel-0,4035726,30199712,30199725,13
channel-122,667434,30199719,30199723,4
channel-85077,58879,30199721,30199738,17
channel-42,1489758,30199733,30199745,12
channel-216,94017,30199735,30199739,4
channel-42,1489759,30199742,30199749,7
channel-75030,1171,30199743,30199755,12
channel-122,667435,30199759,30199763,4
channel-874,292241,30199761,30199767,6
channel-0,4035727,30199768,30199779,11
channel-251,85111,30199771,30199780,9
channel-642,126458,30199773,30199829,56
channel-251,85112,30199778,30199786,8
channel-94814,3680,30199784,30199795,11
channel-0,4035728,30199784,30199794,10
channel-42,1489760,30199784,30199794,10
channel-42,1489761,30199785,30199799,14
channel-38946,123942,30199788,30199798,10
channel-0,4035729,30199811,30199824,13
channel-89321,19294,30199814,30199823,9
channel-0,4035730,30199827,30199838,11
channel-750,680664,30199831,30199844,13
channel-85077,58880,30199831,30199839,8
channel-232,49168,30199835,30199846,11
channel-6994,1322467,30199838,30199849,11
channel-216,94018,30199854,30199859,5
channel-75,844459,30199863,30199871,8
channel-340,3126,30199866,30199876,10
channel-122,667436,30199872,30199875,3
channel-0,4035731,30199877,30199889,12
channel-94814,3681,30199886,30199902,16
channel-750,680665,30199899,30199915,16
channel-0,4035732,30199921,30199929,8
channel-0,4035733,30199924,30199930,6
channel-75,844460,30199932,30199940,8
channel-75,844461,30199939,30199947,8
channel-216,94019,30199943,30199948,5
channel-522,40401,30199948,30199960,12
channel-750,680666,30199970,30199982,12
channel-85077,58881,30199982,30199992,10
channel-0,4035734,30199998,30200011,13
channel-85077,58882,30199999,30200024,25
channel-6994,1322468,30200000,30200062,62
channel-750,680667,30200009,30200027,18
channel-85077,58883,30200018,30200061,43
channel-750,680668,30200027,30200040,13
channel-5,184171,30200037,30200048,11
channel-750,680669,30200041,30200045,4
channel-85077,58884,30200052,30200061,9
channel-122,667437,30200059,30200063,4
channel-326,537271,30200067,30200087,20
channel-6994,1322469,30200069,30200097,28
channel-85077,58885,30200071,30200097,26
channel-0,4035735,30200079,30200089,10
channel-750,680670,30200089,30200105,16
channel-750,680671,30200090,30200105,15
channel-72,516369,30200090,30200131,41
channel-85077,58886,30200092,30200132,40
channel-750,680672,30200095,30200109,14
channel-85791,3685,30200097,30200103,6
channel-750,680673,30200098,30200109,11
channel-85077,58887,30200107,30200132,25
channel-85077,58888,30200120,30200132,12
channel-216,94020,30200123,30200127,4
channel-199,132470,30200125,30200134,9
channel-750,680674,30200130,30200134,4
channel-6994,1322470,30200150,30200182,32
channel-0,4035736,30200151,30200161,10
channel-326,537272,30200173,30200178,5
channel-19774,345654,30200176,30200185,9
channel-222,3825,30200181,30200190,9
channel-326,537273,30200186,30200192,6
channel-874,292242,30200196,30200207,11
channel-42,1489762,30200197,30200204,7
channel-2494,31839,30200199,30200212,13
channel-0,4035737,30200201,30200209,8
channel-19774,345655,30200203,30200216,13
channel-89298,18536,30200207,30200215,8
channel-1,408002,30200219,30200312,93
channel-874,292243,30200234,30200239,5
channel-750,680675,30200238,30200253,15
channel-89298,18537,30200250,30200260,10
channel-113,301245,30200252,30200263,11
channel-143,128213,30200264,30200275,11
channel-326,537274,30200271,30200277,6
channel-75,844462,30200288,30200297,9
channel-122,667438,30200288,30200291,3
channel-79703,4390,30200302,30200309,7
channel-75,844463,30200311,30200319,8
channel-88,466981,30200312,30200330,18
channel-216,94021,30200323,30200327,4
channel-2494,31840,30200332,30200340,8
channel-122,667439,30200332,30200336,4
channel-216,94022,30200332,30200337,5
channel-72,516370,30200339,30200388,49
channel-2494,31841,30200352,30200363,11
channel-2494,31842,30200372,30200381,9
channel-320,119114,30200393,30200403,10
channel-0,4035738,30200399,30200408,9
channel-122,667440,30200405,30200409,4
channel-208,1489103,30200425,30200440,15
channel-208,1489104,30200446,30200454,8
channel-251,85113,30200457,30200470,13
channel-326,537275,30200458,30200487,29
channel-208,1489105,30200484,30200498,14
channel-113,301246,30200487,30200498,11
channel-85077,58889,30200487,30200540,53
channel-642,126459,30200496,30200539,43
channel-642,126460,30200507,30200561,54
channel-0,4035739,30200509,30200518,9
channel-642,126461,30200513,30200566,53
channel-85077,58890,30200514,30200540,26
channel-94814,3682,30200516,30200526,10
channel-85077,58891,30200541,30200571,30
channel-216,94023,30200554,30200558,4
channel-122,667441,30200554,30200558,4
channel-208,1489106,30200573,30200583,10
channel-238,10100,30200575,30200591,16
channel-222,3826,30200578,30200587,9
channel-1,408003,30200584,30200598,14
channel-0,4035740,30200593,30200603,10
channel-2,130554,30200595,30200606,11
channel-750,680676,30200597,30200606,9
channel-750,680677,30200598,30200633,35
channel-6994,1322471,30200599,30200607,8
channel-6994,1322472,30200608,30200624,16
channel-4,166739,30200611,30200634,23
channel-89298,18538,30200619,30200629,10
channel-362,86672,30200625,30200636,11
channel-208,1489107,30200627,30200638,11
channel-75,844464,30200633,30200638,5
channel-184,137332,30200645,30200654,9
channel-1,408004,30200647,30200676,29
channel-6787,166562,30200663,30200667,4
channel-340,3127,30200668,30200678,10
channel-0,4035741,30200675,30200688,13
channel-6787,166563,30200677,30200681,4
channel-6787,166564,30200678,30200682,4
channel-122,667442,30200679,30200683,4
channel-0,4035742,30200685,30200696,11
channel-6787,166565,30200700,30200704,4
channel-0,4035743,30200703,30200710,7
channel-1,408005,30200708,30200716,8
channel-113,301247,30200730,30200741,11
channel-76971,12203,30200739,30200766,27
channel-216,94024,30200742,30200746,4
channel-0,4035744,30200747,30200755,8
channel-0,4035745,30200748,30200772,24
channel-75,844465,30200757,30200766,9
channel-216,94025,30200767,30200771,4
channel-6787,166566,30200772,30200777,5
channel-750,680678,30200776,30200783,7
channel-0,4035746,30200778,30200787,9
channel-0,4035747,30200782,30200791,9
channel-75,844466,30200798,30200804,6
channel-75,844467,30200807,30200813,6
channel-326,537276,30200821,30200843,22
channel-85077,58892,30200825,30200852,27
channel-750,680679,30200827,30200838,11
channel-320,119115,30200848,30200859,11
channel-750,680680,30200854,30200869,15
channel-85077,58893,30200869,30200884,15
channel-75,844468,30200869,30200877,8
channel-204,670685,30200897,30200907,10
channel-204,670686,30200898,30200907,9
channel-85077,58894,30200903,30200915,12
channel-204,670687,30200904,30200914,10
channel-750,680681,30200905,30200916,11
channel-204,670688,30200908,30200917,9
channel-188,190497,30200911,30200923,12
channel-204,670689,30200913,30200922,9
channel-204,670690,30200915,30200926,11
channel-85077,58895,30200918,30200944,26
channel-0,4035748,30200918,30200928,10
channel-0,4035749,30200919,30200928,9
channel-0,4035750,30200920,30200933,13
channel-216,94026,30200922,30200927,5
channel-208,1489108,30200926,30200937,11
channel-204,670691,30200938,30200945,7
channel-122,667443,30200946,30200949,3
channel-204,670692,30200959,30200967,8
channel-0,4035751,30201000,30201009,9
channel-750,680682,30201013,30201030,17
channel-0,4035752,30201018,30201027,9
channel-750,680683,30201021,30201031,10
channel-0,4035753,30201026,30201033,7
channel-72,516371,30201055,30201080,25
channel-73755,5812,30201058,30201069,11
channel-0,4035754,30201059,30201072,13
channel-0,4035755,30201062,30201072,10
channel-0,4035756,30201071,30201082,11
channel-204,670693,30201083,30201093,10
channel-85077,58896,30201099,30201128,29
channel-320,119116,30201103,30201125,22
channel-216,94027,30201107,30201111,4
channel-0,4035757,30201112,30201125,13
channel-204,670694,30201123,30201131,8
channel-750,680684,30201147,30201152,5
channel-6994,1322473,30201156,30201170,14
channel-6994,1322474,30201162,30201175,13
channel-122,667444,30201181,30201185,4
channel-0,4035758,30201186,30201197,11
channel-6994,1322475,30201201,30201216,15
channel-0,4035759,30201205,30201216,11
channel-6994,1322476,30201217,30201240,23
channel-216,94028,30201220,30201224,4
channel-85077,58897,30201223,30201232,9
channel-85077,58898,30201231,30201267,36
channel-85077,58899,30201263,30201299,36
channel-85077,58900,30201276,30201299,23
channel-0,4035760,30201279,30201292,13
channel-0,4035761,30201282,30201292,10
channel-184,137333,30201285,30201299,14
channel-0,4035762,30201296,30201307,11
channel-216,94029,30201299,30201306,7
channel-75,844469,30201320,30201327,7
channel-216,94030,30201320,30201324,4
channel-208,1489109,30201325,30201340,15
channel-208,1489110,30201325,30201340,15
channel-42,1489763,30201339,30201390,51
channel-6994,1322477,30201344,30201370,26
channel-0,4035763,30201344,30201353,9
channel-19774,345656,30201354,30201363,9
channel-85077,58901,30201370,30201383,13
channel-208,1489111,30201372,30201385,13
channel-73755,5813,30201374,30201382,8
channel-750,680685,30201390,30201405,15
channel-188,190498,30201390,30201401,11
channel-208,1489112,30201405,30201417,12
channel-208,1489113,30201409,30201419,10
channel-85077,58902,30201414,30201435,21
channel-73755,5814,30201414,30201421,7
channel-750,680686,30201417,30201429,12
channel-88,466982,30201439,30201452,13
channel-750,680687,30201442,30201447,5
channel-326,537277,30201449,30201464,15
channel-73755,5815,30201449,30201458,9
channel-75755,5518,30201453,30201465,12
channel-85077,58903,30201457,30201464,7
channel-188,190499,30201468,30201481,13
channel-0,4035764,30201471,30201482,11
channel-216,94031,30201486,30201490,4
channel-251,85114,30201487,30201498,11
channel-0,4035765,30201496,30201515,19
channel-0,4035766,30201499,30201512,13
channel-88,466983,30201507,30201518,11
channel-75,844470,30201537,30201545,8
channel-208,1489114,30201546,30201559,13
channel-750,680688,30201552,30201561,9
channel-204,670695,30201560,30201565,5
channel-412,64374,30201567,30201575,8
channel-85077,58904,30201567,30201595,28
channel-204,670696,30201578,30201587,9
channel-75,844471,30201584,30201590,6
channel-0,4035767,30201591,30201604,13
channel-0,4035768,30201592,30201604,12
channel-412,64375,30201592,30201603,11
channel-750,680689,30201600,30201607,7
channel-750,680690,30201608,30201613,5
channel-874,292244,30201619,30201628,9
channel-6994,1322478,30201619,30201650,31
channel-326,537278,30201623,30201639,16
channel-85077,58905,30201627,30201658,31
channel-750,680691,30201632,30201644,12
channel-6994,1322479,30201665,30201679,14
channel-216,94032,30201674,30201678,4
channel-6994,1322480,30201679,30201688,9
channel-750,680692,30201682,30201692,10
channel-750,680693,30201683,30201699,16
channel-216,94033,30201689,30201693,4
channel-0,4035769,30201691,30201703,12
channel-94814,3683,30201699,30201716,17
channel-75,844472,30201699,30201706,7
channel-750,680694,30201710,30201715,5
channel-76971,12204,30201739,30201753,14
channel-0,4035770,30201752,30201774,22
channel-208,1489115,30201754,30201765,11
channel-0,4035771,30201770,30201779,9
channel-0,4035772,30201773,30201785,12
channel-2716,2662,30201785,30201807,22
channel-0,4035773,30201789,30201799,10
channel-4,166740,30201789,30201811,22
channel-19774,345657,30201803,30201812,9
channel-0,4035774,30201806,30201818,12
channel-0,4035775,30201814,30201823,9
channel-75,844473,30201819,30201827,8
channel-0,4035776,30201826,30201847,21
channel-6994,1322481,30201843,30201864,21
channel-2188,43397,30201851,30201857,6
channel-0,4035777,30201853,30201864,11
channel-85077,58906,30201859,30201883,24
channel-216,94034,30201872,30201876,4
channel-750,680695,30201872,30201887,15
channel-326,537279,30201876,30201896,20
channel-2188,43398,30201878,30201882,4
channel-6994,1322482,30201884,30201896,12
channel-94814,3684,30201889,30201900,11
channel-208,1489116,30201896,30201906,10
channel-85077,58907,30201902,30201911,9
channel-750,680696,30201913,30201917,4
channel-19774,345658,30201914,30201919,5
channel-750,680697,30201918,30201935,17
channel-229,54986,30201918,30201927,9
channel-1429,140627,30201919,30201925,6
channel-251,85115,30201919,30201939,20
channel-0,4035778,30201921,30201945,24
channel-750,680698,30201922,30201931,9
channel-0,4035779,30201928,30201943,15
channel-750,680699,30201929,30201936,7
channel-750,680700,30201929,30201936,7
channel-750,680701,30201929,30201936,7
channel-750,680702,30201931,30201940,9
channel-91017,2692,30201931,30201937,6
channel-216,94035,30201932,30201936,4
channel-2,130555,30201932,30201942,10
channel-750,680703,30201932,30201943,11
channel-251,85116,30201932,30201939,7
channel-750,680704,30201933,30201943,10
channel-750,680705,30201933,30201940,7
channel-188,190500,30201936,30201966,30
channel-750,680706,30201937,30201947,10
channel-0,4035780,30201938,30201954,16
channel-750,680707,30201939,30201951,12
channel-216,94036,30201940,30201944,4
channel-0,4035781,30201942,30201954,12
channel-750,680708,30201943,30201957,14
channel-19774,345659,30201945,30201959,14
channel-0,4035782,30201945,30201952,7
channel-750,680709,30201945,30201950,5
channel-750,680710,30201947,30201964,17
channel-326,537280,30201947,30201960,13
channel-750,680711,30201950,30201957,7
channel-750,680712,30201951,30201960,9
channel-750,680713,30201951,30201955,4
channel-1429,140628,30201952,30201958,6
channel-88,466984,30201952,30201978,26
channel-1,408006,30201954,30201997,43
channel-251,85117,30201954,30201962,8
channel-1,408007,30201954,30201997,43
channel-750,680714,30201954,30201962,8
channel-750,680715,30201954,30201962,8
channel-326,537281,30201954,30201967,13
channel-750,680716,30201958,30201962,4
channel-0,4035783,30201958,30201976,18
channel-0,4035784,30201958,30201979,21
channel-1,408008,30201958,30201997,39
channel-874,292245,30201958,30201961,3
channel-782,310005,30201958,30201975,17
channel-750,680717,30201959,30201977,18
channel-750,680718,30201959,30201969,10
channel-750,680719,30201959,30201962,3
channel-208,1489117,30201959,30201968,9
channel-19774,345660,30201960,30201967,7
channel-750,680720,30201960,30201967,7
channel-85077,58908,30201960,30201986,26
channel-874,292246,30201961,30201967,6
channel-750,680721,30201962,30201976,14
channel-750,680722,30201962,30201976,14
channel-122,667445,30201963,30201967,4
channel-750,680723,30201965,30201977,12
channel-750,680724,30201965,30201977,12
channel-750,680725,30201966,30201980,14
channel-750,680726,30201967,30201971,4
channel-750,680727,30201968,30201972,4
channel-750,680728,30201969,30201974,5
channel-750,680729,30201971,30201976,5
channel-750,680730,30201973,30201985,12
channel-208,1489118,30201976,30201983,7
channel-5,184172,30201977,30201982,5
channel-0,4035785,30201979,30202004,25
channel-4,166741,30201979,30202018,39
channel-229,54987,30201981,30201993,12
channel-340,3128,30201985,30201996,11
channel-874,292247,30201987,30201995,8
channel-85077,58909,30201988,30202015,27
channel-750,680731,30201990,30202001,11
channel-143,128214,30201991,30202017,26
channel-750,680732,30201993,30201996,3
channel-208,1489119,30201995,30202006,11
channel-0,4035786,30201995,30202004,9
channel-208,1489120,30201996,30202006,10
channel-122,667446,30201997,30202001,4
channel-750,680733,30201998,30202006,8
channel-6994,1322483,30201999,30202009,10
channel-88,466985,30202001,30202027,26
channel-750,680734,30202001,30202023,22
channel-204,670698,30202004,30202012,8
channel-0,4035787,30202004,30202026,22
channel-1429,140629,30202004,30202015,11
channel-38946,123943,30202007,30202020,13
channel-4,166742,30202008,30202025,17
channel-750,680735,30202015,30202029,14
channel-750,680736,30202018,30202029,11
channel-874,292248,30202018,30202025,7
channel-750,680737,30202018,30202027,9
channel-750,680738,30202019,30202032,13
channel-750,680739,30202021,30202034,13
channel-750,680740,30202021,30202025,4
channel-0,4035788,30202023,30202038,15
channel-750,680741,30202023,30202034,11
channel-750,680742,30202024,30202032,8
channel-750,680743,30202024,30202054,30
channel-750,680744,30202024,30202036,12
channel-216,94037,30202028,30202032,4
channel-4,166743,30202030,30202059,29
channel-750,680745,30202032,30202044,12
channel-143,128215,30202032,30202043,11
channel-750,680746,30202032,30202037,5
channel-216,94038,30202035,30202039,4
channel-750,680747,30202035,30202040,5
channel-750,680748,30202037,30202050,13
channel-91017,2693,30202037,30202045,8
channel-204,670699,30202038,30202044,6
channel-5,184173,30202042,30202049,7
channel-85077,58910,30202047,30202068,21
channel-208,1489121,30202048,30202054,6
channel-750,680749,30202048,30202059,11
channel-750,680750,30202049,30202058,9
channel-0,4035789,30202050,30202069,19
channel-750,680751,30202050,30202062,12
channel-750,680752,30202052,30202059,7
channel-750,680753,30202053,30202065,12
channel-750,680754,30202053,30202077,24
channel-874,292249,30202054,30202060,6
channel-6994,1322484,30202054,30202068,14
channel-750,680755,30202054,30202070,16
channel-0,4035790,30202054,30202068,14
channel-216,94039,30202054,30202058,4
channel-0,4035791,30202056,30202080,24
channel-0,4035792,30202056,30202068,12
channel-88,466986,30202056,30202070,14
channel-750,680756,30202057,30202066,9
channel-216,94040,30202058,30202062,4
channel-208,1489122,30202058,30202068,10
channel-0,4035793,30202062,30202069,7
channel-208,1489123,30202062,30202070,8
channel-782,310006,30202066,30202070,4
channel-85077,58911,30202068,30202097,29
channel-0,4035794,30202071,30202080,9
channel-216,94041,30202073,30202077,4
channel-750,680757,30202073,30202082,9
channel-0,4035795,30202074,30202094,20
channel-750,680758,30202075,30202082,7
channel-1429,140630,30202077,30202082,5
channel-750,680759,30202079,30202082,3
channel-143,128216,30202080,30202098,18
channel-750,680760,30202080,30202088,8
channel-85077,58912,30202080,30202097,17
channel-143,128217,30202080,30202089,9
channel-91017,2694,30202080,30202088,8
channel-750,680761,30202080,30202082,2
channel-750,680762,30202080,30202091,11
channel-750,680763,30202080,30202088,8
channel-750,680764,30202080,30202088,8
channel-750,680765,30202082,30202117,35
channel-750,680766,30202082,30202093,11
channel-122,667447,30202082,30202239,157
channel-208,1489124,30202082,30202091,9
channel-750,680767,30202082,30202093,11
channel-122,667448,30202082,30202088,6
channel-208,1489125,30202082,30202091,9
channel-208,1489126,30202082,30202091,9
channel-750,680768,30202085,30202090,5
channel-208,1489127,30202088,30202093,5
channel-208,1489128,30202088,30202093,5
channel-19774,345661,30202090,30202101,11
channel-750,680769,30202090,30202094,4
channel-874,292250,30202091,30202102,11
channel-750,680770,30202091,30202096,5
channel-874,292251,30202092,30202102,10
channel-208,1489129,30202093,30202102,9
channel-208,1489130,30202094,30202105,11
channel-143,128218,30202096,30202106,10
channel-750,680771,30202097,30202112,15
channel-6994,1322485,30202097,30202106,9
channel-85791,3686,30202097,30202107,10
channel-782,310007,30202097,30202102,5
channel-4,166744,30202102,30202169,67
channel-750,680772,30202102,30202113,11
channel-85077,58913,30202104,30202145,41
channel-87,182883,30202104,30202116,12
channel-208,1489131,30202105,30202112,7
channel-2188,43399,30202106,30202111,5
channel-750,680773,30202107,30202122,15
channel-6994,1322486,30202107,30202138,31
channel-750,680774,30202111,30202122,11
channel-251,85118,30202113,30202124,11
channel-208,1489132,30202117,30202127,10
channel-750,680775,30202120,30202126,6
channel-750,680776,30202120,30202139,19
channel-750,680777,30202120,30202134,14
channel-750,680778,30202120,30202126,6
channel-874,292252,30202121,30202128,7
channel-91017,2695,30202122,30202132,10
channel-0,4035796,30202125,30202138,13
channel-6994,1322487,30202127,30202138,11
channel-4,166745,30202128,30202169,41
channel-0,4035797,30202131,30202151,20
channel-0,4035798,30202131,30202156,25
channel-750,680779,30202134,30202143,9
channel-208,1489133,30202136,30202149,13
channel-750,680780,30202136,30202141,5
channel-208,1489134,30202136,30202149,13
channel-1,408009,30202139,30202169,30
channel-750,680781,30202139,30202148,9
channel-750,680782,30202142,30202167,25
channel-85077,58914,30202149,30202177,28
channel-0,4035799,30202151,30202180,29
channel-208,1489135,30202154,30202166,12
channel-750,680783,30202154,30202164,10
channel-874,292253,30202154,30202160,6
channel-2188,43400,30202157,30202161,4
channel-1,408010,30202157,30202169,12
channel-199,132471,30202158,30202168,10
channel-122,667449,30202159,30202162,3
channel-0,4035800,30202160,30202186,26
channel-91017,2696,30202161,30202169,8
channel-143,128219,30202162,30202174,12
channel-85077,58915,30202168,30202177,9
channel-208,1489136,30202170,30202179,9
channel-88,466987,30202173,30202289,116
channel-216,94042,30202175,30202179,4
channel-208,1489137,30202177,30202189,12
channel-750,680784,30202181,30202191,10
channel-208,1489138,30202181,30202192,11
channel-0,4035801,30202181,30202189,8
channel-750,680785,30202183,30202191,8
channel-229,54988,30202183,30202198,15
channel-750,680786,30202184,30202189,5
channel-412,64376,30202186,30202196,10
channel-122,667450,30202188,30202198,10
channel-5,184174,30202191,30202203,12
channel-208,1489139,30202194,30202206,12
channel-85791,3687,30202195,30202202,7
channel-208,1489140,30202195,30202206,11
channel-412,64377,30202195,30202205,10
channel-91017,2697,30202197,30202206,9
channel-642,126463,30202198,30202344,146
channel-750,680787,30202199,30202223,24
channel-750,680788,30202200,30202212,12
channel-1429,140631,30202202,30202213,11
channel-750,680789,30202204,30202209,5
channel-750,680790,30202205,30202213,8
channel-750,680791,30202209,30202213,4
channel-122,667451,30202210,30202213,3
channel-750,680792,30202215,30202232,17
channel-0,4035802,30202217,30202227,10
channel-326,537282,30202218,30202223,5
channel-412,64378,30202223,30202232,9
channel-208,1489141,30202225,30202235,10
channel-750,680793,30202230,30202243,13
channel-1,408011,30202232,30202261,29
channel-0,4035803,30202232,30202246,14
channel-750,680794,30202235,30202240,5
channel-72,516372,30202237,30202339,102
channel-0,4035804,30202238,30202371,133
channel-750,680795,30202241,30202249,8
channel-91017,2698,30202241,30202248,7
channel-143,128220,30202242,30202266,24
channel-4,166746,30202243,30202263,20
channel-750,680796,30202246,30202260,14
channel-326,537283,30202246,30202254,8
channel-750,680797,30202250,30202264,14
channel-0,4035805,30202250,30202270,20
channel-782,310008,30202251,30202256,5
channel-750,680798,30202252,30202264,12
channel-750,680799,30202256,30202267,11
channel-750,680800,30202259,30202264,5
channel-0,4035806,30202263,30202280,17
channel-2186,40740,30202263,30202286,23
channel-2188,43401,30202264,30202266,2
channel-750,680801,30202264,30202288,24
channel-750,680802,30202266,30202270,4
channel-208,1489142,30202268,30202278,10
channel-750,680803,30202268,30202284,16
channel-0,4035807,30202268,30202280,12
channel-750,680804,30202276,30202282,6
channel-341,3375,30202277,30202289,12
channel-208,1489143,30202277,30202287,10
channel-0,4035808,30202281,30202304,23
channel-750,680805,30202284,30202297,13
channel-320,119117,30202285,30202318,33
channel-750,680806,30202287,30202292,5
channel-0,4035809,30202289,30202299,10
channel-5,184175,30202296,30202307,11
channel-85077,58916,30202297,30202320,23
channel-0,4035810,30202299,30202309,10
channel-208,1489144,30202301,30202311,10
channel-208,1489145,30202304,30202314,10
channel-0,4035811,30202309,30202319,10
channel-750,680807,30202319,30202342,23
channel-85077,58917,30202319,30202355,36
channel-0,4035812,30202322,30202340,18
channel-85077,58918,30202323,30202355,32
channel-750,680808,30202327,30202342,15
channel-6994,1322488,30202327,30202411,84
channel-0,4035813,30202331,30202340,9
channel-750,680809,30202334,30202345,11
channel-208,1489146,30202337,30202348,11
channel-5,184176,30202337,30202348,11
channel-6994,1322489,30202345,30202411,66
channel-750,680810,30202352,30202365,13
channel-340,3129,30202352,30202395,43
channel-750,680811,30202358,30202363,5
channel-208,1489147,30202367,30202378,11
channel-326,537284,30202368,30202378,10
channel-1,408012,30202370,30202379,9
channel-750,680812,30202374,30202405,31
channel-6994,1322490,30202378,30202388,10
channel-0,4035814,30202381,30202390,9
channel-79703,4391,30202385,30202399,14
channel-326,537285,30202394,30202399,5
channel-874,292254,30202397,30202409,12
channel-148,16074,30202411,30202418,7
channel-208,1489148,30202414,30202423,9
channel-208,1489149,30202415,30202423,8
channel-87,182884,30202425,30202434,9
channel-0,4035815,30202427,30202438,11
channel-89298,18539,30202428,30202438,10
channel-750,680813,30202428,30202432,4
channel-750,680814,30202428,30202432,4
channel-208,1489150,30202438,30202449,11
channel-85077,58919,30202438,30202470,32
channel-750,680815,30202450,30202468,18
channel-208,1489151,30202451,30202464,13
channel-208,1489152,30202451,30202464,13
channel-216,94043,30202452,30202456,4
channel-2188,43402,30202456,30202461,5
channel-4,166747,30202457,30202480,23
channel-642,126464,30202461,30202501,40
channel-750,680816,30202472,30202476,4
channel-642,126465,30202473,30202522,49
channel-750,680817,30202474,30202481,7
channel-208,1489153,30202482,30202494,12
channel-2188,43403,30202484,30202488,4
channel-91017,2699,30202487,30202496,9
channel-216,94044,30202491,30202496,5
channel-208,1489154,30202492,30202501,9
channel-75,844474,30202501,30202507,6
channel-208,1489155,30202501,30202510,9
channel-208,1489156,30202512,30202522,10
channel-320,119118,30202513,30202520,7
channel-750,680818,30202521,30202542,21
channel-208,1489157,30202529,30202547,18
channel-0,4035816,30202529,30202540,11
channel-208,1489158,30202532,30202547,15
channel-750,680819,30202537,30202542,5
channel-85077,58920,30202542,30202585,43
channel-0,4035817,30202543,30202555,12
channel-750,680820,30202551,30202571,20
channel-122,667452,30202553,30202556,3
channel-0,4035818,30202554,30202572,18
channel-6787,166567,30202557,30202562,5
channel-750,680821,30202564,30202573,9
channel-2494,31843,30202565,30202575,10
channel-0,4035819,30202568,30202575,7
channel-0,4035820,30202572,30202584,12
channel-6994,1322491,30202573,30202591,18
channel-782,310009,30202573,30202579,6
channel-75,844475,30202576,30202584,8
channel-2188,43404,30202579,30202584,5
channel-208,1489159,30202579,30202587,8
channel-0,4035821,30202584,30202603,19
channel-750,680822,30202584,30202603,19
channel-750,680823,30202586,30202595,9
channel-750,680824,30202586,30202595,9
channel-85077,58921,30202591,30202617,26
channel-0,4035822,30202591,30202603,12
channel-20082,9851,30202595,30202606,11
channel-750,680825,30202596,30202603,7
channel-750,680826,30202600,30202615,15
channel-208,1489160,30202600,30202610,10
channel-1,408013,30202605,30202615,10
channel-91017,2700,30202605,30202613,8
channel-341,3376,30202605,30202616,11
channel-750,680827,30202609,30202630,21
channel-0,4035823,30202615,30202637,22
channel-85077,58922,30202618,30202648,30
channel-4,166748,30202620,30202656,36
channel-208,1489161,30202626,30202635,9
channel-85077,58923,30202628,30202648,20
channel-2188,43405,30202631,30202635,4
channel-208,1489162,30202631,30202643,12
channel-229,54989,30202639,30202647,8
channel-750,680828,30202639,30202645,6
channel-85077,58924,30202640,30202648,8
channel-208,1489163,30202641,30202653,12
channel-4,166749,30202644,30202669,25
channel-91017,2701,30202645,30202653,8
channel-208,1489164,30202652,30202661,9
channel-85077,58925,30202654,30202677,23
channel-20082,9852,30202656,30202668,12
channel-642,126466,30202657,30202687,30
channel-750,680829,30202660,30202672,12
channel-208,1489165,30202663,30202673,10
channel-6994,1322492,30202675,30202714,39
channel-94814,3685,30202675,30202687,12
channel-208,1489166,30202675,30202686,11
channel-0,4035824,30202677,30202685,8
channel-6994,1322493,30202685,30202695,10
channel-88,466988,30202693,30202704,11
channel-341,3377,30202693,30202701,8
channel-208,1489167,30202695,30202705,10
channel-208,1489168,30202697,30202705,8
channel-750,680830,30202699,30202712,13
channel-19774,345662,30202708,30202716,8
channel-0,4035825,30202710,30202727,17
channel-750,680831,30202710,30202723,13
channel-0,4035826,30202719,30202731,12
channel-85077,58926,30202726,30202753,27
channel-750,680832,30202730,30202735,5
channel-208,1489169,30202732,30202741,9
channel-85077,58927,30202755,30202781,26
channel-208,1489170,30202758,30202769,11
channel-0,4035827,30202765,30202774,9
channel-208,1489171,30202768,30202779,11
channel-122,667453,30202772,30202775,3
channel-0,4035828,30202788,30202800,12
channel-522,40402,30202793,30202804,11
channel-750,680833,30202799,30202803,4
channel-75,844476,30202800,30202806,6
channel-146,20021,30202807,30202816,9
channel-143,128221,30202811,30202820,9
channel-19774,345663,30202812,30202823,11
channel-750,680834,30202815,30202820,5
channel-75,844477,30202815,30202832,17
channel-6994,1322494,30202815,30202825,10
channel-2,130556,30202816,30202827,11
channel-88,466989,30202816,30202889,73
channel-750,680835,30202818,30202834,16
channel-874,292255,30202818,30202822,4
channel-77,50247,30202824,30202833,9
channel-75,844478,30202828,30202846,18
channel-4,166750,30202830,30202844,14
channel-2188,43406,30202832,30202837,5
channel-1,408014,30202832,30202868,36
channel-0,4035829,30202833,30202854,21
channel-208,1489172,30202838,30202848,10
channel-38946,123944,30202848,30202874,26
channel-6994,1322495,30202848,30202862,14
channel-326,537286,30202856,30202867,11
channel-148,16075,30202857,30202866,9
channel-21113,25272,30202858,30202864,6
channel-259,314113,30202866,30202871,5
channel-208,1489173,30202871,30202886,15
channel-0,4035830,30202878,30202889,11
channel-750,680836,30202902,30202918,16
channel-6897,5622,30202912,30202920,8
channel-208,1489174,30202915,30202925,10
channel-874,292256,30202918,30202925,7
channel-1429,140632,30202918,30202929,11
channel-188,190501,30202918,30202962,44
channel-75,844479,30202923,30202931,8
channel-42,1489764,30202923,30202931,8
channel-4,166751,30202924,30202957,33
channel-85077,58928,30202924,30202954,30
channel-2188,43407,30202927,30202931,4
channel-143,128222,30202927,30202939,12
channel-75,844480,30202929,30202936,7
channel-91017,2702,30202930,30202939,9
channel-0,4035831,30202931,30202940,9
channel-0,4035832,30202932,30202957,25
channel-874,292257,30202941,30202947,6
channel-199,132472,30202943,30202951,8
channel-181,13577,30202948,30202957,9
channel-750,680837,30202949,30202954,5
channel-0,4035833,30202950,30202957,7
channel-2188,43408,30202954,30202957,3
channel-75,844481,30202957,30202963,6
channel-208,1489175,30202962,30202974,12
channel-251,85119,30202967,30202976,9
channel-208,1489176,30202972,30202982,10
channel-2188,43409,30202974,30202979,5
channel-412,64379,30202974,30202988,14
channel-38946,123945,30202978,30202989,11
channel-750,680838,30202983,30202988,5
channel-750,680839,30202984,30203001,17
channel-216,94045,30202988,30202993,5
channel-750,680840,30202995,30202999,4
channel-750,680841,30203000,30203005,5
channel-320,119119,30203000,30203011,11
channel-1,408015,30203003,30203039,36
channel-199,132473,30203004,30203029,25
channel-6994,1322496,30203007,30203015,8
channel-259,314114,30203007,30203012,5
channel-0,4035834,30203007,30203018,11
channel-2188,43410,30203015,30203020,5
channel-0,4035835,30203015,30203029,14
channel-750,680842,30203015,30203020,5
channel-4,166752,30203021,30203043,22
channel-208,1489177,30203023,30203034,11
channel-4,166753,30203028,30203045,17
channel-208,1489178,30203029,30203041,12
channel-122,667454,30203030,30203034,4
channel-642,126467,30203031,30203130,99
channel-0,4035836,30203031,30203042,11
channel-412,64380,30203037,30203045,8
channel-2,130557,30203041,30203051,10
channel-88,466990,30203042,30203063,21
channel-2188,43411,30203043,30203050,7
channel-6994,1322497,30203044,30203057,13
channel-874,292258,30203057,30203066,9
channel-42,1489765,30203058,30203064,6
channel-199,132474,30203062,30203071,9
channel-85077,58929,30203067,30203079,12
channel-2188,43412,30203068,30203072,4
channel-750,680843,30203070,30203075,5
channel-0,4035837,30203084,30203097,13
channel-1,408016,30203096,30203123,27
channel-1,408017,30203097,30203123,26
channel-188,190502,30203097,30203107,10
channel-341,3378,30203097,30203106,9
channel-216,94046,30203098,30203102,4
channel-208,1489179,30203098,30203104,6
channel-259,314115,30203099,30203105,6
channel-750,680844,30203101,30203103,2
channel-188,190503,30203103,30203111,8
channel-0,4035838,30203105,30203114,9
channel-0,4035839,30203106,30203114,8
channel-750,680845,30203107,30203112,5
channel-208,1489180,30203114,30203125,11
channel-88,466991,30203114,30203268,154
channel-750,680846,30203115,30203119,4
channel-38946,123946,30203116,30203127,11
channel-77,50248,30203123,30203131,8
channel-42,1489766,30203125,30203131,6
channel-2188,43413,30203130,30203135,5
channel-208,1489181,30203130,30203141,11
channel-0,4035840,30203130,30203139,9
channel-0,4035841,30203130,30203139,9
channel-6994,1322498,30203133,30203146,13
channel-1429,140633,30203140,30203147,7
channel-783,104149,30203142,30203149,7
channel-75,844482,30203153,30203174,21
channel-0,4035842,30203154,30203163,9
channel-750,680847,30203154,30203166,12
channel-874,292259,30203158,30203164,6
channel-412,64381,30203173,30203181,8
channel-1424,7327,30203177,30203189,12
channel-0,4035843,30203177,30203187,10
channel-89298,18541,30203178,30203189,11
channel-259,314116,30203186,30203192,6
channel-75,844483,30203188,30203195,7
channel-143,128223,30203188,30203200,12
channel-642,126468,30203195,30203212,17
channel-2188,43414,30203197,30203201,4
channel-216,94047,30203200,30203204,4
channel-1,408018,30203200,30203231,31
channel-208,1489182,30203202,30203212,10
channel-874,292260,30203202,30203208,6
channel-750,680848,30203202,30203207,5
channel-412,64382,30203206,30203215,9
channel-75,844484,30203208,30203253,45
channel-143,128224,30203208,30203217,9
channel-4,166754,30203215,30203256,41
channel-85077,58930,30203219,30203248,29
channel-874,292261,30203220,30203226,6
channel-208,1489183,30203220,30203232,12
channel-259,314117,30203224,30203230,6
channel-0,4035844,30203226,30203239,13
channel-2188,43415,30203227,30203231,4
channel-42,1489767,30203228,30203238,10
channel-0,4035845,30203230,30203239,9
channel-22172,2610,30203234,30203244,10
channel-88,466992,30203234,30203272,38
channel-4,166755,30203237,30203256,19
channel-412,64383,30203239,30203249,10
channel-88,466993,30203240,30203272,32
channel-21113,25273,30203246,30203252,6
channel-42,1489768,30203251,30203261,10
channel-642,126469,30203257,30203328,71
channel-750,680849,30203257,30203266,9
channel-0,4035846,30203257,30203284,27
channel-75,844485,30203258,30203267,9
channel-19774,345664,30203258,30203269,11
channel-341,3379,30203260,30203271,11
channel-0,4035847,30203260,30203272,12
channel-412,64384,30203268,30203276,8
channel-0,4035848,30203275,30203284,9
channel-208,1489184,30203275,30203287,12
channel-6994,1322499,30203276,30203286,10
channel-782,310011,30203279,30203284,5
channel-42,1489769,30203282,30203292,10
channel-326,537287,30203283,30203290,7
channel-4,166756,30203285,30203329,44
channel-2188,43416,30203291,30203295,4
channel-259,314118,30203291,30203297,6
channel-0,4035849,30203293,30203304,11
channel-181,13578,30203297,30203306,9
channel-1,408019,30203302,30203348,46
channel-750,680850,30203303,30203312,9
channel-0,4035850,30203325,30203334,9
channel-199,132475,30203329,30203352,23
channel-0,4035851,30203330,30203336,6
channel-208,1489185,30203330,30203340,10
channel-208,1489186,30203332,30203343,11
channel-208,1489187,30203332,30203343,11
channel-208,1489188,30203335,30203347,12
channel-0,4035852,30203339,30203350,11
channel-188,190504,30203341,30203353,12
channel-2188,43417,30203348,30203353,5
channel-0,4035853,30203365,30203374,9
channel-94814,3686,30203366,30203382,16
channel-412,64385,30203369,30203377,8
channel-5,184177,30203373,30203385,12
channel-0,4035854,30203385,30203390,5
channel-1,408020,30203386,30203420,34
channel-750,680851,30203387,30203391,4
channel-642,126470,30203389,30203429,40
channel-251,85120,30203389,30203399,10
channel-783,104150,30203404,30203411,7
channel-6994,1322500,30203406,30203419,13
channel-85077,58931,30203406,30203415,9
channel-216,94048,30203410,30203414,4
channel-326,537288,30203413,30203418,5
channel-0,4035855,30203414,30203427,13
channel-750,680852,30203430,30203439,9
channel-85077,58932,30203436,30203447,11
channel-8,43446,30203438,30203456,18
channel-143,128225,30203444,30203456,12
channel-2188,43418,30203455,30203460,5
channel-750,680853,30203461,30203471,10
channel-0,4035856,30203462,30203474,12
channel-0,4035857,30203475,30203484,9
channel-94814,3687,30203475,30203488,13
channel-89298,18542,30203476,30203489,13
channel-208,1489189,30203477,30203486,9
channel-2188,43419,30203478,30203483,5
channel-6994,1322501,30203493,30203505,12
channel-750,680854,30203495,30203511,16
channel-522,40403,30203508,30203517,9
channel-208,1489190,30203509,30203517,8
channel-85077,58933,30203531,30203570,39
channel-0,4035858,30203533,30203556,23
channel-2,130558,30203535,30203544,9
channel-326,537289,30203540,30203561,21
channel-0,4035859,30203542,30203555,13
channel-1429,140634,30203556,30203565,9
channel-874,292262,30203557,30203561,4
channel-326,537290,30203558,30203561,3
channel-115,20319,30203562,30203572,10
channel-97998,37,30203563,30203570,7
channel-89321,19295,30203565,30203594,29
channel-0,4035860,30203567,30203576,9
channel-412,64386,30203575,30203584,9
channel-0,4035861,30203594,30203608,14
channel-750,680855,30203595,30203600,5
channel-42,1489770,30203595,30203608,13
channel-750,680856,30203608,30203627,19
channel-0,4035862,30203611,30203622,11
channel-6994,1322502,30203613,30203627,14
channel-19774,345665,30203640,30203651,11
channel-750,680857,30203643,30203649,6
channel-6994,1322503,30203651,30203663,12
channel-412,64387,30203653,30203662,9
channel-42,1489771,30203654,30203662,8
channel-204,670701,30203657,30203667,10
channel-783,104151,30203658,30203667,9
channel-326,537291,30203661,30203666,5
channel-0,4035863,30203664,30203675,11
channel-0,4035864,30203666,30203678,12
channel-874,292263,30203674,30203688,14
channel-38946,123947,30203679,30203692,13
channel-2188,43420,30203680,30203684,4
channel-0,4035865,30203680,30203704,24
channel-4,166757,30203681,30203695,14
channel-642,126471,30203682,30203744,62
channel-208,1489191,30203682,30203695,13
channel-216,94049,30203685,30203689,4
channel-0,4035866,30203689,30203699,10
channel-0,4035867,30203693,30203704,11
channel-0,4035868,30203695,30203704,9
channel-0,4035869,30203698,30203709,11
channel-0,4035870,30203700,30203709,9
channel-259,314119,30203704,30203713,9
channel-4,166758,30203705,30203717,12
channel-88,466994,30203707,30203719,12
channel-874,292264,30203716,30203720,4
channel-6994,1322504,30203729,30203738,9
channel-874,292265,30203732,30203738,6
channel-326,537292,30203733,30203741,8
channel-0,4035871,30203734,30203743,9
channel-6994,1322505,30203736,30203749,13
channel-750,680858,30203751,30203761,10
channel-0,4035872,30203752,30203765,13
channel-77,50249,30203755,30203764,9
channel-42,1489772,30203757,30203764,7
channel-75,844486,30203758,30203767,9
channel-750,680859,30203767,30203772,5
channel-0,4035873,30203769,30203780,11
channel-6994,1322506,30203782,30203796,14
channel-0,4035874,30203787,30203796,9
channel-6994,1322507,30203795,30203816,21
channel-6994,1322508,30203799,30203825,26
channel-412,64388,30203803,30203811,8
channel-42,1489773,30203806,30203818,12
channel-188,190505,30203806,30203822,16
channel-184,137334,30203809,30203819,10
channel-0,4035875,30203814,30203824,10
channel-1,408021,30203816,30203847,31
channel-750,680860,30203825,30203835,10
channel-874,292266,30203829,30203836,7
channel-199,132476,30203829,30203859,30
channel-412,64389,30203835,30203850,15
channel-208,1489192,30203835,30203849,14
channel-6994,1322509,30203837,30203874,37
channel-750,680861,30203846,30203865,19
channel-165,71384,30203849,30203857,8
channel-4,166759,30203851,30203872,21
channel-42,1489774,30203853,30203861,8
channel-204,670703,30203859,30203868,9
channel-6994,1322510,30203861,30203874,13
channel-874,292267,30203861,30203868,7
channel-75,844487,30203864,30203888,24
channel-122,667455,30203865,30203869,4
channel-204,670704,30203870,30203876,6
channel-750,680862,30203881,30203900,19
channel-6994,1322511,30203881,30203893,12
channel-320,119120,30203885,30203899,14
channel-412,64390,30203887,30203898,11
channel-75,844488,30203888,30203895,7
channel-259,314120,30203888,30203893,5
channel-341,3380,30203890,30203900,10
channel-208,1489193,30203891,30203901,10
channel-199,132477,30203893,30203902,9
channel-143,128226,30203895,30203906,11
channel-642,126472,30203900,30204030,130
channel-259,314121,30203907,30203912,5
channel-113,301248,30203908,30203917,9
channel-341,3381,30203911,30203922,11
channel-75,844489,30203920,30203926,6
channel-1429,140635,30203921,30203933,12
channel-2188,43421,30203925,30203929,4
channel-750,680863,30203925,30203930,5
channel-0,4035876,30203930,30203953,23
channel-0,4035877,30203930,30203945,15
channel-0,4035878,30203931,30203953,22
channel-0,4035879,30203934,30203953,19
channel-341,3382,30203935,30203946,11
channel-216,94050,30203936,30203940,4
channel-0,4035880,30203938,30203945,7
channel-750,680864,30203940,30203945,5
channel-1429,140636,30203940,30203949,9
channel-750,680865,30203942,30203950,8
channel-208,1489194,30203943,30203956,13
channel-874,292268,30203945,30203953,8
channel-122,667456,30203954,30203958,4
channel-251,85121,30203954,30203967,13
channel-85077,58934,30203955,30203982,27
channel-6994,1322512,30203960,30203974,14
channel-750,680866,30203961,30203970,9
channel-208,1489195,30203962,30203975,13
channel-1429,140637,30203964,30203976,12
channel-42,1489775,30203981,30203989,8
channel-229,54990,30203985,30203992,7
channel-750,680867,30203987,30203991,4
channel-750,680868,30203992,30203996,4
channel-85791,3688,30204009,30204018,9
channel-19774,345666,30204019,30204030,11
channel-208,1489196,30204023,30204033,10
channel-19774,345667,30204026,30204048,22
channel-0,4035881,30204040,30204068,28
channel-143,128227,30204042,30204058,16
channel-75,844490,30204047,30204065,18
channel-19774,345668,30204053,30204062,9
channel-6994,1322513,30204067,30204079,12
channel-199,132478,30204067,30204096,29
channel-199,132479,30204068,30204083,15
channel-19774,345669,30204072,30204083,11
channel-75,844491,30204073,30204080,7
channel-19774,345670,30204078,30204088,10
channel-19774,345671,30204081,30204093,12
channel-0,4035882,30204083,30204107,24
channel-42,1489776,30204083,30204092,9
channel-0,4035883,30204085,30204115,30
channel-0,4035884,30204086,30204107,21
channel-0,4035885,30204095,30204107,12
channel-6994,1322514,30204096,30204107,11
channel-340,3130,30204101,30204120,19
channel-19774,345672,30204102,30204111,9
channel-874,292269,30204106,30204112,6
channel-85791,3689,30204109,30204115,6
channel-874,292270,30204112,30204119,7
channel-19774,345673,30204113,30204127,14
channel-19774,345674,30204115,30204127,12
channel-874,292271,30204122,30204127,5
channel-19774,345675,30204127,30204145,18
channel-412,64391,30204129,30204140,11
channel-874,292272,30204141,30204147,6
channel-19774,345676,30204145,30204154,9
channel-208,1489197,30204148,30204157,9
channel-208,1489198,30204151,30204162,11
channel-0,4035886,30204164,30204191,27
channel-19774,345677,30204165,30204177,12
channel-874,292273,30204171,30204177,6
channel-19774,345678,30204171,30204179,8
channel-72,516373,30204175,30204205,30
channel-19774,345679,30204177,30204189,12
channel-6994,1322515,30204191,30204203,12
channel-216,94051,30204194,30204198,4
channel-19774,345680,30204195,30204203,8
channel-259,314122,30204196,30204204,8
channel-6994,1322516,30204201,30204279,78
channel-19774,345681,30204204,30204221,17
channel-75,844492,30204212,30204227,15
channel-6994,1322517,30204217,30204248,31
channel-1429,140638,30204222,30204231,9
channel-6994,1322518,30204231,30204242,11
channel-874,292274,30204232,30204238,6
channel-42,1489777,30204238,30204246,8
channel-188,190506,30204239,30204258,19
channel-22172,2611,30204240,30204250,10
channel-0,4035887,30204242,30204266,24
channel-6994,1322519,30204242,30204252,10
channel-19774,345682,30204243,30204255,12
channel-2188,43422,30204244,30204249,5
channel-88,466995,30204244,30204266,22
channel-75,844493,30204244,30204250,6
channel-6787,166568,30204245,30204249,4
channel-204,670706,30204245,30204255,10
channel-412,64392,30204249,30204260,11
channel-259,314123,30204254,30204259,5
channel-19774,345683,30204255,30204266,11
channel-642,126473,30204262,30204367,105
channel-4,166760,30204262,30204287,25
channel-148,16076,30204262,30204268,6
channel-19774,345684,30204264,30204274,10
channel-0,4035888,30204266,30204278,12
channel-0,4035889,30204266,30204278,12
channel-874,292275,30204266,30204273,7
channel-750,680869,30204269,30204274,5
channel-1,408022,30204278,30204288,10
channel-19774,345685,30204280,30204290,10
channel-782,310012,30204281,30204287,6
channel-874,292276,30204283,30204290,7
channel-0,4035890,30204284,30204292,8
channel-146,20022,30204284,30204302,18
channel-42,1489778,30204285,30204291,6
channel-208,1489199,30204290,30204303,13
channel-0,4035891,30204311,30204334,23
channel-874,292277,30204314,30204320,6
channel-6787,166569,30204325,30204329,4
channel-874,292278,30204328,30204336,8
channel-19774,345686,30204328,30204337,9
channel-783,104152,30204330,30204338,8
channel-874,292279,30204339,30204346,7
channel-0,4035892,30204347,30204356,9
channel-143,128228,30204347,30204361,14
channel-85077,58935,30204350,30204365,15
channel-75,844494,30204352,30204360,8
channel-19774,345687,30204362,30204370,8
channel-75,844495,30204370,30204377,7
channel-874,292280,30204374,30204379,5
channel-0,4035893,30204376,30204387,11
channel-0,4035894,30204379,30204406,27
channel-75,844496,30204386,30204391,5
channel-85077,58936,30204387,30204395,8
channel-1429,140639,30204388,30204398,10
channel-0,4035895,30204391,30204400,9
channel-208,1489200,30204399,30204409,10
channel-75,844497,30204404,30204411,7
channel-874,292281,30204405,30204410,5
channel-6787,166570,30204408,30204413,5
channel-38946,123948,30204408,30204425,17
channel-259,314124,30204408,30204414,6
channel-113,301249,30204409,30204425,16
channel-6994,1322520,30204410,30204422,12
channel-1,408023,30204415,30204431,16
channel-874,292282,30204420,30204438,18
channel-19774,345688,30204422,30204437,15
channel-19774,345689,30204425,30204437,12
channel-750,680870,30204428,30204445,17
channel-1,408024,30204429,30204484,55
channel-75,844498,30204436,30204443,7
channel-208,1489201,30204441,30204452,11
channel-143,128229,30204442,30204454,12
channel-42,1489779,30204443,30204452,9
channel-874,292283,30204447,30204458,11
channel-181,13579,30204447,30204455,8
channel-0,4035896,30204449,30204477,28
channel-874,292284,30204455,30204462,7
channel-6994,1322521,30204457,30204471,14
channel-144,86666,30204461,30204471,10
channel-750,680871,30204471,30204476,5
channel-208,1489202,30204472,30204483,11
channel-874,292285,30204476,30204482,6
channel-199,132480,30204477,30204484,7
channel-19774,345690,30204477,30204485,8
channel-216,94052,30204478,30204482,4
channel-874,292286,30204485,30204494,9
channel-320,119121,30204486,30204541,55
channel-1,408025,30204496,30204506,10
channel-340,3131,30204497,30204505,8
channel-208,1489203,30204501,30204509,8
channel-184,137335,30204502,30204512,10
channel-0,4035897,30204506,30204515,9
channel-412,64393,30204507,30204516,9
channel-85077,58937,30204507,30204516,9
channel-19774,345691,30204518,30204527,9
channel-204,670707,30204518,30204526,8
channel-6994,1322522,30204519,30204550,31
channel-0,4035898,30204522,30204535,13
channel-874,292287,30204522,30204530,8
channel-85077,58938,30204526,30204553,27
channel-6994,1322523,30204529,30204553,24
channel-0,4035899,30204529,30204552,23
channel-38946,123949,30204533,30204544,11
channel-320,119122,30204542,30204567,25
channel-783,104153,30204543,30204551,8
channel-0,4035900,30204544,30204552,8
channel-4,166761,30204550,30204569,19
channel-85077,58939,30204555,30204581,26
channel-6994,1322524,30204565,30204581,16
channel-165,71385,30204597,30204638,41
channel-0,4035901,30204600,30204608,8
channel-251,85122,30204603,30204615,12
channel-0,4035902,30204605,30204618,13
channel-1,408026,30204613,30204659,46
channel-1,408027,30204614,30204659,45
channel-340,3132,30204623,30204634,11
channel-122,667457,30204636,30204639,3
channel-750,680872,30204638,30204643,5
channel-19774,345692,30204638,30204647,9
channel-0,4035903,30204639,30204645,6
channel-165,71386,30204639,30204763,124
channel-19774,345693,30204645,30204652,7
channel-0,4035904,30204646,30204657,11
channel-4,166762,30204648,30204727,79
channel-6994,1322525,30204655,30204665,10
channel-320,119123,30204662,30204674,12
channel-1429,140640,30204666,30204674,8
channel-199,132481,30204667,30204677,10
channel-0,4035905,30204673,30204684,11
channel-0,4035906,30204673,30204684,11
channel-0,4035907,30204674,30204684,10
channel-6994,1322526,30204677,30204702,25
channel-320,119124,30204689,30204732,43
channel-0,4035908,30204699,30204711,12
channel-19774,345694,30204710,30204716,6
channel-1429,140641,30204711,30204722,11
channel-750,680873,30204711,30204725,14
channel-143,128230,30204714,30204754,40
channel-88,466996,30204718,30204730,12
channel-6994,1322527,30204724,30204737,13
channel-91017,2703,30204729,30204740,11
channel-75,844499,30204730,30204737,7
channel-89298,18543,30204745,30204755,10
channel-75,844500,30204748,30204753,5
channel-38946,123950,30204749,30204757,8
channel-19774,345695,30204753,30204761,8
channel-208,1489204,30204756,30204764,8
channel-340,3133,30204760,30204770,10
channel-782,310014,30204763,30204768,5
channel-2188,43423,30204767,30204772,5
channel-113,301250,30204767,30204776,9
channel-0,4035909,30204780,30204785,5
channel-251,85123,30204787,30204797,10
channel-750,680874,30204787,30204805,18
channel-143,128231,30204788,30204823,35
channel-19774,345696,30204789,30204799,10
channel-42,1489780,30204790,30204801,11
channel-750,680875,30204791,30204806,15
channel-0,4035910,30204792,30204800,8
channel-1575,15165,30204797,30204805,8
channel-6994,1322528,30204801,30204816,15
channel-0,4035911,30204813,30204822,9
channel-767,14341,30204822,30204832,10
channel-42,1489781,30204823,30204832,9
channel-89321,19296,30204829,30204839,10
channel-320,119125,30204830,30204860,30
channel-165,71387,30204832,30204964,132
channel-750,680876,30204839,30204854,15
channel-767,14342,30204845,30204855,10
channel-75,844501,30204852,30204859,7
channel-122,667458,30204865,30204869,4
channel-208,1489205,30204867,30204879,12
channel-19774,345697,30204877,30204886,9
channel-750,680877,30204882,30204887,5
channel-750,680878,30204884,30204898,14
channel-42,1489782,30204886,30204895,9
channel-0,4035912,30204896,30204907,11
channel-94814,3688,30204902,30204914,12
channel-6994,1322529,30204919,30204930,11
channel-750,680879,30204924,30204929,5
channel-1575,15166,30204928,30204938,10
channel-6994,1322530,30204938,30204946,8
channel-75,844502,30204940,30204946,6
channel-0,4035913,30204946,30204966,20
channel-38946,123951,30204946,30204961,15
channel-19774,345698,30204950,30204960,10
channel-750,680880,30204959,30204963,4
channel-208,1489206,30204971,30204981,10
channel-0,4035914,30204975,30205001,26
channel-208,1489207,30204977,30204988,11
channel-72,516374,30204979,30205033,54
channel-75,844503,30204985,30204991,6
channel-113,301251,30204986,30205000,14
channel-0,4035915,30204987,30204997,10
channel-199,132482,30204998,30205008,10
channel-208,1489208,30205006,30205016,10
channel-750,680881,30205008,30205025,17
channel-115,20320,30205020,30205028,8
channel-874,292288,30205030,30205035,5
channel-204,670708,30205032,30205051,19
channel-143,128232,30205032,30205063,31
channel-208,1489209,30205044,30205054,10
channel-75,844504,30205054,30205080,26
channel-6994,1322531,30205061,30205094,33
channel-143,128233,30205063,30205113,50
channel-199,132483,30205073,30205082,9
channel-143,128234,30205075,30205104,29
channel-94814,3689,30205083,30205092,9
channel-783,104154,30205086,30205093,7
channel-750,680882,30205088,30205095,7
channel-75,844505,30205090,30205098,8
channel-208,1489210,30205094,30205106,12
channel-75,844506,30205096,30205115,19
channel-75,844507,30205096,30205103,7
channel-184,137336,30205097,30205107,10
channel-4,166763,30205104,30205116,12
channel-326,537293,30205121,30205128,7
channel-75,844508,30205121,30205127,6
channel-0,4035916,30205122,30205129,7
channel-188,190507,30205125,30205134,9
channel-122,667459,30205125,30205128,3
channel-0,4035917,30205127,30205138,11
channel-0,4035918,30205142,30205167,25
channel-750,680883,30205144,30205152,8
channel-199,132484,30205149,30205157,8
channel-750,680884,30205151,30205156,5
channel-1,408028,30205169,30205203,34
channel-750,680885,30205171,30205182,11
channel-0,4035919,30205178,30205191,13
channel-75,844509,30205178,30205187,9
channel-0,4035920,30205189,30205214,25
channel-0,4035921,30205199,30205208,9
channel-229,54991,30205203,30205213,10
channel-0,4035922,30205206,30205214,8
channel-91017,2704,30205214,30205224,10
channel-0,4035923,30205215,30205224,9
channel-0,4035924,30205219,30205229,10
channel-75,844510,30205220,30205227,7
channel-0,4035925,30205220,30205232,12
channel-85077,58940,30205228,30205259,31
channel-0,4035926,30205241,30205253,12
channel-750,680886,30205243,30205266,23
channel-85077,58941,30205244,30205259,15
channel-75,844511,30205245,30205253,8
channel-216,94053,30205256,30205260,4
channel-75,844512,30205260,30205266,6
channel-19774,345699,30205264,30205276,12
channel-0,4035927,30205265,30205276,11
channel-0,4035928,30205267,30205276,9
channel-750,680887,30205269,30205278,9
channel-750,680888,30205279,30205293,14
channel-75,844513,30205288,30205301,13
channel-340,3134,30205288,30205300,12
channel-0,4035929,30205288,30205298,10
channel-79703,4393,30205295,30205306,11
channel-143,128235,30205301,30205323,22
channel-750,680889,30205313,30205325,12
channel-5,184178,30205316,30205325,9
channel-6787,166571,30205322,30205326,4
channel-1,408029,30205328,30205356,28
channel-750,680890,30205338,30205343,5
channel-122,667460,30205343,30205347,4
channel-208,1489211,30205348,30205359,11
channel-94814,3690,30205349,30205358,9
channel-208,1489212,30205349,30205359,10
channel-97998,38,30205361,30205365,4
channel-85077,58942,30205363,30205385,22
channel-750,680891,30205406,30205416,10
channel-750,680892,30205406,30205420,14
channel-750,680893,30205413,30205430,17
channel-0,4035930,30205416,30205424,8
channel-204,670709,30205417,30205425,8
channel-0,4035931,30205427,30205437,10
channel-165,71388,30205427,30205438,11
channel-259,314125,30205430,30205435,5
channel-326,537294,30205430,30205459,29
channel-326,537295,30205437,30205459,22
channel-874,292289,30205465,30205472,7
channel-750,680894,30205485,30205501,16
channel-782,310015,30205501,30205506,5
channel-0,4035932,30205513,30205523,10
channel-0,4035933,30205518,30205535,17
channel-251,85124,30205518,30205528,10
channel-88,466997,30205539,30205550,11
channel-326,537296,30205547,30205565,18
channel-85077,58943,30205548,30205556,8
channel-21113,25274,30205554,30205561,7
channel-0,4035934,30205564,30205579,15
channel-6994,1322532,30205564,30205576,12
channel-750,680895,30205571,30205580,9
channel-326,537297,30205573,30205578,5
channel-0,4035935,30205582,30205591,9
channel-750,680896,30205587,30205591,4
channel-750,680897,30205595,30205612,17
channel-208,1489213,30205612,30205623,11
channel-0,4035936,30205623,30205636,13
channel-326,537298,30205631,30205639,8
channel-143,128236,30205636,30205661,25
channel-874,292290,30205641,30205661,20
channel-750,680898,30205645,30205659,14
channel-75,844514,30205646,30205662,16
channel-750,680899,30205646,30205681,35
channel-0,4035937,30205659,30205670,11
channel-38946,123952,30205659,30205676,17
channel-208,1489214,30205666,30205676,10
channel-750,680900,30205685,30205695,10
channel-750,680901,30205686,30205693,7
channel-412,64394,30205715,30205724,9
channel-122,667461,30205739,30205742,3
channel-208,1489215,30205745,30205756,11
channel-750,680902,30205759,30205772,13
channel-0,4035938,30205766,30205775,9
channel-6994,1322533,30205782,30205795,13
channel-208,1489216,30205800,30205812,12
channel-0,4035939,30205801,30205816,15
channel-1,408030,30205812,30205844,32
channel-91017,2705,30205837,30205847,10
channel-38946,123953,30205850,30205864,14
channel-750,680903,30205853,30205865,12
channel-143,128237,30205858,30205868,10
channel-19774,345700,30205870,30205881,11
channel-874,292291,30205887,30205893,6
channel-750,680904,30205894,30205904,10
channel-122,667462,30205911,30205915,4
channel-85077,58944,30205933,30205944,11
channel-750,680905,30205947,30205951,4
channel-6897,5623,30205950,30205958,8
channel-259,314126,30205989,30205995,6
channel-75,844515,30205994,30206001,7
channel-0,4035940,30206000,30206007,7
channel-72,516375,30206004,30206049,45
channel-75,844516,30206004,30206025,21
channel-6994,1322534,30206014,30206043,29
channel-750,680906,30206023,30206039,16
channel-75,844517,30206025,30206032,7
channel-208,1489217,30206028,30206038,10
channel-75,844518,30206036,30206045,9
channel-326,537299,30206037,30206057,20
channel-208,1489218,30206048,30206055,7
channel-750,680907,30206054,30206069,15
channel-1424,7328,30206055,30206067,12
channel-85077,58945,30206061,30206094,33
channel-75,844519,30206065,30206070,5
channel-0,4035941,30206082,30206091,9
channel-122,667463,30206086,30206090,4
channel-19774,345701,30206096,30206105,9
channel-208,1489219,30206097,30206109,12
channel-251,85125,30206126,30206137,11
channel-208,1489220,30206164,30206177,13
channel-75,844520,30206166,30206172,6
channel-6994,1322535,30206168,30206181,13
channel-750,680908,30206170,30206175,5
channel-2494,31844,30206179,30206189,10
channel-6994,1322536,30206187,30206200,13
channel-75,844521,30206192,30206199,7
channel-85077,58946,30206216,30206246,30
channel-184,137337,30206242,30206252,10
channel-89321,19297,30206249,30206272,23
channel-6994,1322537,30206254,30206276,22
channel-874,292292,30206255,30206265,10
channel-85077,58947,30206259,30206279,20
channel-0,4035942,30206264,30206272,8
channel-85077,58948,30206278,30206311,33
channel-326,537300,30206289,30206300,11
channel-0,4035943,30206295,30206302,7
channel-75,844522,30206296,30206302,6
channel-0,4035944,30206300,30206312,12
channel-208,1489221,30206312,30206323,11
channel-143,128238,30206315,30206337,22
channel-85077,58949,30206317,30206341,24
channel-89321,19298,30206317,30206331,14
channel-89321,19299,30206328,30206364,36
channel-750,680909,30206332,30206337,5
channel-19774,345702,30206335,30206346,11
channel-750,680910,30206337,30206349,12
channel-0,4035945,30206347,30206358,11
channel-0,4035946,30206356,30206369,13
channel-750,680911,30206358,30206377,19
channel-216,94054,30206359,30206372,13
channel-6994,1322538,30206377,30206400,23
channel-0,4035947,30206385,30206395,10
channel-229,54992,30206387,30206398,11
channel-85077,58950,30206390,30206400,10
channel-4,166764,30206391,30206411,20
channel-0,4035948,30206395,30206405,10
channel-750,680912,30206414,30206418,4
channel-165,71390,30206429,30206493,64
channel-208,1489222,30206435,30206444,9
channel-89321,19300,30206441,30206450,9
channel-0,4035949,30206448,30206463,15
channel-0,4035950,30206450,30206463,13
channel-6787,166572,30206451,30206456,5
channel-6787,166573,30206457,30206462,5
channel-89321,19301,30206470,30206481,11
channel-326,537301,30206472,30206488,16
channel-165,71391,30206481,30206535,54
channel-75,844523,30206487,30206497,10
channel-6787,166574,30206492,30206499,7
channel-75,844524,30206501,30206510,9
channel-326,537302,30206513,30206520,7
channel-326,537303,30206513,30206520,7
channel-326,537304,30206513,30206520,7
channel-326,537305,30206513,30206520,7
channel-1279,67102,30206513,30206524,11
channel-750,680913,30206515,30206520,5
channel-6994,1322539,30206529,30206555,26
channel-122,667464,30206539,30206544,5
channel-750,680914,30206547,30206558,11
channel-94814,3691,30206548,30206559,11
channel-0,4035951,30206555,30206567,12
channel-1429,140642,30206555,30206564,9
channel-0,4035952,30206577,30206585,8
channel-38946,123954,30206578,30206591,13
channel-204,670710,30206587,30206594,7
channel-6994,1322540,30206589,30206614,25
channel-0,4035953,30206595,30206604,9
channel-1,408031,30206596,30206621,25
channel-143,128239,30206598,30206623,25
channel-750,680915,30206608,30206613,5
channel-750,680916,30206611,30206624,13
channel-75,844525,30206617,30206622,5
channel-85077,58951,30206622,30206639,17
channel-75,844526,30206629,30206636,7
channel-85077,58952,30206640,30206671,31
channel-165,71394,30206643,30206715,72
channel-19774,345703,30206644,30206655,11
channel-0,4035954,30206644,30206655,11
channel-6787,166575,30206664,30206668,4
channel-122,667465,30206666,30206670,4
channel-0,4035955,30206691,30206699,8
channel-4,166765,30206692,30206723,31
channel-165,71395,30206695,30206767,72
channel-750,680917,30206708,30206723,15
channel-750,680918,30206714,30206720,6
channel-0,4035956,30206716,30206727,11
channel-750,680919,30206728,30206740,12
channel-165,71396,30206749,30206760,11
channel-750,680920,30206755,30206765,10
channel-165,71397,30206768,30206806,38
channel-6994,1322541,30206770,30206781,11
channel-0,4035957,30206776,30206789,13
channel-85077,58953,30206782,30206805,23
channel-340,3135,30206787,30206797,10
channel-750,680921,30206789,30206800,11
channel-85077,58954,30206792,30206805,13
channel-6994,1322542,30206801,30206819,18
channel-75755,5519,30206801,30206810,9
channel-750,680922,30206804,30206817,13
channel-750,680923,30206807,30206819,12
channel-326,537306,30206825,30206829,4
channel-326,537307,30206850,30206871,21
channel-85077,58955,30206853,30206877,24
channel-6994,1322543,30206856,30206869,13
channel-326,537308,30206857,30206865,8
channel-750,680924,30206865,30206869,4
channel-750,680925,30206877,30206890,13
channel-750,680926,30206877,30206890,13
channel-4,166766,30206887,30206918,31
channel-208,1489223,30206903,30206913,10
channel-85077,58956,30206911,30206935,24
channel-85077,58957,30206911,30206935,24
channel-340,3136,30206914,30206923,9
channel-4,166767,30206915,30206952,37
channel-0,4035958,30206918,30206930,12
channel-750,680927,30206921,30206933,12
channel-75,844527,30206929,30206938,9
channel-326,537309,30206934,30206938,4
channel-750,680928,30206941,30206958,17
channel-0,4035959,30206949,30206961,12
channel-6994,1322544,30206952,30206961,9
channel-6994,1322545,30206953,30206966,13
channel-0,4035960,30206970,30206979,9
channel-1,408032,30206971,30206984,13
channel-326,537310,30206981,30206995,14
channel-326,537311,30206981,30206995,14
channel-326,537312,30206981,30206995,14
channel-326,537313,30206981,30206995,14
channel-122,667466,30206988,30206991,3
channel-750,680929,30207010,30207020,10
channel-75,844528,30207025,30207031,6
channel-85077,58958,30207032,30207052,20
channel-326,537314,30207039,30207044,5
channel-0,4035961,30207043,30207053,10
channel-6994,1322546,30207051,30207063,12
channel-750,680930,30207052,30207096,44
channel-42,1489783,30207072,30207108,36
channel-85077,58959,30207074,30207085,11
channel-2188,43424,30207091,30207095,4
channel-874,292293,30207093,30207098,5
channel-4,166768,30207094,30207132,38
channel-326,537315,30207111,30207114,3
channel-0,4035962,30207129,30207140,11
channel-6994,1322547,30207135,30207147,12
channel-6994,1322548,30207151,30207162,11
channel-42,1489784,30207153,30207198,45
channel-0,4035963,30207155,30207166,11
channel-0,4035964,30207157,30207166,9
channel-0,4035965,30207166,30207176,10
channel-750,680931,30207167,30207171,4
channel-750,680932,30207170,30207174,4
channel-19774,345704,30207200,30207211,11
channel-6994,1322549,30207205,30207247,42
channel-38946,123955,30207212,30207220,8
channel-6994,1322550,30207227,30207237,10
channel-38946,123956,30207235,30207244,9
channel-38946,123957,30207266,30207279,13
channel-341,3383,30207279,30207287,8
channel-38946,123958,30207301,30207338,37
channel-0,4035966,30207304,30207315,11
channel-89298,18544,30207305,30207316,11
channel-88,466998,30207314,30207326,12
channel-0,4035967,30207321,30207351,30
channel-750,680933,30207327,30207332,5
channel-38946,123959,30207332,30207347,15
channel-42,1489785,30207332,30207342,10
channel-0,4035968,30207341,30207353,12
channel-38946,123960,30207351,30207364,13
channel-208,1489224,30207356,30207366,10
channel-85077,58960,30207357,30207370,13
channel-259,314127,30207359,30207366,7
channel-750,680934,30207360,30207387,27
channel-412,64395,30207360,30207370,10
channel-38946,123961,30207373,30214153,6780
channel-85791,3690,30207379,30207389,10
channel-6994,1322551,30207379,30207388,9
channel-750,680935,30207383,30207389,6
channel-412,64396,30207383,30207395,12
channel-0,4035969,30207384,30207396,12
channel-874,292294,30207384,30207389,5
channel-0,4035970,30207385,30207396,11
channel-1,408033,30207390,30207428,38
channel-208,1489225,30207391,30207403,12
channel-38946,123962,30207396,30214153,6757
channel-88,466999,30207403,30207416,13
channel-208,1489226,30207404,30207413,9
channel-750,680936,30207407,30207419,12
channel-208,1489227,30207409,30207417,8
channel-38946,123963,30207415,30207426,11
channel-320,119126,30207416,30207445,29
channel-88,467000,30207417,30207436,19
channel-6994,1322552,30207420,30207432,12
channel-0,4035971,30207422,30207434,12
channel-326,537316,30207422,30207440,18
channel-340,3137,30207432,30207444,12
channel-750,680937,30207434,30207447,13
channel-75755,5520,30207436,30207445,9
channel-208,1489228,30207437,30207447,10
channel-412,64397,30207438,30207471,33
channel-320,119127,30207445,30207511,66
channel-412,64398,30207445,30207471,26
channel-326,537317,30207446,30207454,8
channel-89298,18545,30207452,30207463,11
channel-88,467001,30207455,30207467,12
channel-412,64399,30207462,30207475,13
channel-38946,123964,30207468,30207478,10
channel-75,844529,30207475,30207496,21
channel-88,467002,30207478,30207491,13
channel-38946,123965,30207480,30207497,17
channel-88,467003,30207490,30207499,9
channel-1429,140643,30207490,30207613,123
channel-143,128240,30207495,30207529,34
channel-412,64400,30207495,30207522,27
channel-0,4035972,30207497,30207508,11
channel-75,844530,30207498,30207516,18
channel-412,64401,30207499,30207522,23
channel-38946,123966,30207499,30207514,15
channel-6994,1322553,30207506,30207519,13
channel-750,680938,30207507,30207511,4
channel-1429,140644,30207515,30207528,13
channel-88,467004,30207521,30207536,15
channel-85791,3691,30207522,30207531,9
channel-88,467005,30207535,30207550,15
channel-412,64402,30207549,30207558,9
channel-88,467006,30207551,30207563,12
channel-19774,345705,30207564,30207574,10
channel-38946,123967,30207568,30207585,17
channel-94814,3692,30207568,30207579,11
channel-412,64403,30207571,30207580,9
channel-88,467007,30207572,30207591,19
channel-88,467008,30207581,30207596,15
channel-0,4035973,30207589,30207611,22
channel-412,64404,30207590,30207600,10
channel-38946,123968,30207600,30207615,15
channel-412,64405,30207604,30207613,9
channel-0,4035974,30207604,30207613,9
channel-89321,19302,30207617,30207626,9
channel-1429,140645,30207620,30207626,6
channel-73,51326,30207620,30207631,11
channel-412,64406,30207632,30207640,8
channel-0,4035975,30207638,30207659,21
channel-38946,123969,30207642,30207656,14
channel-251,85126,30207646,30207654,8
channel-75755,5521,30207646,30207656,10
channel-42,1489786,30207647,30207652,5
channel-340,3138,30207656,30207667,11
channel-42,1489787,30207664,30207671,7
channel-750,680939,30207675,30207689,14
channel-750,680940,30207676,30207688,12
channel-1,408034,30207678,30207708,30
channel-38946,123970,30207680,30214153,6473
channel-0,4035976,30207706,30207714,8
channel-0,4035977,30207709,30207717,8
channel-1429,140646,30207709,30207716,7
channel-75755,5522,30207714,30207725,11
channel-85791,3692,30207716,30207726,10
channel-208,1489229,30207723,30207735,12
channel-750,680941,30207725,30207745,20
channel-122,667467,30207744,30207748,4
channel-750,680942,30207745,30207750,5
channel-85791,3693,30207765,30207773,8
channel-6994,1322554,30207776,30207790,14
channel-0,4035978,30207779,30207789,10
channel-122,667468,30207781,30207784,3
channel-642,126474,30207782,30207844,62
channel-88,467009,30207786,30207800,14
channel-412,64407,30207788,30207800,12
channel-1,408035,30207788,30207811,23
channel-326,537318,30207790,30207796,6
channel-0,4035979,30207790,30207799,9
channel-750,680943,30207793,30207805,12
channel-340,3139,30207803,30207811,8
channel-874,292295,30207811,30207816,5
channel-750,680944,30207811,30207833,22
channel-75755,5523,30207811,30207821,10
channel-208,1489230,30207817,30207825,8
channel-412,64408,30207820,30207831,11
channel-91017,2706,30207822,30207832,10
channel-216,94055,30207830,30207833,3
channel-0,4035980,30207835,30207845,10
channel-326,537319,30207838,30207857,19
channel-0,4035981,30207852,30207868,16
channel-0,4035982,30207856,30207868,12
channel-85791,3694,30207872,30207882,10
channel-85791,3695,30207884,30207890,6
channel-85077,58967,30207897,30207907,10
channel-88,467010,30207899,30207912,13
channel-20082,9853,30207904,30208097,193
channel-1429,140647,30207904,30207916,12
channel-199,132485,30207906,30207916,10
channel-85791,3696,30207907,30207913,6
channel-85077,58969,30207927,30207938,11
channel-122,667469,30207929,30207933,4
channel-326,537320,30207940,30207959,19
channel-0,4035983,30207944,30207955,11
channel-1429,140648,30207949,30207959,10
channel-0,4035984,30207979,30207988,9
channel-88,467011,30207981,30207997,16
channel-75,844531,30207988,30207999,11
channel-6994,1322555,30208019,30208032,13
channel-85791,3697,30208022,30208028,6
channel-38946,123971,30208026,30208042,16
channel-42,1489788,30208036,30208064,28
channel-85791,3698,30208043,30208053,10
channel-750,680945,30208044,30208049,5
channel-750,680946,30208049,30208054,5
channel-122,667470,30208056,30208059,3
channel-143,128241,30208062,30208087,25
channel-750,680947,30208071,30208081,10
channel-208,1489231,30208079,30208090,11
channel-85791,3699,30208080,30208087,7
channel-75,844532,30208096,30208103,7
channel-208,1489232,30208099,30208108,9
channel-199,132486,30208101,30208112,11
channel-85791,3700,30208102,30208116,14
channel-412,64409,30208103,30208113,10
channel-750,680948,30208104,30208108,4
channel-1429,140649,30208105,30208116,11
channel-750,680949,30208107,30208118,11
channel-85791,3701,30208109,30208121,12
channel-122,667471,30208121,30208124,3
channel-199,132487,30208135,30208161,26
channel-208,1489233,30208136,30208147,11
channel-5,184179,30208146,30208158,12
channel-750,680950,30208148,30208153,5
channel-874,292296,30208157,30208164,7
channel-208,1489234,30208161,30208171,10
channel-6994,1322556,30208172,30208182,10
channel-326,537321,30208173,30208196,23
channel-0,4035985,30208187,30208199,12
channel-874,292297,30208188,30208196,8
channel-208,1489235,30208189,30208203,14
channel-0,4035986,30208190,30208199,9
channel-0,4035987,30208194,30208204,10
channel-85791,3702,30208199,30208205,6
channel-326,537322,30208200,30208214,14
channel-0,4035988,30208206,30208217,11
channel-750,680951,30208220,30208229,9
channel-0,4035989,30208231,30208243,12
channel-6787,166576,30208239,30208244,5
channel-89321,19303,30208244,30208257,13
channel-0,4035990,30208265,30208279,14
channel-750,680952,30208266,30208272,6
channel-476,11795,30208285,30208295,10
channel-4,166769,30208285,30208320,35
channel-4,166770,30208288,30208337,49
channel-0,4035991,30208293,30208303,10
channel-122,667472,30208294,30208297,3
channel-85791,3704,30208295,30208302,7
channel-89321,19304,30208308,30208316,8
channel-88,467012,30208319,30208372,53
channel-208,1489236,30208323,30208337,14
channel-88,467013,30208323,30208372,49
channel-4,166771,30208326,30208373,47
channel-208,1489237,30208335,30208346,11
channel-85791,3705,30208335,30208346,11
channel-42,1489789,30208353,30208362,9
channel-208,1489238,30208353,30208365,12
channel-89321,19305,30208361,30208369,8
channel-750,680953,30208367,30208391,24
channel-4,166772,30208373,30208392,19
channel-340,3140,30208386,30208396,10
channel-0,4035992,30208390,30208401,11
channel-88,467014,30208397,30208410,13
channel-4,166773,30208401,30208410,9
channel-85077,58978,30208403,30208618,215
channel-750,680954,30208404,30208413,9
channel-199,132488,30208410,30208424,14
channel-85077,58979,30208415,30208618,203
channel-874,292298,30208419,30208424,5
channel-85791,3706,30208434,30208440,6
channel-89321,19306,30208435,30208445,10
channel-0,4035993,30208454,30208465,11
channel-0,4035994,30208458,30208470,12
channel-750,680955,30208464,30208473,9
channel-88,467015,30208470,30208480,10
channel-85791,3707,30208473,30208478,5
channel-6994,1322557,30208475,30208488,13
channel-88,467016,30208476,30208511,35
channel-94814,3693,30208478,30208488,10
channel-750,680956,30208480,30208490,10
channel-750,680957,30208483,30208490,7
channel-199,132489,30208496,30208505,9
channel-85077,58981,30208497,30208508,11
channel-208,1489239,30208499,30208511,12
channel-88,467017,30208499,30208519,20
channel-6994,1322558,30208502,30208513,11
channel-85791,3708,30208512,30208519,7
channel-0,4035995,30208516,30208528,12
channel-0,4035996,30208516,30208528,12
channel-85077,58982,30208519,30208529,10
channel-5,184180,30208522,30208530,8
channel-122,667473,30208523,30208526,3
channel-89321,19307,30208526,30208532,6
channel-85077,58983,30208532,30208618,86
channel-750,680958,30208534,30208540,6
channel-85077,58984,30208540,30208618,78
channel-85077,58985,30208541,30208624,83
channel-2,130559,30208541,30208553,12
channel-85077,58986,30208541,30208569,28
channel-199,132490,30208542,30208554,12
channel-750,680959,30208544,30208558,14
channel-75,844533,30208558,30208566,8
channel-85077,58987,30208563,30208624,61
channel-4,166774,30208567,30208579,12
channel-85077,58988,30208568,30208624,56
channel-0,4035997,30208577,30208587,10
channel-208,1489240,30208581,30208593,12
channel-0,4035998,30208585,30208599,14
channel-750,680960,30208586,30208601,15
channel-6994,1322559,30208591,30208603,12
channel-6994,1322560,30208599,30208612,13
channel-5,184181,30208605,30208617,12
channel-42,1489790,30208609,30208619,10
channel-1429,140650,30208611,30208621,10
channel-208,1489241,30208613,30208622,9
channel-85077,58989,30208617,30208638,21
channel-0,4035999,30208621,30208631,10
channel-326,537323,30208621,30208639,18
channel-0,4036000,30208623,30208636,13
channel-750,680961,30208623,30208636,13
channel-208,1489242,30208623,30208636,13
channel-2188,43425,30208624,30208629,5
channel-42,1489791,30208626,30208636,10
channel-4,166775,30208626,30208673,47
channel-89298,18546,30208630,30208641,11
channel-165,71399,30208636,30208647,11
channel-85077,58990,30208639,30208657,18
channel-85077,58991,30208643,30208657,14
channel-85077,58992,30208644,30208653,9
channel-208,1489243,30208645,30208657,12
channel-4,166776,30208648,30208696,48
channel-85077,58993,30208649,30208660,11
channel-85077,58994,30208650,30208662,12
channel-75755,5524,30208653,30208665,12
channel-320,119128,30208662,30208694,32
channel-85077,58995,30208664,30208673,9
channel-4,166777,30208670,30208716,46
channel-85077,58996,30208677,30208684,7
channel-750,680962,30208677,30208690,13
channel-320,119129,30208680,30208708,28
channel-340,3141,30208686,30208695,9
channel-0,4036001,30208693,30208702,9
channel-4,166778,30208696,30208738,42
channel-0,4036002,30208697,30208707,10
channel-75,844534,30208698,30208710,12
channel-75,844535,30208698,30208704,6
channel-122,667474,30208703,30208707,4
channel-85077,58997,30208705,30208711,6
channel-85077,58998,30208707,30208718,11
channel-750,680963,30208707,30208722,15
channel-229,54993,30208709,30208718,9
channel-6787,166577,30208711,30208716,5
channel-85077,58999,30208712,30208740,28
channel-75,844536,30208712,30208719,7
channel-4,166779,30208716,30208738,22
channel-75,844537,30208720,30208740,20
channel-85077,59000,30208720,30208740,20
channel-4,166780,30208727,30208738,11
channel-75,844538,30208731,30208738,7
channel-750,680964,30208733,30208748,15
channel-6787,166578,30208736,30208740,4
channel-75,844539,30208740,30208749,9
channel-2494,31845,30208742,30208752,10
channel-0,4036003,30208750,30208759,9
channel-89298,18547,30208751,30208755,4
channel-144,86667,30208759,30208768,9
channel-4,166781,30208760,30208840,80
channel-6787,166579,30208760,30208764,4
channel-6787,166580,30208767,30208772,5
channel-75,844540,30208770,30208776,6
channel-6994,1322561,30208781,30208793,12
channel-6994,1322562,30208786,30208796,10
channel-0,4036004,30208788,30208799,11
channel-75,844541,30208790,30208833,43
channel-85077,59001,30208794,30208804,10
channel-85077,59002,30208794,30208804,10
channel-6994,1322563,30208797,30208808,11
channel-4,166782,30208804,30208902,98
channel-75,844542,30208814,30208820,6
channel-20082,9854,30208816,30208828,12
channel-115,20321,30208819,30208830,11
channel-85077,59003,30208819,30208830,11
channel-0,4036005,30208830,30208839,9
channel-75,844543,30208837,30208841,4
channel-750,680965,30208839,30208853,14
channel-42,1489792,30208840,30208852,12
channel-750,680966,30208844,30208848,4
channel-0,4036006,30208845,30208855,10
channel-6994,1322564,30208849,30208862,13
channel-4,166783,30208850,30208904,54
channel-874,292299,30208853,30208857,4
channel-208,1489244,30208854,30208865,11
channel-75,844544,30208867,30208875,8
channel-122,667475,30208872,30208876,4
channel-0,4036007,30208877,30208888,11
channel-0,4036008,30208879,30208888,9
channel-73755,5816,30208881,30208889,8
channel-143,128242,30208882,30208894,12
channel-75,844545,30208886,30208894,8
channel-85077,59004,30208887,30208896,9
channel-88,467018,30208890,30208900,10
channel-874,292300,30208893,30208896,3
channel-0,4036009,30208903,30208912,9
channel-6994,1322565,30208915,30208928,13
channel-750,680967,30208915,30208926,11
channel-0,4036010,30208923,30208937,14
channel-75,844546,30208923,30208931,8
channel-42,1489793,30208925,30208932,7
channel-320,119130,30208928,30208969,41
channel-874,292301,30208934,30208939,5
channel-85077,59005,30208937,30208945,8
channel-783,104155,30208937,30208941,4
channel-85077,59006,30208939,30208947,8
channel-326,537324,30208939,30208947,8
channel-85077,59007,30208941,30208948,7
channel-122,667476,30208943,30208946,3
channel-522,40404,30208945,30208954,9
channel-0,4036011,30208947,30208958,11
channel-85077,59008,30208947,30208958,11
channel-85077,59009,30208955,30208963,8
channel-0,4036012,30208955,30208966,11
channel-6994,1322566,30208959,30209012,53
channel-85077,59010,30208964,30208986,22
channel-2186,40741,30208969,30208995,26
channel-874,292302,30208971,30208976,5
channel-0,4036013,30208972,30208982,10
channel-750,680968,30208972,30208985,13
channel-0,4036014,30208976,30208988,12
channel-326,537325,30208983,30209003,20
channel-208,1489245,30208984,30208992,8
channel-0,4036015,30208984,30208994,10
channel-143,128243,30208993,30209028,35
channel-75,844547,30208999,30209006,7
channel-0,4036016,30208999,30209010,11
channel-874,292303,30209006,30209011,5
channel-0,4036017,30209007,30209018,11
channel-85077,59011,30209010,30209017,7
channel-85077,59012,30209018,30209027,9
channel-85077,59013,30209030,30209041,11
channel-326,537326,30209031,30209039,8
channel-0,4036018,30209044,30209056,12
channel-874,292304,30209046,30209054,8
channel-0,4036019,30209059,30209071,12
channel-6994,1322567,30209061,30209099,38
channel-208,1489246,30209076,30209088,12
channel-0,4036020,30209081,30209093,12
channel-874,292305,30209087,30209092,5
channel-0,4036021,30209097,30209103,6
channel-1575,15167,30209099,30209106,7
channel-229,54994,30209103,30209111,8
channel-0,4036022,30209105,30209115,10
channel-89298,18548,30209114,30209123,9
channel-874,292306,30209123,30209130,7
channel-208,1489247,30209125,30209137,12
channel-122,667477,30209128,30209133,5
channel-750,680969,30209130,30209156,26
channel-94814,3694,30209131,30209141,10
channel-85077,59014,30209132,30209140,8
channel-750,680970,30209135,30209139,4
channel-0,4036023,30209135,30209143,8
channel-0,4036024,30209135,30209143,8
channel-6994,1322568,30209140,30209150,10
channel-85077,59015,30209140,30209149,9
channel-0,4036025,30209141,30209153,12
channel-115,20322,30209148,30209159,11
channel-122,667478,30209150,30209153,3
channel-1,408036,30209157,30209169,12
channel-874,292307,30209157,30209169,12
channel-122,667479,30209164,30209167,3
channel-89321,19308,30209166,30209184,18
channel-326,537327,30209177,30209181,4
channel-326,537328,30209177,30209181,4
channel-326,537329,30209177,30209181,4
channel-326,537330,30209177,30209181,4
channel-326,537331,30209177,30209181,4
channel-326,537332,30209177,30209181,4
channel-326,537333,30209177,30209181,4
channel-326,537334,30209177,30209181,4
channel-0,4036026,30209180,30209190,10
channel-0,4036027,30209184,30209194,10
channel-874,292308,30209190,30209196,6
channel-208,1489248,30209205,30209217,12
channel-0,4036028,30209212,30209222,10
channel-326,537335,30209214,30209221,7
channel-874,292309,30209219,30209224,5
channel-85077,59016,30209224,30209235,11
channel-1575,15168,30209229,30209238,9
channel-0,4036029,30209229,30209248,19
channel-85077,59017,30209229,30209241,12
channel-85077,59018,30209235,30209244,9
channel-85077,59019,30209236,30209250,14
channel-326,537336,30209242,30209265,23
channel-0,4036030,30209249,30209260,11
channel-0,4036031,30209249,30209260,11
channel-85077,59020,30209249,30209260,11
channel-85077,59021,30209253,30209263,10
channel-115,20323,30209255,30209265,10
channel-0,4036032,30209257,30209266,9
channel-85077,59022,30209259,30209269,10
channel-326,537337,30209263,30209279,16
channel-85077,59023,30209264,30209271,7
channel-85077,59024,30209267,30209273,6
channel-216,94056,30209271,30209275,4
channel-85077,59025,30209273,30209280,7
channel-1429,140651,30209274,30209283,9
channel-0,4036033,30209276,30209288,12
channel-75,844548,30209277,30209284,7
channel-750,680971,30209278,30209289,11
channel-0,4036034,30209288,30209300,12
channel-208,1489249,30209295,30209311,16
channel-750,680972,30209298,30209312,14
channel-750,680973,30209307,30209313,6
channel-326,537338,30209308,30209313,5
channel-326,537339,30209308,30209325,17
channel-6994,1322569,30209322,30209333,11
channel-5,184182,30209322,30209333,11
channel-6994,1322570,30209324,30209348,24
channel-85077,59026,30209330,30209341,11
channel-199,132491,30209335,30209349,14
channel-750,680974,30209338,30209352,14
channel-782,310016,30209340,30209345,5
channel-38946,123972,30209342,30209355,13
channel-0,4036035,30209346,30209356,10
channel-0,4036036,30209347,30209356,9
channel-75,844549,30209349,30209355,6
channel-72,516376,30209350,30209394,44
channel-6994,1322571,30209353,30209410,57
channel-320,119131,30209368,30209394,26
channel-38946,123973,30209368,30209379,11
channel-199,132492,30209378,30209387,9
channel-148,16077,30209378,30209385,7
channel-89298,18549,30209379,30209388,9
channel-0,4036037,30209381,30209390,9
channel-320,119132,30209382,30209398,16
channel-75,844550,30209390,30209397,7
channel-320,119133,30209393,30209527,134
channel-38946,123974,30209394,30209408,14
channel-5,184183,30209408,30209419,11
channel-38946,123975,30209410,30209426,16
channel-20082,9855,30209413,30209426,13
channel-340,3142,30209421,30209429,8
channel-874,292310,30209422,30209441,19
channel-89298,18550,30209426,30209436,10
channel-750,680975,30209428,30209444,16
channel-38946,123976,30209435,30214153,4718
channel-42,1489794,30209440,30209447,7
channel-5,184184,30209449,30209458,9
channel-38946,123977,30209450,30214153,4703
channel-326,537340,30209456,30209462,6
channel-0,4036038,30209467,30209478,11
channel-38946,123978,30209471,30209482,11
channel-0,4036039,30209472,30209484,12
channel-326,537341,30209481,30209494,13
channel-320,119134,30209485,30209527,42
channel-5,184185,30209490,30209498,8
channel-320,119135,30209493,30209503,10
channel-38946,123979,30209503,30209516,13
channel-0,4036040,30209509,30209525,16
channel-208,1489250,30209518,30209530,12
channel-38946,123980,30209521,30209534,13
channel-0,4036041,30209530,30209541,11
channel-85077,59027,30209530,30209539,9
channel-251,85127,30209534,30209544,10
channel-208,1489251,30209538,30209548,10
channel-38946,123981,30209539,30209556,17
channel-208,1489252,30209547,30209558,11
channel-782,310017,30209551,30209558,7
channel-42,1489795,30209564,30209571,7
channel-340,3143,30209570,30209579,9
channel-0,4036042,30209610,30209634,24
channel-42,1489796,30209613,30209619,6
channel-0,4036043,30209617,30209623,6
channel-6994,1322572,30209620,30209632,12
channel-85077,59028,30209625,30209640,15
channel-122,667480,30209632,30209635,3
channel-0,4036044,30209632,30209661,29
channel-6994,1322573,30209632,30209642,10
channel-89321,19309,30209640,30209650,10
channel-0,4036045,30209660,30209689,29
channel-1,408037,30209661,30209684,23
channel-0,4036046,30209672,30209685,13
channel-0,4036047,30209678,30209689,11
channel-6994,1322574,30209685,30209699,14
channel-326,537342,30209688,30209704,16
channel-85077,59029,30209688,30209696,8
channel-208,1489253,30209690,30209700,10
channel-208,1489254,30209691,30209706,15
channel-208,1489255,30209702,30209715,13
channel-750,680976,30209704,30209714,10
channel-122,667481,30209705,30209708,3
channel-0,4036048,30209717,30209727,10
channel-85077,59030,30209736,30209741,5
channel-91017,2707,30209754,30209763,9
channel-85077,59031,30209759,30209765,6
channel-75,844551,30209760,30209765,5
channel-89321,19310,30209782,30209791,9
channel-0,4036049,30209784,30209793,9
channel-85077,59032,30209784,30209792,8
channel-326,537343,30209793,30209806,13
channel-2188,43426,30209795,30209800,5
channel-6994,1322575,30209808,30209820,12
channel-208,1489256,30209812,30209824,12
channel-2188,43427,30209818,30209823,5
channel-42,1489797,30209824,30209841,17
channel-208,1489257,30209827,30209838,11
channel-0,4036050,30209828,30209836,8
channel-750,680977,30209839,30209846,7
channel-0,4036051,30209844,30209856,12
channel-75,844552,30209856,30209867,11
channel-216,94057,30209856,30209861,5
channel-216,94058,30209859,30209863,4
channel-0,4036052,30209861,30209874,13
channel-2188,43428,30209863,30209868,5
channel-2188,43429,30209865,30209869,4
channel-1,408038,30209873,30209889,16
channel-72,516377,30209876,30209912,36
channel-2188,43430,30209876,30209881,5
channel-750,680978,30209902,30209909,7
channel-42,1489798,30209909,30209917,8
channel-85077,59033,30209910,30209919,9
channel-42,1489799,30209910,30209917,7
channel-750,680979,30209914,30209930,16
channel-208,1489258,30209916,30209927,11
channel-78488,241,30209916,30209958,42
channel-42,1489800,30209919,30209935,16
channel-42,1489801,30209919,30209935,16
channel-2188,43431,30209920,30209925,5
channel-0,4036053,30209921,30209932,11
channel-1,408039,30209932,30209941,9
channel-42,1489802,30209941,30209958,17
channel-42,1489803,30209941,30209958,17
channel-6994,1322576,30209942,30209953,11
channel-42,1489804,30209944,30209958,14
channel-0,4036054,30209945,30209954,9
channel-42,1489805,30209946,30209958,12
channel-85077,59034,30209952,30209960,8
channel-188,190508,30209954,30209966,12
channel-42,1489806,30209958,30209963,5
channel-76971,12205,30209962,30209979,17
channel-1429,140652,30209964,30209971,7
channel-42,1489807,30209964,30209976,12
channel-42,1489808,30209964,30209976,12
channel-782,310018,30209965,30209972,7
channel-85077,59035,30209975,30209986,11
channel-42,1489809,30209976,30209983,7
channel-208,1489259,30209980,30209991,11
channel-1,408040,30209982,30210026,44
channel-75,844553,30209984,30209991,7
channel-216,94059,30209993,30209997,4
channel-88,467019,30209996,30210008,12
channel-0,4036055,30210014,30210028,14
channel-85077,59036,30210025,30210034,9
channel-767,14343,30210034,30210046,12
channel-75,844554,30210036,30210043,7
channel-208,1489260,30210041,30210050,9
channel-251,85128,30210043,30210051,8
channel-412,64410,30210049,30210061,12
channel-208,1489261,30210056,30210068,12
channel-85077,59037,30210058,30210066,8
channel-85077,59038,30210065,30210075,10
channel-85077,59039,30210076,30210086,10
channel-85077,59040,30210080,30210091,11
channel-0,4036056,30210111,30210125,14
channel-85791,3709,30210118,30210127,9
channel-251,85129,30210133,30210168,35
channel-85077,59041,30210137,30210143,6
channel-258,17751,30210140,30210148,8
channel-258,17752,30210145,30210153,8
channel-492,20106,30210148,30210158,10
channel-0,4036057,30210154,30210165,11
channel-2494,31846,30210154,30210165,11
channel-115,20324,30210160,30210171,11
channel-1,408041,30210172,30210201,29
channel-1575,15169,30210197,30210208,11
channel-85791,3710,30210197,30210204,7
channel-750,680980,30210198,30210215,17
channel-5,184186,30210211,30210220,9
channel-6994,1322577,30210218,30210230,12
channel-85077,59042,30210219,30210226,7
channel-85077,59043,30210222,30210235,13
channel-1,408042,30210226,30210249,23
channel-89298,18551,30210228,30210239,11
channel-184,137338,30210238,30210249,11
channel-208,1489262,30210243,30210252,9
channel-85077,59044,30210243,30210251,8
channel-0,4036058,30210246,30210271,25
channel-6994,1322578,30210249,30210263,14
channel-85791,3711,30210258,30210264,6
channel-85077,59045,30210264,30210273,9
channel-208,1489263,30210271,30210281,10
channel-0,4036059,30210273,30210284,11
channel-0,4036060,30210274,30210284,10
channel-412,64411,30210286,30210295,9
channel-204,670711,30210300,30210309,9
channel-0,4036061,30210307,30210330,23
channel-0,4036062,30210311,30210335,24
channel-874,292311,30210315,30210321,6
channel-199,132493,30210317,30210328,11
channel-5,184187,30210328,30210338,10
channel-6994,1322579,30210336,30210347,11
channel-75,844555,30210350,30210354,4
channel-0,4036063,30210350,30210359,9
channel-85077,59046,30210351,30210356,5
channel-412,64412,30210369,30210379,10
channel-38946,123982,30210370,30210382,12
channel-5413,814,30210379,30210391,12
channel-38946,123983,30210384,30210398,14
channel-750,680981,30210388,30210392,4
channel-6994,1322580,30210390,30210400,10
channel-94814,3695,30210397,30210404,7
channel-5,184188,30210400,30210794,394
channel-0,4036064,30210402,30210413,11
channel-85791,3712,30210405,30210411,6
channel-85077,59047,30210410,30210419,9
channel-341,3384,30210413,30210424,11
channel-259,314128,30210425,30210431,6
channel-6994,1322581,30210429,30210460,31
channel-38946,123984,30210429,30210451,22
channel-750,680982,30210433,30210455,22
channel-38946,123985,30210435,30210448,13
channel-259,314129,30210440,30210447,7
channel-362,86673,30210443,30210455,12
channel-38946,123986,30210449,30210463,14
channel-6994,1322582,30210450,30210460,10
channel-38946,123987,30210453,30215439,4986
channel-750,680983,30210457,30210470,13
channel-38946,123988,30210463,30222807,12344
channel-874,292312,30210463,30210468,5
channel-85791,3713,30210470,30210480,10
channel-38946,123990,30210470,30225911,15441
channel-208,1489264,30210474,30210483,9
channel-1429,140653,30210483,30210494,11
channel-85077,59048,30210502,30210511,9
channel-0,4036065,30210503,30210514,11
channel-1,408043,30210505,30210531,26
channel-2,130560,30210505,30210517,12
channel-38946,123991,30210509,30210528,19
channel-750,680984,30210519,30210534,15
channel-38946,123992,30210533,30210546,13
channel-38946,123993,30210540,30210560,20
channel-326,537344,30210547,30210552,5
channel-38946,123994,30210551,30210565,14
channel-38946,123995,30210554,30210567,13
channel-0,4036066,30210555,30210565,10
channel-75,844556,30210560,30210566,6
channel-782,310019,30210563,30210567,4
channel-75,844557,30210571,30210575,4
channel-38946,123996,30210600,30225911,15311
channel-38946,123998,30210605,30222838,12233
channel-113,301252,30210605,30210615,10
channel-0,4036067,30210631,30210641,10
channel-750,680985,30210632,30210636,4
channel-122,667482,30210634,30210639,5
channel-38946,123999,30210656,30222840,12184
channel-38946,124000,30210660,30222923,12263
channel-75,844558,30210677,30210686,9
channel-6994,1322583,30210678,30210690,12
channel-208,1489265,30210678,30210687,9
channel-750,680986,30210678,30210687,9
channel-75,844559,30210683,30210704,21
channel-76971,12206,30210685,30210712,27
channel-0,4036068,30210689,30210701,12
channel-75,844560,30210696,30210707,11
channel-0,4036069,30210696,30210706,10
channel-91017,2708,30210700,30210709,9
channel-19774,345706,30210705,30210714,9
channel-38946,124001,30210711,30210753,42
channel-38946,124002,30210712,30210753,41
channel-38946,124003,30210718,30223953,13235
channel-38946,124004,30210718,30224494,13776
channel-0,4036070,30210719,30210744,25
channel-326,537345,30210732,30210744,12
channel-0,4036071,30210736,30210744,8
channel-0,4036072,30210739,30210748,9
channel-75,844561,30210742,30210749,7
channel-750,680987,30210750,30210764,14
channel-85077,59049,30210750,30210759,9
channel-91017,2709,30210753,30210764,11
channel-75,844562,30210754,30210760,6
channel-188,190509,30210759,30210772,13
channel-0,4036073,30210761,30210771,10
channel-85077,59050,30210762,30210771,9
channel-73,51327,30210765,30210780,15
channel-208,1489266,30210771,30210782,11
channel-38946,124005,30210776,30210788,12
channel-75,844563,30210781,30210790,9
channel-0,4036074,30210783,30210810,27
channel-326,537346,30210783,30210806,23
channel-208,1489267,30210792,30210802,10
channel-38946,124006,30210794,30210809,15
channel-75,844564,30210800,30210808,8
channel-88,467020,30210803,30210823,20
channel-76971,12207,30210810,30210827,17
channel-412,64413,30210814,30210825,11
channel-208,1489268,30210835,30210847,12
channel-122,667483,30210839,30210843,4
channel-750,680988,30210847,30210859,12
channel-75,844565,30210849,30210857,8
channel-0,4036075,30210876,30210883,7
channel-85077,59051,30210894,30210903,9
channel-75,844566,30210894,30210904,10
channel-750,680989,30210894,30210902,8
channel-75,844567,30210894,30210904,10
channel-115,20325,30210897,30210906,9
channel-750,680990,30210898,30210929,31
channel-75,844568,30210904,30210912,8
channel-208,1489269,30210908,30210917,9
channel-2,130561,30210910,30210922,12
channel-75,844569,30210910,30210917,7
channel-750,680991,30210917,30210929,12
channel-750,680992,30210917,30210929,12
channel-38946,124007,30210922,30210941,19
channel-750,680993,30210933,30210941,8
channel-0,4036076,30210945,30210956,11
channel-21113,25275,30210951,30210959,8
channel-85077,59052,30210951,30210962,11
channel-85077,59053,30210959,30210970,11
channel-208,1489270,30210960,30210971,11
channel-6994,1322584,30210963,30210992,29
channel-0,4036077,30210967,30210973,6
channel-750,680994,30210969,30210984,15
channel-0,4036078,30210970,30210980,10
channel-320,119136,30210995,30211017,22
channel-6994,1322585,30211002,30211035,33
channel-204,670712,30211002,30211009,7
channel-750,680995,30211014,30211018,4
channel-320,119137,30211016,30211051,35
channel-216,94060,30211019,30211023,4
channel-750,680996,30211024,30211031,7
channel-0,4036079,30211042,30211071,29
channel-750,680997,30211052,30211074,22
channel-122,667484,30211056,30211060,4
channel-750,680998,30211059,30211068,9
channel-4,166784,30211069,30211095,26
channel-199,132494,30211075,30211083,8
channel-0,4036080,30211104,30211133,29
channel-750,680999,30211105,30211109,4
channel-2188,43432,30211113,30211117,4
channel-122,667485,30211114,30211117,3
channel-19774,345707,30211115,30211125,10
channel-750,681000,30211129,30211135,6
channel-85077,59054,30211133,30211143,10
channel-750,681001,30211141,30211147,6
channel-782,310021,30211143,30211148,5
channel-750,681002,30211150,30211163,13
channel-19774,345708,30211155,30211164,9
channel-6994,1322586,30211173,30211185,12
channel-750,681003,30211185,30211190,5
channel-326,537347,30211189,30211217,28
channel-326,537348,30211194,30211205,11
channel-122,667486,30211198,30211209,11
channel-750,681004,30211219,30211224,5
channel-5485,1698,30211233,30211245,12
channel-750,681005,30211259,30211261,2
channel-6994,1322587,30211272,30211302,30
channel-750,681006,30211284,30211302,18
channel-6994,1322588,30211292,30211305,13
channel-2494,31847,30211302,30211310,8
channel-6994,1322589,30211308,30211319,11
channel-122,667487,30211310,30211323,13
channel-113,301253,30211310,30211322,12
channel-2494,31848,30211318,30211328,10
channel-95,331588,30211327,30211351,24
channel-0,4036081,30211342,30211349,7
channel-1,408044,30211349,30211373,24
channel-522,40405,30211351,30211364,13
channel-208,1489271,30211379,30211390,11
channel-42,1489810,30211379,30211386,7
channel-91017,2710,30211386,30211395,9
channel-115,20326,30211387,30211397,10
channel-6994,1322590,30211396,30211408,12
channel-2494,31849,30211397,30211410,13
channel-2188,43433,30211402,30211505,103
channel-5485,1699,30211402,30211416,14
channel-750,681007,30211405,30211418,13
channel-0,4036082,30211416,30211428,12
channel-340,3144,30211418,30211430,12
channel-85077,59055,30211424,30211436,12
channel-6994,1322591,30211430,30211438,8
channel-97998,39,30211450,30211455,5
channel-94814,3696,30211450,30211464,14
channel-0,4036083,30211456,30211469,13
channel-0,4036084,30211457,30211469,12
channel-750,681008,30211459,30211471,12
channel-1429,140654,30211461,30211470,9
channel-0,4036085,30211464,30211476,12
channel-79703,4394,30211472,30211488,16
channel-75,844570,30211473,30211482,9
channel-6994,1322592,30211481,30211493,12
channel-1429,140655,30211487,30211499,12
channel-85077,59056,30211488,30211499,11
channel-1429,140656,30211490,30211499,9
channel-6994,1322593,30211503,30211513,10
channel-89321,19311,30211514,30211523,9
channel-1429,140657,30211515,30211526,11
channel-208,1489272,30211525,30211536,11
channel-2494,31850,30211528,30211536,8
channel-6994,1322594,30211538,30211549,11
channel-880,869,30211539,30211552,13
channel-2494,31851,30211541,30211553,12
channel-1429,140658,30211542,30211552,10
channel-0,4036086,30211560,30211571,11
channel-85077,59057,30211564,30211571,7
channel-42,1489811,30211564,30211571,7
channel-326,537349,30211566,30211572,6
channel-0,4036087,30211566,30211576,10
channel-750,681009,30211582,30211586,4
channel-750,681010,30211611,30211635,24
channel-0,4036088,30211620,30211629,9
channel-208,1489273,30211624,30211635,11
channel-1,408045,30211632,30211659,27
channel-85077,59058,30211638,30211647,9
channel-42,1489812,30211644,30211652,8
channel-750,681011,30211647,30211660,13
channel-0,4036089,30211661,30211668,7
channel-76971,12208,30211674,30211694,20
channel-5,184189,30211679,30211690,11
channel-6994,1322595,30211679,30211709,30
channel-85077,59059,30211680,30211689,9
channel-0,4036090,30211682,30211692,10
channel-85077,59060,30211701,30211713,12
channel-89298,18552,30211728,30211740,12
channel-750,681012,30211749,30211760,11
channel-326,537350,30211749,30211771,22
channel-115,20327,30211756,30211765,9
channel-750,681013,30211771,30211776,5
channel-874,292313,30211787,30211807,20
channel-89321,19312,30211800,30211816,16
channel-6787,166581,30211802,30211808,6
channel-204,670713,30211810,30211815,5
channel-199,132495,30211811,30211817,6
channel-122,667488,30211811,30211814,3
channel-2,130562,30211827,30211838,11
channel-75,844571,30211831,30211837,6
channel-89298,18553,30211847,30211855,8
channel-85077,59061,30211848,30211856,8
channel-1,408046,30211850,30211913,63
channel-208,1489274,30211869,30211879,10
channel-1,408047,30211875,30211913,38
channel-0,4036091,30211886,30211897,11
channel-0,4036092,30211895,30211907,12
channel-1429,140659,30211896,30211905,9
channel-19774,345709,30211916,30211927,11
channel-0,4036093,30211920,30211930,10
channel-0,4036094,30211928,30211940,12
channel-204,670714,30211933,30211942,9
channel-75,844572,30211940,30211947,7
channel-38946,124008,30211961,30211974,13
channel-750,681014,30211964,30211969,5
channel-0,4036095,30211965,30211973,8
channel-6994,1322596,30211988,30212015,27
channel-750,681015,30211992,30211997,5
channel-0,4036096,30211993,30212007,14
channel-0,4036097,30211996,30212007,11
channel-88,467021,30212004,30212295,291
channel-0,4036098,30212013,30212023,10
channel-0,4036099,30212013,30212023,10
channel-89298,18554,30212018,30212027,9
channel-204,670715,30212045,30212050,5
channel-0,4036100,30212053,30212059,6
channel-0,4036101,30212057,30212068,11
channel-2188,43434,30212059,30212063,4
channel-0,4036102,30212062,30212071,9
channel-19774,345710,30212063,30212074,11
channel-1,408048,30212065,30212112,47
channel-750,681016,30212065,30212077,12
channel-750,681017,30212071,30212075,4
channel-19774,345711,30212074,30212080,6
channel-750,681018,30212074,30212084,10
channel-326,537351,30212076,30212093,17
channel-750,681019,30212076,30212081,5
channel-750,681020,30212076,30212081,5
channel-0,4036103,30212077,30212086,9
channel-75,844573,30212082,30212090,8
channel-6994,1322597,30212082,30212092,10
channel-208,1489275,30212086,30212096,10
channel-0,4036104,30212086,30212117,31
channel-750,681021,30212094,30212103,9
channel-0,4036105,30212100,30212112,12
channel-0,4036106,30212100,30212112,12
channel-0,4036107,30212103,30212117,14
channel-0,4036108,30212111,30212120,9
channel-19774,345712,30212113,30212122,9
channel-0,4036109,30212114,30212123,9
channel-0,4036110,30212115,30212136,21
channel-85077,59062,30212116,30212126,10
channel-750,681022,30212118,30212123,5
channel-0,4036111,30212119,30212136,17
channel-229,54995,30212121,30212130,9
channel-750,681023,30212130,30212144,14
channel-6994,1322598,30212132,30212213,81
channel-6994,1322599,30212141,30212155,14
channel-97998,40,30212148,30212153,5
channel-326,537352,30212160,30212187,27
channel-0,4036112,30212173,30212184,11
channel-750,681024,30212177,30212183,6
channel-0,4036113,30212182,30212212,30
channel-874,292314,30212190,30212195,5
channel-6994,1322600,30212191,30212203,12
channel-204,670716,30212195,30212205,10
channel-1,408049,30212196,30212217,21
channel-750,681025,30212197,30212214,17
channel-208,1489276,30212198,30212207,9
channel-326,537353,30212207,30212213,6
channel-232,49169,30212214,30212223,9
channel-122,667489,30212221,30212223,2
channel-108,39820,30212223,30221149,8926
channel-0,4036114,30212224,30212237,13
channel-0,4036115,30212237,30212244,7
channel-0,4036116,30212238,30212250,12
channel-122,667490,30212250,30212254,4
channel-85077,59063,30212251,30212257,6
channel-6994,1322601,30212255,30212267,12
channel-750,681026,30212256,30212267,11
channel-0,4036117,30212257,30212267,10
channel-2188,43435,30212259,30212264,5
channel-750,681027,30212264,30212270,6
channel-122,667491,30212267,30212270,3
channel-85077,59064,30212268,30212278,10
channel-750,681028,30212270,30212284,14
channel-750,681029,30212270,30212284,14
channel-0,4036118,30212287,30212299,12
channel-97998,41,30212288,30212293,5
channel-0,4036119,30212297,30212303,6
channel-85077,59065,30212303,30212312,9
channel-88,467022,30212307,30212334,27
channel-0,4036120,30212313,30212321,8
channel-75,844574,30212322,30212331,9
channel-42,1489813,30212325,30212332,7
channel-6994,1322602,30212328,30212345,17
channel-204,670717,30212332,30212341,9
channel-208,1489277,30212336,30212347,11
channel-122,667492,30212354,30212357,3
channel-0,4036121,30212356,30212365,9
channel-0,4036122,30212365,30212374,9
channel-42,1489814,30212367,30212375,8
channel-85077,59066,30212370,30212381,11
channel-208,1489278,30212374,30212384,10
channel-6994,1322603,30212375,30212409,34
channel-0,4036123,30212381,30212401,20
channel-0,4036124,30212386,30212396,10
channel-6994,1322604,30212387,30212400,13
channel-522,40406,30212392,30212402,10
channel-750,681030,30212396,30212401,5
channel-750,681031,30212403,30212409,6
channel-251,85130,30212405,30212420,15
channel-0,4036125,30212412,30212424,12
channel-85077,59067,30212416,30212429,13
channel-750,681032,30212418,30212424,6
channel-199,132496,30212421,30212430,9
channel-85077,59068,30212428,30212435,7
channel-750,681033,30212433,30212445,12
channel-0,4036126,30212435,30212445,10
channel-326,537354,30212447,30212452,5
channel-181,13580,30212451,30212464,13
channel-1,408050,30212456,30212482,26
channel-0,4036127,30212459,30212469,10
channel-85077,59069,30212466,30212476,10
channel-750,681034,30212469,30212474,5
channel-0,4036128,30212472,30212484,12
channel-1,408051,30212477,30212522,45
channel-750,681035,30212486,30212490,4
channel-0,4036129,30212499,30212509,10
channel-1,408052,30212501,30212526,25
channel-204,670718,30212506,30212514,8
channel-0,4036130,30212514,30212522,8
channel-750,681036,30212517,30212522,5
channel-326,537355,30212517,30212560,43
channel-6787,166582,30212519,30212525,6
channel-0,4036131,30212521,30212531,10
channel-340,3145,30212523,30212531,8
channel-0,4036132,30212530,30212541,11
channel-42,1489815,30212530,30212536,6
channel-6994,1322605,30212535,30212588,53
channel-208,1489279,30212545,30212554,9
channel-326,537356,30212546,30212552,6
channel-1,408053,30212574,30212618,44
channel-1,408054,30212599,30212618,19
channel-85077,59070,30212603,30212614,11
channel-208,1489280,30212603,30212614,11
channel-85077,59071,30212609,30212619,10
channel-0,4036133,30212611,30212621,10
channel-6994,1322606,30212614,30212628,14
channel-1,408055,30212617,30212627,10
channel-8945,17734,30212625,30212653,28
channel-85077,59072,30212627,30212639,12
channel-1,408056,30212641,30212674,33
channel-85077,59073,30212648,30212658,10
channel-204,670720,30212648,30212660,12
channel-0,4036134,30212656,30212667,11
channel-6994,1322607,30212666,30212690,24
channel-412,64414,30212666,30212678,12
channel-0,4036135,30212675,30212688,13
channel-1,408057,30212677,30212708,31
channel-783,104156,30212689,30212705,16
channel-85077,59074,30212689,30212700,11
channel-0,4036136,30212692,30212702,10
channel-75,844575,30212694,30212700,6
channel-326,537357,30212697,30212702,5
channel-783,104157,30212708,30212713,5
channel-6994,1322608,30212713,30212724,11
channel-85077,59075,30212714,30212724,10
channel-85077,59076,30212714,30212728,14
channel-874,292315,30212725,30212732,7
channel-412,64415,30212726,30212736,10
channel-208,1489281,30212728,30212740,12
channel-88,467023,30212729,30212741,12
channel-42,1489816,30212729,30212742,13
channel-199,132497,30212731,30212739,8
channel-783,104158,30212732,30212739,7
channel-1,408058,30212732,30212742,10
channel-42,1489817,30212735,30212788,53
channel-0,4036137,30212742,30212753,11
channel-0,4036138,30212742,30212753,11
channel-783,104159,30212752,30212766,14
channel-1,408059,30212759,30212779,20
channel-85077,59077,30212763,30212772,9
channel-1,408060,30212764,30212779,15
channel-88,467024,30212774,30212789,15
channel-0,4036139,30212776,30212784,8
channel-783,104160,30212782,30212793,11
channel-1,408061,30212797,30212835,38
channel-2,130563,30212799,30212809,10
channel-208,1489282,30212807,30212817,10
channel-208,1489283,30212809,30212820,11
channel-85077,59078,30212813,30212826,13
channel-85791,3714,30212819,30212828,9
channel-85077,59079,30212828,30212837,9
channel-2494,31852,30212847,30212853,6
channel-750,681037,30212851,30212857,6
channel-6994,1322609,30212854,30212878,24
channel-85077,59080,30212859,30212870,11
channel-89298,18555,30212873,30212884,11
channel-326,537358,30212882,30212887,5
channel-8945,17735,30212884,30212908,24
channel-326,537359,30212892,30212901,9
channel-204,670722,30212900,30212906,6
channel-184,137339,30212926,30212935,9
channel-0,4036140,30212932,30212944,12
channel-251,85131,30212934,30212943,9
channel-326,537360,30212934,30212940,6
channel-326,537361,30212934,30212954,20
channel-783,104161,30212941,30212947,6
channel-42,1489818,30212944,30212951,7
channel-85077,59081,30212953,30212970,17
channel-0,4036141,30212955,30212967,12
channel-75,844576,30212965,30212971,6
channel-0,4036142,30212975,30212985,10
channel-750,681038,30212983,30213013,30
channel-750,681039,30212984,30213013,29
channel-0,4036143,30212992,30213003,11
channel-208,1489284,30212995,30213006,11
channel-6787,166583,30213010,30213014,4
channel-42,1489819,30213018,30213029,11
channel-0,4036144,30213018,30213044,26
channel-0,4036145,30213020,30213031,11
channel-204,670723,30213023,30213034,11
channel-51,20928,30213025,30213038,13
channel-750,681040,30213029,30213033,4
channel-85077,59082,30213032,30213041,9
channel-0,4036146,30213033,30213044,11
channel-750,681041,30213038,30213042,4
channel-750,681042,30213042,30213052,10
channel-0,4036147,30213048,30213057,9
channel-0,4036148,30213052,30213062,10
channel-750,681043,30213056,30213065,9
channel-0,4036149,30213068,30213077,9
channel-75,844577,30213074,30213080,6
channel-208,1489285,30213076,30213083,7
channel-0,4036150,30213082,30213094,12
channel-6994,1322610,30213088,30213103,15
channel-85077,59083,30213095,30213104,9
channel-0,4036151,30213108,30213119,11
channel-94814,3697,30213108,30213119,11
channel-42,1489820,30213113,30213122,9
channel-75,844578,30213119,30213127,8
channel-0,4036152,30213124,30213132,8
channel-1,408062,30213124,30213140,16
channel-208,1489286,30213125,30213137,12
channel-85077,59084,30213132,30213142,10
channel-208,1489287,30213132,30213142,10
channel-750,681044,30213154,30213159,5
channel-1,408063,30213156,30213165,9
channel-0,4036153,30213157,30213171,14
channel-208,1489288,30213159,30213168,9
channel-750,681045,30213164,30213169,5
channel-85077,59085,30213172,30213181,9
channel-874,292316,30213178,30213197,19
channel-208,1489289,30213183,30213191,8
channel-1429,140660,30213183,30213193,10
channel-782,310022,30213185,30213191,6
channel-750,681046,30213215,30213220,5
channel-1,408064,30213220,30213243,23
channel-326,537362,30213253,30213259,6
channel-88,467025,30213264,30213276,12
channel-204,670724,30213265,30213272,7
channel-0,4036154,30213268,30213280,12
channel-0,4036155,30213268,30213280,12
channel-0,4036156,30213274,30213289,15
channel-143,128244,30213276,30213287,11
channel-0,4036157,30213293,30213305,12
channel-1,408065,30213295,30213351,56
channel-42,1489821,30213300,30213307,7
channel-216,94061,30213303,30213307,4
channel-42,1489822,30213307,30213320,13
channel-0,4036158,30213309,30213320,11
channel-0,4036159,30213310,30213320,10
channel-0,4036160,30213316,30213327,11
channel-326,537363,30213317,30213334,17
channel-42,1489823,30213318,30213323,5
channel-750,681047,30213322,30213326,4
channel-0,4036161,30213322,30213332,10
channel-85077,59086,30213325,30213340,15
channel-42,1489824,30213330,30213341,11
channel-0,4036162,30213330,30213341,11
channel-42,1489825,30213330,30213341,11
channel-42,1489826,30213334,30213412,78
channel-0,4036163,30213334,30213341,7
channel-0,4036164,30213337,30213346,9
channel-184,137340,30213339,30213349,10
channel-88,467026,30213360,30213373,13
channel-0,4036165,30213362,30213371,9
channel-181,13581,30213367,30213379,12
channel-208,1489290,30213367,30213376,9
channel-85791,3715,30213383,30213393,10
channel-0,4036166,30213384,30213407,23
channel-0,4036167,30213388,30213398,10
channel-251,85132,30213390,30213403,13
channel-0,4036168,30213394,30213415,21
channel-42,1489827,30213429,30213440,11
channel-208,1489291,30213464,30213471,7
channel-232,49170,30213465,30213471,6
channel-91017,2711,30213467,30213472,5
channel-750,681048,30213475,30213491,16
channel-85077,59087,30213476,30213485,9
channel-216,94062,30213478,30213482,4
channel-750,681049,30213484,30213491,7
channel-85077,59088,30213490,30213502,12
channel-122,667493,30213496,30213499,3
channel-91017,2712,30213497,30213508,11
channel-232,49171,30213503,30213514,11
channel-750,681050,30213509,30213520,11
channel-122,667494,30213515,30213517,2
channel-326,537364,30213520,30213525,5
channel-750,681051,30213526,30213541,15
channel-251,85133,30213532,30213545,13
channel-1,408066,30213535,30213545,10
channel-208,1489292,30213537,30213548,11
channel-6994,1322611,30213538,30213548,10
channel-232,49172,30213546,30213557,11
channel-0,4036169,30213548,30213559,11
channel-199,132498,30213564,30213576,12
channel-0,4036170,30213570,30213581,11
channel-232,49173,30213576,30213589,13
channel-0,4036171,30213577,30213587,10
channel-6994,1322612,30213585,30213595,10
channel-326,537365,30213591,30213598,7
channel-750,681052,30213593,30213605,12
channel-91017,2713,30213600,30213609,9
channel-2494,31853,30213609,30213617,8
channel-0,4036172,30213614,30213622,8
channel-88,467027,30213623,30213641,18
channel-208,1489293,30213624,30213631,7
channel-2,130564,30213628,30213639,11
channel-77,50250,30213628,30213638,10
channel-1,408067,30213634,30213648,14
channel-0,4036173,30213637,30213646,9
channel-251,85134,30213640,30213651,11
channel-750,681053,30213641,30213654,13
channel-199,132499,30213641,30213652,11
channel-232,49174,30213643,30213653,10
channel-75,844579,30213643,30213649,6
channel-113,301254,30213646,30213659,13
channel-750,681054,30213648,30213659,11
channel-208,1489294,30213648,30213659,11
channel-2188,43436,30213684,30213688,4
channel-232,49175,30213687,30213693,6
channel-113,301255,30213687,30213694,7
channel-0,4036174,30213687,30213693,6
channel-208,1489295,30213687,30213695,8
channel-6994,1322613,30213689,30213700,11
channel-20082,9856,30213689,30213700,11
channel-750,681055,30213689,30213703,14
channel-208,1489296,30213690,30213699,9
channel-6994,1322614,30213699,30213711,12
channel-232,49176,30213714,30213723,9
channel-1,408068,30213721,30213757,36
channel-750,681056,30213726,30213731,5
channel-1,408069,30213733,30213757,24
channel-188,190510,30213735,30213802,67
channel-208,1489297,30213738,30213750,12
channel-85077,59089,30213751,30213759,8
channel-6994,1322615,30213751,30213764,13
channel-122,667495,30213765,30213773,8
channel-326,537366,30213771,30213780,9
channel-208,1489298,30213775,30213786,11
channel-1,408070,30213779,30213792,13
channel-208,1489299,30213779,30213789,10
channel-85077,59090,30213828,30213837,9
channel-208,1489300,30213836,30213849,13
channel-6994,1322616,30213837,30213847,10
channel-6994,1322617,30213857,30213887,30
channel-6994,1322618,30213859,30213869,10
channel-1,408071,30213862,30213880,18
channel-4,166785,30213862,30213878,16
channel-91017,2714,30213867,30213875,8
channel-208,1489301,30213874,30213883,9
channel-42,1489828,30213878,30213886,8
channel-42,1489829,30213886,30213893,7
channel-750,681057,30213890,30213895,5
channel-326,537367,30213892,30213915,23
channel-85077,59091,30213905,30213914,9
channel-6994,1322619,30213909,30213926,17
channel-750,681058,30213909,30213929,20
channel-0,4036175,30213910,30213921,11
channel-6994,1322620,30213911,30213926,15
channel-6994,1322621,30213914,30213932,18
channel-199,132500,30213917,30213930,13
channel-208,1489302,30213919,30213932,13
channel-19774,345713,30213921,30213932,11
channel-89298,18556,30213926,30213938,12
channel-2188,43437,30213928,30213933,5
channel-1,408072,30213929,30213947,18
channel-0,4036176,30213938,30213947,9
channel-6994,1322622,30213942,30213952,10
channel-0,4036177,30213947,30213961,14
channel-0,4036178,30213948,30213961,13
channel-42,1489830,30213959,30213971,12
channel-6994,1322623,30213960,30213973,13
channel-326,537368,30213964,30213969,5
channel-85077,59092,30213965,30213976,11
channel-208,1489303,30213965,30213976,11
channel-1,408073,30213977,30213998,21
channel-340,3146,30213994,30214006,12
channel-85077,59093,30213996,30214005,9
channel-75,844580,30213996,30214003,7
channel-6994,1322624,30213997,30214008,11
channel-6994,1322625,30213998,30214011,13
channel-91017,2715,30214001,30214008,7
channel-0,4036179,30214011,30214024,13
channel-6994,1322626,30214019,30214083,64
channel-88,467028,30214020,30214032,12
channel-232,49177,30214021,30214033,12
channel-208,1489304,30214040,30214059,19
channel-122,667496,30214050,30214053,3
channel-2188,43438,30214051,30214056,5
channel-6994,1322627,30214056,30214068,12
channel-6994,1322628,30214060,30214074,14
channel-783,104162,30214070,30214078,8
channel-208,1489305,30214076,30214086,10
channel-6994,1322629,30214077,30214088,11
channel-91017,2716,30214079,30214088,9
channel-1,408074,30214079,30214103,24
channel-75016,4555,30214082,30214103,21
channel-208,1489306,30214092,30214105,13
channel-75,844581,30214104,30214110,6
channel-208,1489307,30214104,30214112,8
channel-750,681059,30214105,30214115,10
channel-42,1489831,30214115,30214121,6
channel-251,85135,30214121,30214132,11
channel-6994,1322630,30214121,30214134,13
channel-6994,1322631,30214134,30214148,14
channel-412,64416,30214135,30214144,9
channel-38946,124009,30214150,30214167,17
channel-232,49178,30214151,30214164,13
channel-1,408075,30214153,30214194,41
channel-208,1489308,30214157,30214170,13
channel-0,4036180,30214163,30214172,9
channel-6994,1322632,30214167,30214195,28
channel-750,681060,30214172,30214177,5
channel-783,104163,30214180,30214188,8
channel-122,667497,30214202,30214205,3
channel-75,844582,30214213,30214221,8
channel-208,1489309,30214214,30214224,10
channel-0,4036181,30214215,30214226,11
channel-208,1489310,30214215,30214226,11
channel-750,681061,30214215,30214240,25
channel-122,667498,30214226,30214229,3
channel-1,408076,30214227,30214258,31
channel-94814,3698,30214242,30214252,10
channel-75,844583,30214248,30214256,8
channel-208,1489311,30214250,30214263,13
channel-326,537369,30214252,30214258,6
channel-1,408077,30214259,30214278,19
channel-0,4036182,30214265,30214284,19
channel-75,844584,30214298,30214306,8
channel-326,537370,30214300,30214321,21
channel-2188,43439,30214304,30214308,4
channel-525,6369,30214308,30214326,18
channel-208,1489312,30214322,30214344,22
channel-208,1489313,30214326,30214338,12
channel-6994,1322633,30214326,30214382,56
channel-750,681062,30214326,30214330,4
channel-2188,43440,30214329,30214334,5
channel-750,681063,30214331,30214345,14
channel-750,681064,30214332,30214345,13
channel-75,844585,30214340,30214346,6
channel-2188,43441,30214353,30214357,4
channel-0,4036183,30214368,30214378,10
channel-412,64417,30214370,30214413,43
channel-1,408078,30214372,30214404,32
channel-85077,59094,30214377,30214383,6
channel-2188,43442,30214380,30214385,5
channel-750,681065,30214381,30214390,9
channel-85077,59095,30214382,30214391,9
channel-89321,19313,30214395,30214406,11
channel-6994,1322634,30214395,30214410,15
channel-85791,3716,30214398,30214405,7
channel-208,1489314,30214400,30214411,11
channel-6994,1322635,30214414,30214424,10
channel-783,104164,30214418,30214458,40
channel-85077,59096,30214433,30214443,10
channel-208,1489315,30214441,30214449,8
channel-122,667499,30214443,30214446,3
channel-122,667500,30214443,30214446,3
channel-6994,1322636,30214445,30214480,35
channel-1,408079,30214448,30214489,41
channel-0,4036184,30214452,30214465,13
channel-750,681066,30214452,30214458,6
channel-750,681067,30214457,30214478,21
channel-89321,19314,30214484,30214489,5
channel-75755,5525,30214487,30214496,9
channel-208,1489316,30214488,30214498,10
channel-1,408080,30214492,30214511,19
channel-2188,43443,30214495,30214500,5
channel-208,1489317,30214498,30214508,10
channel-85077,59097,30214499,30214509,10
channel-0,4036185,30214516,30214525,9
channel-0,4036186,30214519,30214532,13
channel-1,408081,30214520,30214548,28
channel-85077,59098,30214536,30214544,8
channel-85791,3717,30214536,30214542,6
channel-216,94063,30214560,30214563,3
channel-19774,345714,30214565,30214574,9
channel-75,844586,30214567,30214573,6
channel-340,3147,30214577,30214587,10
channel-85077,59099,30214583,30214593,10
channel-6994,1322637,30214585,30214595,10
channel-0,4036187,30214608,30214621,13
channel-122,667501,30214611,30214614,3
channel-750,681068,30214636,30214650,14
channel-1,408082,30214637,30214659,22
channel-89298,18557,30214644,30214656,12
channel-5,184190,30214665,30214673,8
channel-750,681069,30214668,30214681,13
channel-85077,59100,30214669,30214679,10
channel-208,1489318,30214669,30214679,10
channel-251,85136,30214677,30214687,10
channel-1,408083,30214680,30214701,21
channel-750,681070,30214680,30214685,5
channel-320,119138,30214682,30214692,10
channel-326,537371,30214683,30214707,24
channel-208,1489319,30214693,30214701,8
channel-85077,59101,30214699,30214706,7
channel-1,408084,30214701,30214720,19
channel-42,1489832,30214705,30214718,13
channel-75,844587,30214716,30214722,6
channel-750,681071,30214719,30214729,10
channel-42,1489833,30214724,30214728,4
channel-251,85137,30214728,30214736,8
channel-750,681072,30214752,30214769,17
channel-750,681073,30214755,30214777,22
channel-340,3148,30214775,30214786,11
channel-75,844588,30214783,30214791,8
channel-6994,1322638,30214787,30214799,12
channel-251,85138,30214814,30214824,10
channel-85077,59102,30214816,30214826,10
channel-85077,59103,30214820,30214829,9
channel-6994,1322639,30214858,30214869,11
channel-1429,140661,30214858,30214870,12
channel-6787,166584,30214864,30214868,4
channel-208,1489320,30214865,30214877,12
channel-85077,59104,30214869,30214878,9
channel-326,537372,30214895,30214902,7
channel-75,844589,30214897,30214903,6
channel-6994,1322640,30214899,30214910,11
channel-1,408085,30214899,30214924,25
channel-75,844590,30214915,30214924,9
channel-1279,67103,30214916,30214928,12
channel-750,681074,30214924,30214931,7
channel-6994,1322641,30214927,30214939,12
channel-0,4036188,30214927,30214936,9
channel-750,681075,30214927,30214933,6
channel-91017,2717,30214932,30214942,10
channel-208,1489321,30214933,30214947,14
channel-75,844591,30214933,30214940,7
channel-750,681076,30214933,30214940,7
channel-0,4036189,30214954,30214965,11
channel-750,681077,30214959,30214964,5
channel-6994,1322642,30214963,30214972,9
channel-122,667502,30214965,30214968,3
channel-750,681078,30214966,30214977,11
channel-75,844592,30214979,30214986,7
channel-85077,59105,30214982,30214991,9
channel-782,310023,30214991,30215000,9
channel-85077,59106,30214994,30215002,8
channel-75,844593,30215001,30215008,7
channel-5,184191,30215010,30215022,12
channel-0,4036190,30215015,30215024,9
channel-0,4036191,30215019,30215028,9
channel-750,681079,30215022,30215029,7
channel-6994,1322643,30215023,30215036,13
channel-208,1489322,30215025,30215040,15
channel-0,4036192,30215026,30215038,12
channel-557,52038,30215035,30215046,11
channel-85791,3718,30215036,30215046,10
channel-75,844594,30215048,30215057,9
channel-750,681080,30215056,30215064,8
channel-750,681081,30215067,30215077,10
channel-750,681082,30215070,30215076,6
channel-0,4036193,30215074,30215086,12
channel-0,4036194,30215079,30215091,12
channel-75,844595,30215086,30215093,7
channel-750,681083,30215092,30215101,9
channel-6994,1322644,30215097,30215106,9
channel-326,537373,30215097,30215117,20
channel-0,4036195,30215103,30215121,18
channel-0,4036196,30215117,30215123,6
channel-165,71400,30215117,30215149,32
channel-85077,59107,30215117,30215126,9
channel-75,844596,30215120,30215131,11
channel-326,537374,30215121,30215130,9
channel-21113,25276,30215121,30215130,9
channel-0,4036197,30215122,30215131,9
channel-85077,59108,30215131,30215142,11
channel-87,182885,30215138,30215149,11
channel-0,4036198,30215143,30215153,10
channel-750,681084,30215148,30215161,13
channel-208,1489323,30215150,30215159,9
channel-6994,1322645,30215151,30215160,9
channel-0,4036199,30215157,30215166,9
channel-208,1489324,30215159,30215167,8
channel-113,301256,30215167,30215184,17
channel-0,4036200,30215179,30215189,10
channel-0,4036201,30215183,30215194,11
channel-208,1489325,30215183,30215193,10
channel-320,119139,30215184,30215195,11
channel-750,681085,30215187,30215197,10
channel-0,4036202,30215188,30215198,10
channel-75,844597,30215193,30215201,8
channel-89298,18558,30215193,30215204,11
channel-6994,1322646,30215199,30215210,11
channel-750,681086,30215204,30215208,4
channel-0,4036203,30215204,30215216,12
channel-6994,1322647,30215205,30215259,54
channel-6994,1322648,30215207,30215219,12
channel-750,681087,30215208,30215213,5
channel-750,681088,30215210,30215225,15
channel-199,132501,30215214,30215285,71
channel-1429,140662,30215215,30215226,11
channel-232,49179,30215217,30215229,12
channel-0,4036204,30215218,30215230,12
channel-85791,3719,30215229,30215238,9
channel-0,4036205,30215230,30215251,21
channel-1,408086,30215242,30215263,21
channel-750,681089,30215249,30215254,5
channel-0,4036206,30215251,30215261,10
channel-750,681090,30215255,30215269,14
channel-85791,3720,30215261,30215270,9
channel-0,4036207,30215272,30215287,15
channel-750,681091,30215273,30215282,9
channel-208,1489326,30215293,30215307,14
channel-874,292317,30215303,30215308,5
channel-0,4036208,30215310,30215319,9
channel-0,4036209,30215319,30215329,10
channel-208,1489327,30215332,30215344,12
channel-85791,3721,30215333,30215340,7
channel-874,292318,30215337,30215343,6
channel-750,681092,30215348,30215353,5
channel-1411,1986,30215354,30215362,8
channel-750,681093,30215357,30215362,5
channel-0,4036210,30215360,30215376,16
channel-874,292319,30215373,30215380,7
channel-122,667503,30215380,30215383,3
channel-326,537375,30215384,30215389,5
channel-1429,140663,30215384,30215395,11
channel-19774,345715,30215393,30215406,13
channel-750,681094,30215393,30215399,6
channel-0,4036211,30215394,30215404,10
channel-208,1489328,30215398,30215407,9
channel-1,408087,30215409,30215451,42
channel-148,16078,30215411,30215416,5
channel-874,292320,30215412,30215416,4
channel-0,4036212,30215412,30215419,7
channel-122,667504,30215413,30215416,3
channel-750,681095,30215417,30215429,12
channel-144,86668,30215419,30215429,10
channel-557,52039,30215421,30215433,12
channel-750,681096,30215424,30215441,17
channel-6994,1322649,30215424,30215437,13
channel-874,292321,30215426,30215433,7
channel-0,4036213,30215437,30215444,7
channel-6994,1322650,30215441,30215469,28
channel-6994,1322651,30215444,30215461,17
channel-874,292322,30215450,30215455,5
channel-1,408088,30215451,30215471,20
channel-874,292323,30215455,30215461,6
channel-148,16079,30215458,30215464,6
channel-326,537376,30215461,30215492,31
channel-557,52040,30215462,30215474,12
channel-208,1489329,30215467,30215477,10
channel-412,64418,30215469,30215479,10
channel-750,681097,30215470,30215475,5
channel-216,94064,30215473,30215477,4
channel-216,94065,30215473,30215477,4
channel-874,292324,30215485,30215492,7
channel-0,4036214,30215489,30215500,11
channel-874,292325,30215490,30215495,5
channel-19774,345716,30215491,30215501,10
channel-208,1489330,30215511,30215521,10
channel-557,52041,30215514,30215525,11
channel-874,292326,30215522,30215529,7
channel-874,292327,30215525,30215532,7
channel-1575,15170,30215526,30215534,8
channel-0,4036215,30215529,30215540,11
channel-326,537377,30215530,30215542,12
channel-326,537378,30215530,30215542,12
channel-326,537379,30215530,30215542,12
channel-326,537380,30215530,30215542,12
channel-0,4036216,30215530,30215540,10
channel-122,667505,30215550,30215553,3
channel-874,292328,30215562,30215570,8
channel-76971,12209,30215563,30215585,22
channel-750,681098,30215563,30215568,5
channel-251,85139,30215572,30215584,12
channel-85077,59109,30215576,30215586,10
channel-75,844598,30215576,30215585,9
channel-6994,1322652,30215578,30215613,35
channel-0,4036217,30215583,30215593,10
channel-199,132502,30215586,30215597,11
channel-874,292329,30215597,30215604,7
channel-750,681099,30215600,30215606,6
channel-208,1489331,30215617,30215625,8
channel-326,537381,30215618,30215624,6
channel-85077,59110,30215621,30215633,12
channel-0,4036218,30215621,30215633,12
channel-0,4036219,30215627,30215637,10
channel-750,681100,30215634,30215648,14
channel-0,4036220,30215635,30215645,10
channel-874,292330,30215636,30215641,5
channel-72,516378,30215639,30215680,41
channel-0,4036221,30215639,30215650,11
channel-767,14344,30215645,30215655,10
channel-232,49180,30215650,30215661,11
channel-0,4036222,30215650,30215660,10
channel-0,4036223,30215650,30215660,10
channel-0,4036224,30215656,30215668,12
channel-6994,1322653,30215658,30215669,11
channel-750,681101,30215668,30215674,6
channel-1,408089,30215675,30215689,14
channel-874,292331,30215676,30215681,5
channel-232,49181,30215677,30215688,11
channel-750,681102,30215693,30215703,10
channel-0,4036225,30215694,30215705,11
channel-115,20328,30215696,30215704,8
channel-750,681103,30215697,30215700,3
channel-208,1489332,30215701,30215711,10
channel-19774,345717,30215701,30215714,13
channel-874,292332,30215712,30215717,5
channel-0,4036226,30215719,30215724,5
channel-85077,59111,30215728,30215745,17
channel-782,310024,30215729,30215737,8
channel-1,408090,30215730,30215758,28
channel-0,4036227,30215731,30215740,9
channel-208,1489333,30215743,30215753,10
channel-73755,5817,30215748,30215754,6
channel-0,4036228,30215748,30215759,11
channel-1429,140664,30215750,30215757,7
channel-750,681104,30215750,30215760,10
channel-874,292333,30215752,30215757,5
channel-1429,140665,30215753,30215760,7
channel-122,667506,30215759,30215762,3
channel-6994,1322654,30215759,30215770,11
channel-0,4036229,30215759,30215768,9
channel-1,408091,30215761,30215787,26
channel-0,4036230,30215768,30215779,11
channel-750,681105,30215771,30215781,10
channel-1,408092,30215773,30215787,14
channel-874,292334,30215782,30215787,5
channel-6994,1322655,30215793,30215814,21
channel-115,20329,30215812,30215824,12
channel-6994,1322656,30215817,30215829,12
channel-85077,59112,30215822,30215838,16
channel-874,292335,30215823,30215829,6
channel-6994,1322657,30215828,30215836,8
channel-0,4036231,30215830,30215840,10
channel-75,844599,30215849,30215854,5
channel-122,667507,30215851,30215854,3
channel-750,681106,30215855,30215877,22
channel-874,292336,30215857,30215867,10
channel-6994,1322658,30215859,30215888,29
channel-122,667508,30215875,30215878,3
channel-0,4036232,30215878,30215899,21
channel-85077,59113,30215882,30215890,8
channel-326,537382,30215884,30215888,4
channel-750,681107,30215887,30215902,15
channel-0,4036233,30215888,30215899,11
channel-85077,59114,30215888,30215899,11
channel-122,667509,30215891,30215894,3
channel-0,4036234,30215905,30215915,10
channel-216,94066,30215907,30215912,5
channel-6994,1322659,30215909,30215920,11
channel-122,667510,30215909,30215912,3
channel-0,4036235,30215917,30215930,13
channel-6994,1322660,30215932,30215941,9
channel-6897,5624,30215940,30215946,6
channel-6994,1322661,30215940,30215966,26
channel-750,681108,30215941,30215959,18
channel-122,667511,30215941,30215944,3
channel-122,667512,30215949,30215952,3
channel-0,4036236,30215950,30215960,10
channel-6994,1322662,30215952,30215966,14
channel-85077,59115,30215962,30215970,8
channel-6994,1322663,30215963,30216009,46
channel-1429,140666,30215967,30215977,10
channel-208,1489334,30215970,30215981,11
channel-0,4036237,30215971,30215983,12
channel-320,119140,30215971,30216006,35
channel-75,844600,30215983,30215989,6
channel-750,681109,30215986,30215996,10
channel-208,1489335,30215987,30216008,21
channel-6994,1322664,30215987,30216003,16
channel-0,4036238,30215990,30216000,10
channel-2188,43444,30215996,30216000,4
channel-750,681110,30215996,30216008,12
channel-122,667513,30215999,30216003,4
channel-6994,1322665,30216002,30216014,12
channel-0,4036239,30216002,30216013,11
channel-199,132503,30216003,30216032,29
channel-750,681111,30216007,30216012,5
channel-81016,261,30216008,30216022,14
channel-0,4036240,30216009,30216018,9
channel-750,681112,30216011,30216016,5
channel-181,13582,30216012,30216023,11
channel-6994,1322666,30216014,30216107,93
channel-85077,59116,30216018,30216026,8
channel-1429,140667,30216019,30216029,10
channel-208,1489336,30216027,30216037,10
channel-874,292337,30216033,30216038,5
channel-0,4036241,30216033,30216044,11
channel-251,85140,30216034,30216042,8
channel-75,844601,30216036,30216044,8
channel-1,408093,30216036,30216100,64
channel-1,408094,30216037,30216101,64
channel-0,4036242,30216040,30216049,9
channel-6994,1322667,30216049,30216059,10
channel-88,467029,30216051,30216125,74
channel-85077,59117,30216058,30216069,11
channel-0,4036243,30216059,30216070,11
channel-874,292338,30216059,30216065,6
channel-122,667514,30216063,30216066,3
channel-0,4036244,30216065,30216073,8
channel-326,537383,30216070,30216093,23
channel-6994,1322668,30216071,30216107,36
channel-122,667515,30216076,30216080,4
channel-89298,18559,30216097,30216105,8
channel-1429,140668,30216099,30216106,7
channel-874,292339,30216100,30216106,6
channel-181,13583,30216105,30216114,9
channel-6994,1322669,30216108,30216118,10
channel-750,681113,30216108,30216113,5
channel-42,1489834,30216111,30216118,7
channel-199,132504,30216111,30216118,7
channel-91017,2718,30216115,30216120,5
channel-1429,140669,30216115,30216124,9
channel-750,681114,30216118,30216137,19
channel-874,292340,30216122,30216129,7
channel-6787,166585,30216131,30216136,5
channel-0,4036245,30216131,30216142,11
channel-122,667516,30216132,30216135,3
channel-0,4036246,30216135,30216147,12
channel-0,4036247,30216139,30216152,13
channel-750,681115,30216142,30216151,9
channel-874,292341,30216149,30216155,6
channel-750,681116,30216151,30216161,10
channel-6994,1322670,30216157,30216169,12
channel-750,681117,30216159,30216164,5
channel-122,667517,30216164,30216168,4
channel-0,4036248,30216166,30216177,11
channel-208,1489337,30216167,30216178,11
channel-750,681118,30216168,30216173,5
channel-6994,1322671,30216168,30216178,10
channel-115,20330,30216180,30216191,11
channel-1429,140670,30216187,30216202,15
channel-320,119141,30216192,30216219,27
channel-122,667518,30216192,30216195,3
channel-1,408095,30216193,30216201,8
channel-0,4036249,30216197,30216205,8
channel-874,292342,30216213,30216228,15
channel-6994,1322672,30216215,30216228,13
channel-0,4036250,30216218,30216228,10
channel-750,681119,30216227,30216242,15
channel-89298,18560,30216234,30216244,10
channel-38946,124010,30216244,30216267,23
channel-6787,166586,30216249,30216255,6
channel-115,20331,30216249,30216258,9
channel-874,292343,30216251,30216257,6
channel-1,408096,30216263,30216305,42
channel-0,4036251,30216266,30216278,12
channel-6994,1322673,30216280,30216290,10
channel-874,292344,30216283,30216288,5
channel-38946,124011,30216302,30216331,29
channel-874,292345,30216312,30216317,5
channel-0,4036252,30216316,30216323,7
channel-89298,18561,30216317,30216325,8
channel-42,1489835,30216318,30216340,22
channel-1,408097,30216320,30216359,39
channel-6994,1322674,30216322,30216333,11
channel-19774,345718,30216324,30216332,8
channel-0,4036253,30216333,30216345,12
channel-216,94067,30216335,30216339,4
channel-88,467030,30216341,30216355,14
channel-874,292346,30216343,30216350,7
channel-89321,19315,30216349,30216359,10
channel-0,4036254,30216357,30216370,13
channel-0,4036255,30216366,30216378,12
channel-874,292347,30216367,30216372,5
channel-6994,1322675,30216368,30216381,13
channel-874,292348,30216372,30216381,9
channel-1429,140671,30216382,30216391,9
channel-95,331589,30216384,30216400,16
channel-0,4036256,30216391,30216403,12
channel-6994,1322676,30216401,30216411,10
channel-874,292349,30216409,30216419,10
channel-2188,43445,30216412,30216417,5
channel-6994,1322677,30216421,30216429,8
channel-0,4036257,30216433,30216445,12
channel-94814,3699,30216435,30216445,10
channel-208,1489338,30216437,30216446,9
channel-208,1489339,30216444,30216454,10
channel-874,292350,30216444,30216451,7
channel-208,1489340,30216446,30216454,8
channel-208,1489341,30216447,30216459,12
channel-6994,1322678,30216468,30216478,10
channel-874,292351,30216469,30216475,6
channel-326,537384,30216470,30216493,23
channel-750,681120,30216475,30216480,5
channel-42,1489836,30216488,30216512,24
channel-122,667519,30216490,30216494,4
channel-1,408098,30216494,30216507,13
channel-874,292352,30216501,30216508,7
channel-38946,124012,30216509,30216521,12
channel-6994,1322679,30216521,30216536,15
channel-75,844602,30216526,30216534,8
channel-97998,42,30216526,30216532,6
channel-874,292353,30216534,30216544,10
channel-340,3149,30216542,30216551,9
channel-0,4036258,30216563,30216571,8
channel-750,681121,30216564,30216575,11
channel-874,292354,30216567,30216574,7
channel-208,1489342,30216568,30216579,11
channel-0,4036259,30216572,30216596,24
channel-750,681122,30216585,30216593,8
channel-88,467031,30216595,30216608,13
channel-874,292355,30216600,30216611,11
channel-85077,59118,30216601,30216609,8
channel-0,4036260,30216616,30216629,13
channel-782,310025,30216619,30216630,11
channel-115,20332,30216624,30216632,8
channel-874,292356,30216632,30216637,5
channel-782,310026,30216635,30216640,5
channel-750,681123,30216635,30216640,5
channel-6994,1322680,30216656,30216682,26
channel-874,292357,30216664,30216681,17
channel-874,292358,30216664,30216669,5
channel-0,4036261,30216667,30216679,12
channel-1,408099,30216687,30216716,29
channel-4,166786,30216687,30216708,21
channel-0,4036262,30216692,30216704,12
channel-1,408100,30216692,30216716,24
channel-85077,59119,30216702,30216713,11
channel-75,844603,30216706,30216715,9
channel-2186,40742,30216714,30216722,8
channel-0,4036263,30216719,30216728,9
channel-750,681124,30216734,30216740,6
channel-251,85141,30216747,30216757,10
channel-0,4036264,30216764,30216774,10
channel-208,1489343,30216773,30216783,10
channel-0,4036265,30216775,30216784,9
channel-216,94068,30216782,30216787,5
channel-2188,43446,30216782,30216787,5
channel-0,4036266,30216818,30216828,10
channel-0,4036267,30216819,30216841,22
channel-6994,1322681,30216827,30216840,13
channel-0,4036268,30216835,30216846,11
channel-0,4036269,30216846,30216852,6
channel-6994,1322682,30216849,30216860,11
channel-85077,59120,30216859,30216866,7
channel-216,94069,30216864,30216869,5
channel-0,4036270,30216864,30216874,10
channel-0,4036271,30216864,30216874,10
channel-89321,19316,30216867,30216880,13
channel-0,4036272,30216876,30216888,12
channel-750,681125,30216883,30216904,21
channel-326,537385,30216884,30216901,17
channel-75,844604,30216887,30216895,8
channel-208,1489344,30216891,30216903,12
channel-0,4036273,30216895,30216903,8
channel-1,408101,30216896,30216907,11
channel-320,119142,30216900,30216930,30
channel-2188,43447,30216902,30216907,5
channel-75,844605,30216908,30216915,7
channel-750,681126,30216910,30216918,8
channel-0,4036274,30216916,30216928,12
channel-75,844606,30216933,30216941,8
channel-750,681127,30216933,30216947,14
channel-522,40407,30216934,30216947,13
channel-208,1489345,30216937,30216949,12
channel-0,4036275,30216951,30216963,12
channel-0,4036276,30216960,30216973,13
channel-75,844607,30216961,30216967,6
channel-19774,345719,30216962,30216978,16
channel-216,94070,30216967,30216971,4
channel-199,132505,30216973,30216998,25
channel-0,4036277,30216985,30216998,13
channel-75,844608,30216994,30216999,5
channel-19774,345720,30216994,30216999,5
channel-0,4036278,30216996,30217006,10
channel-199,132506,30217001,30217030,29
channel-4,166787,30217028,30217047,19
channel-782,310027,30217036,30217042,6
channel-75,844609,30217044,30217051,7
channel-6994,1322683,30217046,30217071,25
channel-75,844610,30217052,30217059,7
channel-0,4036279,30217056,30217078,22
channel-42,1489837,30217059,30217073,14
channel-208,1489346,30217062,30217071,9
channel-6787,166587,30217065,30217069,4
channel-208,1489347,30217066,30217076,10
channel-208,1489348,30217068,30217080,12
channel-0,4036280,30217084,30217094,10
channel-0,4036281,30217086,30217098,12
channel-75,844611,30217088,30217096,8
channel-0,4036282,30217091,30217107,16
channel-208,1489349,30217093,30217102,9
channel-42,1489838,30217094,30217104,10
channel-42,1489839,30217099,30217106,7
channel-42,1489840,30217104,30217125,21
channel-42,1489841,30217105,30217123,18
channel-0,4036283,30217106,30217116,10
channel-5,184192,30217107,30217120,13
channel-0,4036284,30217107,30217116,9
channel-42,1489842,30217122,30217129,7
channel-42,1489843,30217123,30217137,14
channel-85077,59121,30217123,30217133,10
channel-750,681128,30217125,30217137,12
channel-4,166788,30217125,30217153,28
channel-0,4036285,30217125,30217132,7
channel-42,1489844,30217127,30217151,24
channel-208,1489350,30217131,30217142,11
channel-208,1489351,30217133,30217142,9
channel-208,1489352,30217139,30217151,12
channel-42,1489845,30217140,30217152,12
channel-42,1489846,30217142,30217205,63
channel-208,1489353,30217142,30217151,9
channel-2,130565,30217146,30217154,8
channel-6994,1322684,30217154,30217166,12
channel-208,1489354,30217155,30217167,12
channel-42,1489847,30217157,30217170,13
channel-75,844612,30217163,30217170,7
channel-0,4036286,30217168,30217176,8
channel-42,1489848,30217170,30217180,10
channel-42,1489849,30217171,30217183,12
channel-750,681129,30217173,30217178,5
channel-2,130566,30217180,30217193,13
channel-75,844613,30217184,30217190,6
channel-42,1489850,30217191,30217198,7
channel-42,1489851,30217191,30217198,7
channel-326,537386,30217196,30217201,5
channel-216,94071,30217201,30217205,4
channel-208,1489355,30217201,30217211,10
channel-75,844614,30217204,30217212,8
channel-6994,1322685,30217204,30217212,8
channel-42,1489852,30217205,30217212,7
channel-0,4036287,30217207,30217214,7
channel-42,1489853,30217212,30217219,7
channel-42,1489854,30217213,30217227,14
channel-208,1489356,30217214,30217223,9
channel-0,4036288,30217214,30217223,9
channel-208,1489357,30217214,30217223,9
channel-42,1489855,30217215,30217227,12
channel-208,1489358,30217216,30217225,9
channel-6994,1322686,30217218,30217231,13
channel-42,1489856,30217230,30217236,6
channel-42,1489857,30217234,30217240,6
channel-0,4036289,30217240,30217253,13
channel-208,1489359,30217242,30217254,12
channel-208,1489360,30217242,30217254,12
channel-326,537387,30217250,30217284,34
channel-5,184193,30217255,30217378,123
channel-0,4036290,30217262,30217272,10
channel-42,1489858,30217263,30217276,13
channel-42,1489859,30217265,30217278,13
channel-208,1489361,30217272,30217284,12
channel-75,844615,30217275,30217286,11
channel-0,4036291,30217278,30217292,14
channel-750,681130,30217280,30217286,6
channel-216,94072,30217296,30217300,4
channel-0,4036292,30217300,30217312,12
channel-208,1489362,30217303,30217314,11
channel-208,1489363,30217304,30217314,10
channel-208,1489364,30217307,30217318,11
channel-0,4036293,30217311,30217320,9
channel-2494,31854,30217316,30217324,8
channel-208,1489365,30217321,30217330,9
channel-362,86674,30217332,30217341,9
channel-2,130567,30217332,30217343,11
channel-208,1489366,30217346,30217355,9
channel-208,1489367,30217347,30217360,13
channel-0,4036294,30217349,30217359,10
channel-0,4036295,30217361,30217372,11
channel-0,4036296,30217364,30217377,13
channel-750,681131,30217376,30217398,22
channel-208,1489368,30217377,30217386,9
channel-6787,166588,30217401,30217405,4
channel-750,681132,30217401,30217407,6
channel-6787,166589,30217403,30217407,4
channel-216,94073,30217405,30217410,5
channel-88,467032,30217405,30217424,19
channel-208,1489369,30217415,30217424,9
channel-750,681133,30217415,30217429,14
channel-0,4036297,30217416,30217427,11
channel-750,681134,30217418,30217427,9
channel-750,681135,30217421,30217427,6
channel-6994,1322687,30217425,30217438,13
channel-208,1489370,30217429,30217438,9
channel-199,132507,30217435,30217463,28
channel-75755,5526,30217440,30217449,9
channel-1,408102,30217443,30217452,9
channel-94814,3700,30217451,30217461,10
channel-0,4036298,30217453,30217464,11
channel-750,681136,30217455,30217469,14
channel-412,64419,30217460,30217471,11
channel-750,681137,30217472,30217494,22
channel-412,64420,30217476,30217485,9
channel-88,467033,30217477,30217492,15
channel-340,3150,30217488,30217497,9
channel-320,119143,30217491,30217514,23
channel-326,537388,30217502,30217507,5
channel-208,1489371,30217506,30217517,11
channel-0,4036299,30217507,30217518,11
channel-6994,1322688,30217508,30217521,13
channel-75,844616,30217515,30217523,8
channel-208,1489372,30217515,30217526,11
channel-1429,140672,30217516,30217529,13
channel-0,4036300,30217522,30217532,10
channel-208,1489373,30217532,30217544,12
channel-4,166789,30217543,30217564,21
channel-0,4036301,30217545,30217570,25
channel-5,184194,30217545,30217770,225
channel-0,4036302,30217547,30217560,13
channel-208,1489374,30217547,30217559,12
channel-165,71401,30217555,30217719,164
channel-783,104165,30217559,30217565,6
channel-874,292359,30217560,30217569,9
channel-5,184195,30217564,30217575,11
channel-88,467034,30217565,30217578,13
channel-85077,59122,30217565,30217573,8
channel-6994,1322689,30217565,30217596,31
channel-208,1489375,30217573,30217583,10
channel-6994,1322690,30217575,30217606,31
channel-208,1489376,30217582,30217595,13
channel-0,4036303,30217583,30217611,28
channel-6994,1322691,30217583,30217596,13
channel-75,844617,30217606,30217614,8
channel-216,94074,30217610,30217614,4
channel-208,1489377,30217611,30217622,11
channel-2188,43448,30217615,30217620,5
channel-326,537389,30217618,30217625,7
channel-783,104166,30217623,30217628,5
channel-750,681138,30217625,30217634,9
channel-6994,1322692,30217629,30217656,27
channel-208,1489378,30217629,30217644,15
channel-88,467035,30217631,30217648,17
channel-326,537390,30217631,30217653,22
channel-1,408103,30217635,30217667,32
channel-208,1489379,30217638,30217650,12
channel-208,1489380,30217646,30217658,12
channel-783,104167,30217652,30217659,7
channel-6994,1322693,30217652,30217661,9
channel-5,184196,30217656,30217666,10
channel-6994,1322694,30217661,30217671,10
channel-4,166790,30217666,30217688,22
channel-208,1489381,30217684,30217696,12
channel-4,166791,30217687,30217716,29
channel-6994,1322695,30217687,30217700,13
channel-208,1489382,30217689,30217698,9
channel-122,667520,30217697,30217700,3
channel-4,166792,30217710,30217744,34
channel-6994,1322696,30217716,30217730,14
channel-0,4036304,30217719,30217730,11
channel-229,54996,30217722,30217735,13
channel-6994,1322697,30217724,30217736,12
channel-208,1489383,30217725,30217735,10
channel-20082,9857,30217725,30217734,9
channel-216,94075,30217731,30217735,4
channel-6994,1322698,30217747,30217757,10
channel-0,4036305,30217760,30217781,21
channel-91017,2719,30217762,30217771,9
channel-412,64421,30217777,30217786,9
channel-122,667521,30217780,30217784,4
channel-216,94076,30217781,30217785,4
channel-5,184197,30217781,30217792,11
channel-89321,19317,30217793,30217803,10
channel-2,130568,30217798,30217810,12
channel-75,844618,30217811,30217824,13
channel-208,1489384,30217811,30217824,13
channel-75,844619,30217812,30217824,12
channel-6994,1322699,30217824,30217847,23
channel-0,4036306,30217827,30217851,24
channel-874,292360,30217828,30217834,6
channel-0,4036307,30217834,30217845,11
channel-6994,1322700,30217837,30217847,10
channel-1411,1987,30217845,30217851,6
channel-75,844620,30217847,30217853,6
channel-75,844621,30217851,30217859,8
channel-0,4036308,30217853,30217874,21
channel-85077,59123,30217853,30217861,8
channel-122,667522,30217854,30217858,4
channel-750,681139,30217863,30217867,4
channel-750,681140,30217872,30217886,14
channel-85077,59124,30217874,30217886,12
channel-85077,59125,30217875,30217890,15
channel-750,681141,30217883,30217893,10
channel-94814,3701,30217883,30217891,8
channel-85077,59126,30217885,30217898,13
channel-874,292361,30217889,30217894,5
channel-19774,345721,30217898,30217909,11
channel-750,681142,30217898,30217903,5
channel-42,1489860,30217899,30217912,13
channel-259,314154,30217901,30218002,101
channel-6994,1322701,30217908,30217931,23
channel-782,310028,30217908,30217916,8
channel-6994,1322702,30217914,30217939,25
channel-750,681143,30217914,30217929,15
channel-326,537391,30217921,30217931,10
channel-0,4036309,30217932,30217942,10
channel-88,467036,30217938,30217951,13
channel-42,1489861,30217940,30217954,14
channel-0,4036310,30217947,30217958,11
channel-122,667523,30217950,30217953,3
channel-85077,59127,30217953,30217961,8
channel-1429,140673,30217961,30217972,11
channel-6994,1322703,30217964,30217990,26
channel-216,94077,30217967,30217972,5
channel-1,408104,30217971,30218011,40
channel-750,681144,30217980,30217987,7
channel-204,670727,30217985,30217993,8
channel-259,314156,30217990,30217996,6
channel-6994,1322704,30217991,30218005,14
channel-2494,31855,30217995,30218005,10
channel-750,681145,30217995,30218000,5
channel-216,94078,30218006,30218010,4
channel-0,4036311,30218010,30218017,7
channel-0,4036312,30218011,30218022,11
channel-4,166793,30218015,30218041,26
channel-750,681146,30218019,30218023,4
channel-4,166794,30218021,30218065,44
channel-0,4036313,30218033,30218040,7
channel-874,292362,30218038,30218050,12
channel-2,130569,30218068,30218080,12
channel-75,844622,30218074,30218082,8
channel-208,1489385,30218074,30218086,12
channel-143,128245,30218077,30218089,12
channel-97998,43,30218078,30218083,5
channel-75,844623,30218081,30218087,6
channel-326,537392,30218081,30218087,6
channel-6994,1322705,30218082,30218094,12
channel-0,4036314,30218089,30218114,25
channel-75,844624,30218109,30218116,7
channel-89321,19318,30218112,30218119,7
channel-75,844625,30218112,30218118,6
channel-5,184198,30218115,30218125,10
channel-75,844626,30218132,30218138,6
channel-781,11377,30218152,30218158,6
channel-216,94079,30218158,30218162,4
channel-75,844627,30218160,30218169,9
channel-750,681147,30218174,30218196,22
channel-340,3151,30218175,30218185,10
channel-75,844628,30218182,30218188,6
channel-5,184199,30218183,30218189,6
channel-216,94080,30218186,30218189,3
channel-88,467037,30218197,30218209,12
channel-0,4036315,30218205,30218227,22
channel-4,166795,30218210,30218240,30
channel-2494,31856,30218214,30218222,8
channel-0,4036316,30218221,30218250,29
channel-94814,3702,30218221,30218230,9
channel-143,128246,30218223,30218235,12
channel-750,681148,30218227,30218232,5
channel-412,64422,30218235,30218247,12
channel-326,537393,30218235,30218261,26
channel-216,94081,30218242,30218247,5
channel-0,4036317,30218250,30218271,21
channel-874,292363,30218256,30218260,4
channel-0,4036318,30218259,30218271,12
channel-199,132508,30218262,30218287,25
channel-88,467038,30218262,30218280,18
channel-122,667524,30218281,30218285,4
channel-85077,59128,30218291,30218301,10
channel-0,4036319,30218304,30218316,12
channel-0,4036320,30218312,30218331,19
channel-216,94082,30218317,30218321,4
channel-208,1489386,30218329,30218340,11
channel-216,94083,30218330,30218334,4
channel-0,4036321,30218336,30218346,10
channel-0,4036322,30218338,30218359,21
channel-85077,59129,30218342,30218356,14
channel-0,4036323,30218345,30218355,10
channel-216,94084,30218347,30218351,4
channel-216,94085,30218355,30218359,4
channel-216,94086,30218356,30218360,4
channel-782,310029,30218363,30218367,4
channel-85077,59130,30218367,30218388,21
channel-874,292364,30218368,30218388,20
channel-122,667525,30218400,30218406,6
channel-259,314157,30218404,30218410,6
channel-326,537394,30218409,30218418,9
channel-6994,1322706,30218433,30218446,13
channel-75,844629,30218434,30218441,7
channel-21113,25277,30218439,30218447,8
channel-0,4036324,30218441,30218803,362
channel-6994,1322707,30218446,30218458,12
channel-522,40408,30218447,30218455,8
channel-874,292365,30218449,30218464,15
channel-208,1489387,30218453,30218463,10
channel-0,4036325,30218460,30218471,11
channel-19774,345722,30218460,30218472,12
channel-750,681149,30218467,30218488,21
channel-122,667526,30218468,30218475,7
channel-750,681150,30218484,30218489,5
channel-0,4036326,30218498,30218507,9
channel-0,4036327,30218504,30218513,9
channel-0,4036328,30218529,30218536,7
channel-6994,1322708,30218530,30218538,8
channel-208,1489388,30218534,30218548,14
channel-320,119144,30218543,30218579,36
channel-42,1489862,30218551,30218561,10
channel-216,94087,30218554,30218558,4
channel-0,4036329,30218557,30218570,13
channel-216,94088,30218573,30218577,4
channel-122,667527,30218579,30218582,3
channel-0,4036330,30218592,30218602,10
channel-750,681151,30218597,30218602,5
channel-782,310030,30218607,30218613,6
channel-6994,1322709,30218611,30218632,21
channel-75,844630,30218617,30218622,5
channel-326,537395,30218619,30218626,7
channel-122,667528,30218619,30218621,2
channel-216,94089,30218620,30218625,5
channel-326,537396,30218632,30218648,16
channel-42,1489863,30218635,30218642,7
channel-122,667529,30218635,30218639,4
channel-4,166796,30218641,30218665,24
channel-122,667530,30218648,30218651,3
channel-259,314158,30218648,30218653,5
channel-75,844631,30218653,30218660,7
channel-208,1489389,30218658,30218673,15
channel-0,4036331,30218675,30218686,11
channel-0,4036332,30218678,30218693,15
channel-122,667531,30218681,30218685,4
channel-0,4036333,30218696,30218722,26
channel-6994,1322710,30218700,30218728,28
channel-122,667532,30218711,30218713,2
channel-6787,166590,30218713,30218718,5
channel-0,4036334,30218719,30218803,84
channel-2188,43449,30218722,30218726,4
channel-259,314159,30218722,30218726,4
channel-85077,59131,30218727,30218738,11
channel-0,4036335,30218747,30218760,13
channel-199,132509,30218760,30218772,12
channel-216,94090,30218764,30218768,4
channel-4,166797,30218768,30218791,23
channel-79703,4395,30218769,30218786,17
channel-6994,1322711,30218787,30218799,12
channel-2188,43450,30218794,30218799,5
channel-75,844632,30218798,30218807,9
channel-6994,1322712,30218806,30218816,10
channel-6787,166591,30218809,30218814,5
channel-75,844633,30218815,30218821,6
channel-208,1489390,30218816,30218826,10
channel-6787,166592,30218818,30218821,3
channel-122,667533,30218822,30218825,3
channel-0,4036336,30218832,30218843,11
channel-216,94091,30218842,30218846,4
channel-783,104168,30218866,30218874,8
channel-85077,59132,30218903,30218914,11
channel-216,94092,30218912,30218917,5
channel-143,128247,30218921,30218932,11
channel-750,681152,30218925,30218930,5
channel-216,94093,30218951,30218956,5
channel-0,4036337,30218978,30218988,10
channel-750,681153,30218983,30218994,11
channel-122,667534,30218985,30218989,4
channel-208,1489391,30218992,30219002,10
channel-208,1489392,30218996,30219007,11
channel-122,667535,30218999,30219002,3
channel-208,1489393,30219002,30219011,9
channel-0,4036338,30219003,30219012,9
channel-0,4036339,30219006,30219016,10
channel-0,4036340,30219008,30219016,8
channel-91017,2720,30219008,30219015,7
channel-0,4036341,30219021,30219031,10
channel-91017,2721,30219027,30219034,7
channel-0,4036342,30219029,30219036,7
channel-85077,59133,30219033,30219043,10
channel-0,4036343,30219033,30219042,9
channel-0,4036344,30219036,30219061,25
channel-2188,43451,30219039,30219043,4
channel-750,681154,30219055,30219066,11
channel-326,537397,30219063,30219082,19
channel-122,667536,30219069,30219073,4
channel-85077,59134,30219081,30219090,9
channel-208,1489394,30219090,30219102,12
channel-6994,1322713,30219107,30219153,46
channel-326,537398,30219108,30219116,8
channel-122,667537,30219109,30219113,4
channel-0,4036345,30219110,30219121,11
channel-0,4036346,30219113,30219126,13
channel-326,537399,30219125,30219134,9
channel-216,94094,30219142,30219146,4
channel-5,184200,30219142,30219330,188
channel-122,667538,30219146,30219149,3
channel-259,314160,30219146,30219152,6
channel-5,184201,30219154,30219162,8
channel-750,681155,30219160,30219173,13
channel-750,681156,30219161,30219167,6
channel-75,844634,30219162,30219171,9
channel-85077,59135,30219183,30219194,11
channel-85077,59136,30219184,30219197,13
channel-85077,59137,30219188,30219197,9
channel-2188,43452,30219200,30219205,5
channel-75,844635,30219200,30219208,8
channel-0,4036347,30219217,30219246,29
channel-122,667539,30219220,30219223,3
channel-216,94095,30219233,30219237,4
channel-208,1489395,30219288,30219301,13
channel-89298,18562,30219303,30219314,11
channel-6994,1322714,30219304,30219353,49
channel-75,844636,30219314,30219319,5
channel-216,94096,30219316,30219319,3
channel-0,4036348,30219319,30219329,10
channel-750,681157,30219339,30219350,11
channel-750,681158,30219340,30219353,13
channel-85077,59138,30219371,30219380,9
channel-216,94097,30219374,30219378,4
channel-0,4036349,30219377,30219389,12
channel-783,104169,30219389,30219397,8
channel-0,4036350,30219395,30219407,12
channel-113,301257,30219402,30219409,7
channel-0,4036351,30219418,30219427,9
channel-1,408105,30219431,30219458,27
channel-326,537400,30219436,30219443,7
channel-0,4036352,30219437,30219447,10
channel-326,537401,30219444,30219465,21
channel-0,4036353,30219451,30219462,11
channel-6994,1322715,30219466,30219494,28
channel-38946,124013,30219476,30219488,12
channel-4,166798,30219479,30219507,28
channel-0,4036354,30219490,30219499,9
channel-0,4036355,30219501,30219510,9
channel-0,4036356,30219510,30219518,8
channel-0,4036357,30219513,30219519,6
channel-251,85142,30219515,30219527,12
channel-75,844637,30219526,30219534,8
channel-783,104170,30219527,30219534,7
channel-208,1489396,30219532,30219541,9
channel-208,1489397,30219534,30219546,12
channel-259,314161,30219543,30219550,7
channel-0,4036358,30219570,30219580,10
channel-750,681159,30219571,30219582,11
channel-6994,1322716,30219580,30219599,19
channel-75,844638,30219585,30219592,7
channel-6994,1322717,30219600,30219617,17
channel-259,314162,30219606,30219611,5
channel-750,681160,30219617,30219626,9
channel-0,4036359,30219617,30219629,12
channel-0,4036360,30219641,30219653,12
channel-783,104171,30219644,30219652,8
channel-216,94098,30219652,30219657,5
channel-6994,1322718,30219653,30219665,12
channel-0,4036361,30219657,30219666,9
channel-750,681161,30219671,30219686,15
channel-412,64423,30219674,30219686,12
channel-122,667540,30219676,30219679,3
channel-42,1489864,30219677,30219685,8
channel-326,537402,30219678,30219691,13
channel-0,4036362,30219680,30219704,24
channel-0,4036363,30219685,30219709,24
channel-2188,43453,30219703,30219708,5
channel-0,4036364,30219708,30219719,11
channel-85077,59139,30219710,30219719,9
channel-89298,18563,30219716,30219726,10
channel-0,4036365,30219717,30219728,11
channel-0,4036366,30219718,30219742,24
channel-88,467039,30219722,30219936,214
channel-0,4036367,30219731,30219759,28
channel-0,4036368,30219737,30219759,22
channel-6994,1322719,30219742,30219783,41
channel-0,4036369,30219744,30219755,11
channel-251,85143,30219750,30219758,8
channel-750,681162,30219758,30219763,5
channel-94814,3703,30219764,30219773,9
channel-259,314163,30219765,30219772,7
channel-208,1489398,30219793,30219802,9
channel-6994,1322720,30219805,30219845,40
channel-326,537403,30219819,30219843,24
channel-38946,124014,30219825,30219838,13
channel-216,94099,30219831,30219835,4
channel-0,4036370,30219836,30219849,13
channel-326,537404,30219838,30219854,16
channel-143,128248,30219840,30219851,11
channel-85077,59140,30219855,30219864,9
channel-1,408106,30219859,30219868,9
channel-75,844639,30219860,30219868,8
channel-326,537405,30219862,30219891,29
channel-208,1489399,30219882,30219891,9
channel-4,166799,30219888,30219901,13
channel-340,3152,30219891,30219902,11
channel-0,4036371,30219904,30219914,10
channel-42,1489865,30219909,30219918,9
channel-6994,1322721,30219915,30219927,12
channel-188,190511,30219918,30219927,9
channel-0,4036372,30219937,30219942,5
channel-6994,1322722,30219949,30219972,23
channel-6994,1322723,30219955,30219963,8
channel-2494,31857,30219956,30219966,10
channel-6994,1322724,30219991,30220004,13
channel-6994,1322725,30220000,30220012,12
channel-0,4036373,30220003,30220011,8
channel-320,119145,30220011,30220036,25
channel-216,94100,30220018,30220023,5
channel-122,667541,30220043,30220047,4
channel-122,667542,30220062,30220066,4
channel-91017,2722,30220074,30220082,8
channel-750,681163,30220104,30220118,14
channel-122,667543,30220110,30220114,4
channel-122,667544,30220112,30220116,4
channel-522,40409,30220114,30220124,10
channel-115,20333,30220117,30220129,12
channel-42,1489866,30220118,30220126,8
channel-85077,59141,30220124,30220133,9
channel-259,314164,30220132,30220137,5
channel-0,4036374,30220142,30220156,14
channel-1,408107,30220144,30220187,43
channel-5,184202,30220150,30220160,10
channel-750,681164,30220159,30220174,15
channel-750,681165,30220164,30220180,16
channel-1,408108,30220186,30220200,14
channel-75755,5527,30220193,30220205,12
channel-5,184203,30220200,30220211,11
channel-204,670729,30220201,30220209,8
channel-216,94101,30220209,30220213,4
channel-750,681166,30220210,30220222,12
channel-1,408109,30220216,30220238,22
channel-750,681167,30220221,30220227,6
channel-6994,1322726,30220227,30220238,11
channel-75,844640,30220227,30220236,9
channel-1,408110,30220228,30220238,10
channel-88,467040,30220239,30220252,13
channel-0,4036375,30220245,30220258,13
channel-38946,124015,30220245,30220259,14
channel-750,681168,30220251,30220264,13
channel-5,184204,30220253,30220264,11
channel-1,408111,30220263,30220294,31
channel-208,1489400,30220265,30220275,10
channel-1,408112,30220274,30220294,20
channel-2188,43454,30220274,30220279,5
channel-0,4036376,30220283,30220292,9
channel-5,184205,30220294,30220304,10
channel-0,4036377,30220304,30220316,12
channel-85077,59142,30220326,30220336,10
channel-874,292366,30220355,30220365,10
channel-0,4036378,30220383,30220394,11
channel-750,681169,30220387,30220409,22
channel-340,3153,30220408,30220418,10
channel-89298,18564,30220409,30220421,12
channel-0,4036379,30220417,30220427,10
channel-326,537406,30220421,30220444,23
channel-115,20334,30220426,30220433,7
channel-0,4036380,30220427,30220436,9
channel-6994,1322727,30220436,30220444,8
channel-0,4036381,30220440,30220446,6
channel-184,137341,30220444,30220459,15
channel-85077,59143,30220456,30220464,8
channel-19774,345723,30220475,30220486,11
channel-122,667545,30220484,30220489,5
channel-75,844641,30220489,30220497,8
channel-750,681170,30220495,30220503,8
channel-6994,1322728,30220517,30220549,32
channel-6994,1322729,30220524,30220543,19
channel-38946,124016,30220524,30220539,15
channel-750,681171,30220526,30220537,11
channel-0,4036382,30220531,30220542,11
channel-113,301258,30220535,30220542,7
channel-0,4036383,30220551,30220576,25
channel-0,4036384,30220569,30220581,12
channel-122,667546,30220578,30220582,4
channel-0,4036385,30220583,30220595,12
channel-6994,1322730,30220590,30220614,24
channel-750,681172,30220591,30220596,5
channel-85077,59144,30220595,30220604,9
channel-750,681173,30220595,30220600,5
channel-75,844642,30220604,30220612,8
channel-94814,3704,30220612,30220622,10
channel-216,94102,30220634,30220638,4
channel-94814,3705,30220637,30220649,12
channel-85077,59145,30220643,30220658,15
channel-208,1489401,30220678,30220691,13
channel-0,4036386,30220683,30220693,10
channel-208,1489402,30220692,30220703,11
channel-6994,1322731,30220698,30220712,14
channel-208,1489403,30220701,30220712,11
channel-1429,140674,30220703,30220712,9
channel-6994,1322732,30220708,30220722,14
channel-94814,3706,30220719,30220729,10
channel-5,184206,30220727,30220738,11
channel-5,184207,30220748,30220758,10
channel-5,184208,30220757,30220765,8
channel-251,85144,30220759,30220769,10
channel-750,681174,30220766,30220770,4
channel-326,537407,30220766,30220771,5
channel-5,184209,30220770,30220780,10
channel-5,184210,30220776,30220784,8
channel-326,537408,30220784,30220789,5
channel-5,184211,30220802,30220903,101
channel-5,184212,30220810,30220818,8
channel-208,1489404,30220810,30220823,13
channel-326,537409,30220817,30220821,4
channel-94814,3707,30220818,30220832,14
channel-6994,1322733,30220822,30220847,25
channel-326,537410,30220837,30220859,22
channel-85077,59146,30220839,30220850,11
channel-0,4036387,30220842,30220854,12
channel-259,314165,30220852,30220859,7
channel-0,4036388,30220864,30220873,9
channel-208,1489405,30220872,30220879,7
channel-6994,1322734,30220878,30220900,22
channel-326,537411,30220884,30220897,13
channel-326,537412,30220884,30220897,13
channel-326,537413,30220884,30220897,13
channel-326,537414,30220884,30220897,13
channel-75,844643,30220887,30220895,8
channel-326,537415,30220887,30220897,10
channel-0,4036389,30220890,30220898,8
channel-6994,1322735,30220893,30220904,11
channel-412,64424,30220895,30220908,13
channel-1575,15171,30220904,30220916,12
channel-0,4036390,30220929,30220940,11
channel-91017,2723,30220929,30220938,9
channel-85077,59147,30220930,30220943,13
channel-6994,1322736,30220939,30220949,10
channel-208,1489406,30220947,30220960,13
channel-1,408113,30220952,30220961,9
channel-208,1489407,30220959,30220970,11
channel-750,681175,30220983,30220992,9
channel-6994,1322737,30220990,30221002,12
channel-75,844644,30221004,30221011,7
channel-6994,1322738,30221012,30221026,14
channel-750,681176,30221019,30221026,7
channel-6994,1322739,30221022,30221035,13
channel-72,516379,30221022,30221075,53
channel-97998,44,30221031,30221035,4
channel-0,4036391,30221032,30221042,10
channel-1,408114,30221034,30221049,15
channel-750,681177,30221039,30221049,10
channel-143,128249,30221039,30221051,12
channel-0,4036392,30221042,30221049,7
channel-42,1489867,30221049,30221059,10
channel-97998,45,30221081,30221086,5
channel-75,844645,30221081,30221089,8
channel-75,844646,30221082,30221091,9
channel-750,681178,30221083,30221088,5
channel-75,844647,30221112,30221121,9
channel-0,4036393,30221113,30221122,9
channel-75,844648,30221133,30221138,5
channel-750,681179,30221135,30221138,3
channel-6994,1322740,30221136,30221147,11
channel-208,1489408,30221137,30221146,9
channel-6994,1322741,30221148,30221180,32
channel-783,104172,30221151,30221157,6
channel-750,681180,30221157,30221168,11
channel-0,4036394,30221163,30221176,13
channel-75755,5528,30221176,30221187,11
channel-108,39826,30221183,30221497,314
channel-89298,18565,30221195,30221204,9
channel-6994,1322742,30221197,30221212,15
channel-326,537416,30221213,30221219,6
channel-0,4036395,30221220,30221229,9
channel-0,4036396,30221224,30221234,10
channel-143,128250,30221245,30221268,23
channel-94814,3708,30221255,30221264,9
channel-216,94103,30221257,30221260,3
channel-216,94104,30221264,30221267,3
channel-782,310032,30221266,30221273,7
channel-216,94105,30221270,30221275,5
channel-0,4036397,30221273,30221301,28
channel-72,516380,30221275,30221324,49
channel-750,681181,30221277,30221294,17
channel-85077,59148,30221301,30221310,9
channel-0,4036398,30221331,30221343,12
channel-0,4036399,30221342,30221351,9
channel-85077,59149,30221351,30221360,9
channel-208,1489409,30221360,30221369,9
channel-85077,59150,30221362,30221370,8
channel-85077,59151,30221371,30221382,11
channel-122,667547,30221378,30221381,3
channel-0,4036400,30221381,30221388,7
channel-750,681182,30221385,30221398,13
channel-782,310033,30221402,30221407,5
channel-326,537417,30221435,30221441,6
channel-0,4036401,30221449,30221463,14
channel-750,681183,30221455,30221467,12
channel-91017,2724,30221455,30221465,10
channel-89321,19319,30221467,30221472,5
channel-0,4036402,30221479,30221488,9
channel-76971,12210,30221479,30221500,21
channel-0,4036403,30221482,30221488,6
channel-750,681184,30221483,30221493,10
channel-1634,6714,30221487,30221517,30
channel-874,292367,30221488,30221495,7
channel-767,14345,30221488,30221497,9
channel-874,292368,30221489,30221495,6
channel-750,681185,30221495,30221500,5
channel-750,681186,30221500,30221514,14
channel-85077,59152,30221508,30221518,10
channel-75,844649,30221518,30221525,7
channel-0,4036404,30221524,30221549,25
channel-0,4036405,30221524,30221537,13
channel-75,844650,30221525,30221533,8
channel-85077,59153,30221531,30221543,12
channel-767,14346,30221532,30221543,11
channel-767,14347,30221554,30221565,11
channel-85077,59154,30221563,30221571,8
channel-75,844651,30221573,30221580,7
channel-0,4036406,30221579,30221591,12
channel-767,14348,30221584,30221596,12
channel-6994,1322743,30221589,30221616,27
channel-42,1489868,30221602,30221611,9
channel-42,1489869,30221623,30221629,6
channel-75,844652,30221632,30221638,6
channel-6994,1322744,30221668,30221680,12
channel-750,681187,30221673,30221680,7
channel-750,681188,30221676,30221680,4
channel-0,4036407,30221680,30221688,8
channel-6994,1322745,30221690,30221700,10
channel-0,4036408,30221691,30221720,29
channel-6994,1322746,30221694,30221707,13
channel-108,39828,30221723,30221952,229
channel-85077,59155,30221731,30221740,9
channel-326,537418,30221734,30221743,9
channel-2,130570,30221740,30221751,11
channel-6994,1322747,30221746,30221772,26
channel-6994,1322748,30221747,30221772,25
channel-6994,1322749,30221767,30221777,10
channel-0,4036409,30221777,30221784,7
channel-42,1489870,30221785,30221792,7
channel-1279,67104,30221792,30221813,21
channel-199,132510,30221796,30221806,10
channel-0,4036410,30221798,30221810,12
channel-750,681189,30221809,30221824,15
channel-75,844653,30221813,30221821,8
channel-412,64425,30221816,30221831,15
channel-6994,1322750,30221819,30221845,26
channel-0,4036411,30221820,30221831,11
channel-0,4036412,30221825,30221835,10
channel-85077,59156,30221840,30221848,8
channel-85077,59157,30221844,30221860,16
channel-0,4036413,30221846,30221860,14
channel-108,39829,30221848,30221952,104
channel-85077,59158,30221852,30221865,13
channel-0,4036414,30221865,30221875,10
channel-208,1489410,30221871,30221880,9
channel-85077,59159,30221892,30221904,12
channel-85077,59160,30221899,30221912,13
channel-85077,59161,30221901,30221920,19
channel-42,1489871,30221913,30221921,8
channel-75016,4556,30221919,30221941,22
channel-208,1489411,30221927,30221939,12
channel-0,4036415,30221931,30221956,25
channel-412,64426,30221937,30221947,10
channel-0,4036416,30221939,30221947,8
channel-326,537419,30221947,30221952,5
channel-85077,59162,30221949,30221958,9
channel-208,1489412,30221964,30221976,12
channel-874,292369,30221977,30221983,6
channel-208,1489413,30221979,30221985,6
channel-75,844654,30221998,30222004,6
channel-6994,1322751,30222002,30222039,37
channel-216,94106,30222003,30222006,3
channel-208,1489414,30222004,30222017,13
channel-1,408115,30222011,30222030,19
channel-82819,483,30222013,30222021,8
channel-750,681190,30222019,30222030,11
channel-412,64427,30222025,30222040,15
channel-42,1489872,30222028,30222037,9
channel-412,64428,30222032,30222053,21
channel-0,4036417,30222035,30222048,13
channel-1424,7329,30222040,30222052,12
channel-85077,59163,30222047,30222058,11
channel-750,681191,30222057,30222070,13
channel-2,130571,30222070,30222079,9
channel-6994,1322752,30222074,30222109,35
channel-122,667548,30222074,30222078,4
channel-750,681192,30222077,30222091,14
channel-750,681193,30222092,30222097,5
channel-208,1489415,30222094,30222104,10
channel-208,1489416,30222099,30222108,9
channel-750,681194,30222100,30222113,13
channel-85791,3722,30222102,30222108,6
channel-750,681195,30222133,30222137,4
channel-750,681196,30222138,30222151,13
channel-122,667549,30222141,30222144,3
channel-750,681197,30222164,30222176,12
channel-0,4036418,30222174,30222181,7
channel-750,681198,30222177,30222187,10
channel-6994,1322753,30222180,30222194,14
channel-6994,1322754,30222181,30222194,13
channel-75,844655,30222181,30222188,7
channel-75,844656,30222184,30222190,6
channel-750,681199,30222186,30222196,10
channel-4,166800,30222191,30222201,10
channel-75,844657,30222194,30222201,7
channel-1,408116,30222195,30222209,14
channel-6787,166593,30222197,30222202,5
channel-750,681200,30222200,30222205,5
channel-750,681201,30222208,30222220,12
channel-122,667550,30222212,30222216,4
channel-874,292370,30222219,30222225,6
channel-0,4036419,30222226,30222236,10
channel-750,681202,30222230,30222243,13
channel-0,4036420,30222233,30222246,13
channel-750,681203,30222233,30222237,4
channel-874,292371,30222252,30222259,7
channel-750,681204,30222255,30222265,10
channel-184,137342,30222257,30222270,13
channel-750,681205,30222259,30222262,3
channel-208,1489417,30222267,30222280,13
channel-750,681206,30222276,30222289,13
channel-874,292372,30222277,30222285,8
channel-750,681207,30222282,30222302,20
channel-85077,59164,30222283,30222292,9
channel-0,4036421,30222284,30222311,27
channel-85077,59165,30222284,30222292,8
channel-750,681208,30222286,30222290,4
channel-783,104173,30222288,30222294,6
channel-6994,1322755,30222289,30222302,13
channel-184,137343,30222292,30222303,11
channel-204,670730,30222293,30222302,9
channel-750,681209,30222302,30222315,13
channel-122,667551,30222304,30222308,4
channel-85077,59166,30222313,30222328,15
channel-750,681210,30222317,30222330,13
channel-6994,1322756,30222318,30222412,94
channel-750,681211,30222326,30222340,14
channel-6994,1322757,30222328,30222339,11
channel-874,292373,30222337,30222344,7
channel-122,667552,30222339,30222342,3
channel-85077,59167,30222346,30222354,8
channel-5,184213,30222351,30222361,10
channel-750,681212,30222351,30222366,15
channel-6897,5625,30222352,30222361,9
channel-750,681213,30222354,30222358,4
channel-85077,59168,30222356,30222369,13
channel-874,292374,30222362,30222368,6
channel-750,681214,30222376,30222387,11
channel-22172,2612,30222380,30222397,17
channel-750,681215,30222381,30222386,5
channel-204,670731,30222386,30222396,10
channel-208,1489418,30222388,30222406,18
channel-19774,345724,30222389,30222398,9
channel-75,844658,30222392,30222400,8
channel-750,681216,30222398,30222413,15
channel-1,408117,30222400,30222417,17
channel-874,292375,30222401,30222408,7
channel-184,137344,30222411,30222436,25
channel-750,681217,30222411,30222416,5
channel-0,4036422,30222415,30222425,10
channel-750,681218,30222420,30222434,14
channel-208,1489419,30222423,30222436,13
channel-522,40410,30222426,30222434,8
channel-85077,59169,30222428,30222437,9
channel-108,39830,30222435,30222853,418
channel-6994,1322758,30222436,30222449,13
channel-6994,1322759,30222436,30222449,13
channel-874,292376,30222437,30222442,5
channel-184,137345,30222437,30222446,9
channel-122,667553,30222439,30222443,4
channel-750,681219,30222440,30222445,5
channel-0,4036423,30222441,30222453,12
channel-750,681220,30222442,30222454,12
channel-38946,124017,30222454,30222463,9
channel-750,681221,30222458,30222467,9
channel-0,4036424,30222461,30222471,10
channel-750,681222,30222464,30222476,12
channel-184,137346,30222468,30222481,13
channel-750,681223,30222470,30222475,5
channel-0,4036425,30222470,30222481,11
channel-19774,345725,30222475,30222484,9
channel-208,1489420,30222483,30222497,14
channel-750,681224,30222485,30222499,14
channel-6994,1322760,30222492,30222504,12
channel-0,4036426,30222492,30222511,19
channel-184,137347,30222494,30222503,9
channel-88,467041,30222501,30222514,13
channel-750,681225,30222503,30222508,5
channel-0,4036427,30222506,30222517,11
channel-4,166801,30222506,30222528,22
channel-122,667554,30222509,30222512,3
channel-188,190512,30222509,30222529,20
channel-750,681226,30222509,30222521,12
channel-19774,345726,30222514,30222523,9
channel-38946,124018,30222518,30222533,15
channel-326,537420,30222526,30222541,15
channel-208,1489421,30222534,30222544,10
channel-750,681227,30222535,30222548,13
channel-184,137348,30222544,30222564,20
channel-208,1489422,30222549,30222558,9
channel-208,1489423,30222549,30222558,9
channel-6994,1322761,30222550,30222561,11
channel-208,1489424,30222556,30222566,10
channel-750,681228,30222558,30222569,11
channel-2188,43455,30222558,30222562,4
channel-750,681229,30222573,30222577,4
channel-184,137349,30222581,30222593,12
channel-750,681230,30222581,30222593,12
channel-85077,59170,30222595,30222607,12
channel-208,1489425,30222615,30222624,9
channel-75,844659,30222632,30222640,8
channel-85077,59171,30222633,30222643,10
channel-0,4036428,30222633,30222642,9
channel-75,844660,30222644,30222651,7
channel-6994,1322762,30222644,30222674,30
channel-750,681231,30222674,30222689,15
channel-122,667555,30222678,30222682,4
channel-0,4036429,30222680,30222703,23
channel-42,1489873,30222681,30222688,7
channel-750,681232,30222682,30222699,17
channel-750,681233,30222691,30222701,10
channel-42,1489874,30222696,30222705,9
channel-75,844661,30222700,30222705,5
channel-251,85145,30222703,30222713,10
channel-750,681234,30222728,30222739,11
channel-0,4036430,30222731,30222754,23
channel-326,537421,30222732,30222741,9
channel-0,4036431,30222739,30222749,10
channel-0,4036432,30222745,30222754,9
channel-79241,948,30222747,30222755,8
channel-91017,2725,30222773,30222781,8
channel-122,667556,30222779,30222782,3
channel-75,844662,30222780,30222783,3
channel-1,408118,30222784,30222813,29
channel-0,4036433,30222793,30222806,13
channel-85077,59172,30222799,30222809,10
channel-0,4036434,30222801,30222826,25
channel-199,132511,30222806,30222814,8
channel-750,681235,30222807,30222822,15
channel-251,85146,30222808,30222820,12
channel-750,681236,30222809,30222815,6
channel-199,132512,30222847,30222856,9
channel-412,64429,30222848,30222861,13
channel-2188,43456,30222854,30222858,4
channel-75,844663,30222858,30222864,6
channel-0,4036435,30222868,30222881,13
channel-122,667557,30222873,30222877,4
channel-199,132513,30222880,30222887,7
channel-38946,124019,30222892,30222918,26
channel-88,467042,30222922,30222936,14
channel-75,844664,30222923,30222931,8
channel-2188,43457,30222942,30222946,4
channel-0,4036436,30222951,30222957,6
channel-1,408119,30222953,30222962,9
channel-0,4036437,30222958,30222985,27
channel-782,310035,30222977,30222983,6
channel-85077,59173,30222994,30223003,9
channel-85077,59174,30223002,30223011,9
channel-0,4036438,30223003,30223015,12
channel-2188,43458,30223014,30223017,3
channel-38946,124020,30223023,30223039,16
channel-750,681237,30223043,30223062,19
channel-6994,1322763,30223053,30223081,28
channel-38946,124021,30223054,30223065,11
channel-208,1489426,30223072,30223084,12
channel-750,681238,30223079,30223084,5
channel-412,64430,30223080,30223088,8
channel-208,1489427,30223087,30223097,10
channel-38946,124022,30223090,30223103,13
channel-75,844665,30223112,30223121,9
channel-108,39831,30223120,30223307,187
channel-85077,59175,30223124,30223131,7
channel-72,516381,30223127,30223155,28
channel-326,537422,30223138,30223162,24
channel-0,4036439,30223142,30223151,9
channel-42,1489875,30223152,30223160,8
channel-0,4036440,30223162,30223172,10
channel-6994,1322764,30223165,30223176,11
channel-122,667558,30223165,30223168,3
channel-38946,124023,30223168,30223184,16
channel-208,1489428,30223172,30223184,12
channel-75,844666,30223177,30223184,7
channel-122,667559,30223178,30223182,4
channel-0,4036441,30223191,30223202,11
channel-251,85147,30223209,30223219,10
channel-75,844667,30223209,30223220,11
channel-108,39832,30223217,30223307,90
channel-0,4036442,30223233,30223242,9
channel-122,667560,30223239,30223242,3
channel-1,408120,30223263,30223276,13
channel-85077,59176,30223274,30223283,9
channel-6994,1322765,30223290,30223302,12
channel-0,4036443,30223295,30223305,10
channel-122,667561,30223297,30223301,4
channel-750,681239,30223298,30223319,21
channel-874,292377,30223302,30223307,5
channel-750,681240,30223307,30223313,6
channel-85077,59177,30223327,30223336,9
channel-148,16080,30223338,30223347,9
channel-6994,1322766,30223339,30223348,9
channel-208,1489429,30223339,30223347,8
channel-6994,1322767,30223346,30223359,13
channel-259,314166,30223354,30223359,5
channel-208,1489430,30223354,30223365,11
channel-208,1489431,30223359,30223370,11
channel-0,4036444,30223370,30223378,8
channel-750,681241,30223377,30223387,10
channel-0,4036445,30223380,30223391,11
channel-113,301259,30223385,30223397,12
channel-750,681242,30223387,30223398,11
channel-199,132514,30223391,30223401,10
channel-88,467043,30223400,30223410,10
channel-6994,1322768,30223409,30223439,30
channel-0,4036446,30223412,30223433,21
channel-0,4036447,30223424,30223433,9
channel-0,4036448,30223428,30223436,8
channel-88,467044,30223429,30223448,19
channel-199,132515,30223435,30223444,9
channel-0,4036449,30223439,30223448,9
channel-0,4036450,30223460,30223472,12
channel-88,467045,30223468,30223478,10
channel-0,4036451,30223470,30223475,5
channel-0,4036452,30223491,30223503,12
channel-199,132516,30223505,30223532,27
channel-199,132517,30223508,30223532,24
channel-259,314167,30223519,30223526,7
channel-208,1489432,30223520,30223532,12
channel-199,132518,30223526,30223535,9
channel-0,4036453,30223526,30223536,10
channel-75,844668,30223526,30223536,10
channel-0,4036454,30223540,30223551,11
channel-0,4036455,30223541,30223551,10
channel-0,4036456,30223550,30223558,8
channel-6994,1322769,30223558,30223582,24
channel-0,4036457,30223558,30223568,10
channel-2188,43459,30223567,30223571,4
channel-2186,40743,30223595,30223607,12
channel-0,4036458,30223627,30223644,17
channel-0,4036459,30223635,30223644,9
channel-122,667562,30223639,30223642,3
channel-2494,31858,30223644,30223656,12
channel-89321,19320,30223655,30223666,11
channel-75,844669,30223658,30223663,5
channel-89321,19321,30223664,30223675,11
channel-2188,43460,30223667,30223672,5
channel-208,1489433,30223674,30223688,14
channel-75,844670,30223682,30223688,6
channel-782,310036,30223682,30223688,6
channel-326,537423,30223687,30223702,15
channel-0,4036460,30223692,30223702,10
channel-750,681243,30223715,30223735,20
channel-42,1489876,30223717,30223755,38
channel-2188,43461,30223721,30223725,4
channel-750,681244,30223731,30223742,11
channel-75,844671,30223736,30223744,8
channel-122,667563,30223736,30223741,5
channel-0,4036461,30223742,30223751,9
channel-122,667564,30223750,30223754,4
channel-0,4036462,30223753,30223765,12
channel-122,667565,30223763,30223767,4
channel-42,1489877,30223765,30223778,13
channel-75,844672,30223766,30223772,6
channel-75,844673,30223780,30223786,6
channel-0,4036463,30223790,30223801,11
channel-6994,1322770,30223805,30223822,17
channel-122,667566,30223807,30223811,4
channel-113,301260,30223813,30223823,10
channel-750,681245,30223820,30223835,15
channel-85077,59178,30223831,30223847,16
channel-88,467046,30223833,30223851,18
channel-782,310037,30223841,30223847,6
channel-85077,59179,30223859,30223877,18
channel-0,4036464,30223866,30223878,12
channel-88,467047,30223875,30223891,16
channel-6994,1322771,30223878,30223911,33
channel-2188,43462,30223897,30223902,5
channel-165,71402,30223909,30223918,9
channel-326,537424,30223914,30223935,21
channel-75,844674,30223919,30223926,7
channel-0,4036465,30223921,30223930,9
channel-75,844675,30223927,30223934,7
channel-1,408121,30223943,30223968,25
channel-259,314168,30223943,30223949,6
channel-188,190513,30223964,30223977,13
channel-38946,124024,30223967,30223985,18
channel-259,314169,30223972,30223978,6
channel-122,667567,30223974,30223979,5
channel-0,4036466,30223974,30223984,10
channel-88,467048,30223977,30223992,15
channel-259,314170,30223978,30223985,7
channel-1,408122,30223979,30223990,11
channel-750,681246,30223983,30224003,20
channel-6994,1322772,30223995,30224004,9
channel-259,314171,30224008,30224013,5
channel-0,4036467,30224017,30224026,9
channel-143,128251,30224029,30224045,16
channel-88,467049,30224033,30224043,10
channel-0,4036468,30224043,30224055,12
channel-782,310038,30224045,30224052,7
channel-782,310039,30224078,30224083,5
channel-81016,262,30224084,30224094,10
channel-750,681247,30224087,30224103,16
channel-750,681248,30224098,30224104,6
channel-0,4036469,30224121,30224133,12
channel-0,4036470,30224134,30224143,9
channel-0,4036471,30224148,30224171,23
channel-75,844676,30224150,30224157,7
channel-1,408123,30224151,30224163,12
channel-122,667568,30224159,30224163,4
channel-4,166802,30224166,30224183,17
channel-165,71403,30224181,30224192,11
channel-4,166803,30224181,30224200,19
channel-1,408124,30224192,30224199,7
channel-85077,59180,30224193,30224207,14
channel-412,64431,30224197,30224216,19
channel-2494,31859,30224197,30224205,8
channel-750,681249,30224200,30224214,14
channel-1,408125,30224200,30224214,14
channel-1,408126,30224200,30224214,14
channel-326,537425,30224202,30224223,21
channel-1,408127,30224202,30224214,12
channel-0,4036472,30224205,30224225,20
channel-0,4036473,30224208,30224234,26
channel-143,128252,30224211,30224223,12
channel-1,408128,30224211,30224232,21
channel-750,681250,30224223,30224233,10
channel-750,681251,30224226,30224238,12
channel-85077,59181,30224243,30224253,10
channel-1,408129,30224253,30224304,51
channel-1,408130,30224275,30224309,34
channel-750,681252,30224314,30224325,11
channel-1,408131,30224321,30224346,25
channel-750,681253,30224329,30224333,4
channel-42,1489878,30224338,30224343,5
channel-1,408132,30224355,30224403,48
channel-165,71404,30224366,30224375,9
channel-75,844677,30224387,30224395,8
channel-750,681254,30224387,30224398,11
channel-0,4036474,30224390,30224400,10
channel-259,314172,30224390,30224397,7
channel-1,408133,30224404,30224414,10
channel-75,844678,30224405,30224414,9
channel-0,4036475,30224414,30224424,10
channel-73755,5818,30224416,30224423,7
channel-0,4036476,30224429,30224453,24
channel-6994,1322773,30224429,30224441,12
channel-122,667569,30224439,30224442,3
channel-42,1489879,30224461,30224470,9
channel-122,667570,30224462,30224466,4
channel-522,40411,30224490,30224503,13
channel-122,667571,30224493,30224496,3
channel-94814,3709,30224495,30224505,10
channel-208,1489434,30224498,30224509,11
channel-75,844679,30224503,30224516,13
channel-85077,59182,30224503,30224512,9
channel-0,4036477,30224508,30224517,9
channel-19774,345727,30224513,30224522,9
channel-199,132519,30224533,30224541,8
channel-259,314173,30224576,30224582,6
channel-73755,5819,30224594,30224601,7
channel-42,1489880,30224599,30224605,6
channel-85077,59183,30224601,30224612,11
channel-6994,1322774,30224603,30224617,14
channel-782,310040,30224614,30224621,7
channel-6994,1322775,30224618,30224631,13
channel-0,4036478,30224623,30224632,9
channel-85077,59184,30224652,30224660,8
channel-750,681255,30224656,30224661,5
channel-42,1489881,30224668,30224676,8
channel-2188,43463,30224676,30224679,3
channel-6994,1322776,30224691,30224701,10
channel-42,1489882,30224711,30224718,7
channel-0,4036479,30224741,30224746,5
channel-750,681256,30224747,30224763,16
channel-6994,1322777,30224761,30224772,11
channel-0,4036480,30224784,30224797,13
channel-6994,1322778,30224789,30224799,10
channel-251,85148,30224804,30224815,11
channel-199,132520,30224809,30224819,10
channel-75,844680,30224810,30224826,16
channel-88,467050,30224814,30224835,21
channel-0,4036481,30224823,30224832,9
channel-88,467051,30224832,30224844,12
channel-85077,59185,30224845,30224857,12
channel-165,71405,30224847,30224856,9
channel-85077,59186,30224869,30224875,6
channel-1,408134,30224869,30224886,17
channel-199,132521,30224874,30224886,12
channel-6994,1322779,30224875,30224887,12
channel-42,1489883,30224881,30224888,7
channel-4,166804,30224909,30224937,28
channel-6787,166594,30224928,30224933,5
channel-42,1489884,30224947,30224953,6
channel-750,681257,30224951,30224965,14
channel-75,844681,30224954,30224972,18
channel-42,1489885,30224956,30224967,11
channel-75,844682,30224960,30224970,10
channel-20082,9858,30224963,30225165,202
channel-42,1489886,30224965,30224973,8
channel-2186,40744,30224966,30224992,26
channel-42,1489887,30224977,30224985,8
channel-750,681258,30224986,30225001,15
channel-750,681259,30224992,30224996,4
channel-0,4036482,30225006,30225015,9
channel-42,1489888,30225008,30225017,9
channel-184,137350,30225019,30225030,11
channel-750,681260,30225021,30225033,12
channel-6994,1322780,30225030,30225041,11
channel-1,408135,30225046,30225067,21
channel-42,1489889,30225087,30225095,8
channel-75,844683,30225127,30225133,6
channel-122,667572,30225161,30225164,3
channel-326,537426,30225204,30225210,6
channel-47,198630,30225209,30225223,14
channel-73755,5820,30225232,30225241,9
channel-47,198631,30225237,30225254,17
channel-85077,59187,30225243,30225252,9
channel-75,844684,30225312,30225319,7
channel-2694,3277,30225323,30225353,30
channel-642,126477,30225332,30225370,38
channel-232,49182,30225334,30225347,13
channel-73755,5821,30225339,30225347,8
channel-79703,4400,30225344,30225358,14
channel-1,408136,30225348,30225418,70
channel-143,128253,30225373,30225380,7
channel-108,39833,30225392,30225554,162
channel-85077,59188,30225392,30225400,8
channel-6994,1322781,30225403,30225425,22
channel-199,132522,30225420,30225429,9
channel-72,516382,30225447,30225494,47
channel-47,198632,30225457,30225468,11
channel-2494,31860,30225462,30225468,6
channel-1,408137,30225464,30225477,13
channel-85077,59189,30225502,30225509,7
channel-232,49183,30225509,30225521,12
channel-75,844685,30225518,30225526,8
channel-0,4036483,30225525,30225537,12
channel-5,184214,30225567,30225574,7
channel-122,667573,30225585,30225589,4
channel-72,516383,30225593,30225628,35
channel-72,516384,30225606,30225648,42
channel-232,49184,30225621,30225631,10
channel-208,1489435,30225673,30225684,11
channel-0,4036484,30225677,30225691,14
channel-0,4036485,30225706,30225718,12
channel-115,20335,30225727,30225740,13
channel-326,537427,30225757,30225762,5
channel-750,681261,30225773,30225784,11
channel-6994,1322782,30225779,30225792,13
channel-88,467052,30225784,30225797,13
channel-75,844686,30225830,30225841,11
channel-199,132523,30225831,30225840,9
channel-85077,59190,30225833,30225843,10
channel-21113,25278,30225834,30225840,6
channel-199,132524,30225836,30225844,8
channel-6994,1322783,30225874,30225883,9
channel-208,1489436,30225890,30225897,7
channel-20082,9859,30225926,30226074,148
channel-42,1489890,30225930,30225935,5
channel-85077,59191,30225937,30225948,11
channel-6787,166595,30225961,30225965,4
channel-1279,67105,30225967,30226136,169
channel-0,4036486,30225997,30226006,9
channel-750,681262,30226001,30226006,5
channel-2188,43464,30226005,30226010,5
channel-750,681263,30226007,30226014,7
channel-115,20336,30226012,30226019,7
channel-750,681264,30226012,30226025,13
channel-750,681265,30226018,30226025,7
channel-122,667574,30226033,30226036,3
channel-750,681266,30226033,30226039,6
channel-750,681267,30226041,30226057,16
channel-0,4036487,30226046,30226053,7
channel-750,681268,30226050,30226054,4
channel-750,681269,30226056,30226066,10
channel-782,310041,30226058,30226064,6
channel-1,408138,30226058,30226067,9
channel-750,681270,30226071,30226078,7
channel-251,85149,30226083,30226093,10
channel-750,681271,30226086,30226091,5
channel-750,681272,30226099,30226105,6
channel-79241,949,30226139,30226146,7
channel-21113,25279,30226160,30226169,9
channel-199,132525,30226181,30226191,10
channel-208,1489437,30226189,30226199,10
channel-42,1489891,30226199,30226209,10
channel-85077,59192,30226292,30226299,7
channel-326,537428,30226323,30226329,6
channel-750,681273,30226366,30226380,14
channel-750,681274,30226381,30226385,4
channel-0,4036488,30226399,30226413,14
channel-0,4036489,30226402,30226413,11
channel-42,1489892,30226411,30226418,7
channel-122,667575,30226417,30226421,4
channel-91017,2726,30226420,30226430,10
channel-1,408139,30226424,30226464,40
channel-750,681275,30226424,30226436,12
channel-2,130572,30226436,30226449,13
channel-2188,43465,30226450,30226455,5
channel-199,132526,30226464,30226473,9
channel-0,4036490,30226468,30226477,9
channel-0,4036491,30226471,30226480,9
channel-42,1489893,30226481,30226489,8
channel-38946,124025,30226492,30226510,18
channel-0,4036492,30226540,30226549,9
channel-75,844687,30226549,30226556,7
channel-0,4036493,30226561,30226570,9
channel-85077,59193,30226570,30226580,10
channel-122,667576,30226586,30226590,4
