channel_id,sequence,send_height,ack_height,block_delay
channel-779,1173,30385807,30385830,23
channel-6994,1326399,30385812,30385821,9
channel-75,845470,30385819,30385842,23
channel-4,167099,30385825,30385836,11
channel-6994,1326400,30385831,30385843,12
channel-75,845471,30385831,30385839,8
channel-0,4040969,30385841,30385849,8
channel-204,670891,30385841,30385849,8
channel-6994,1326401,30385844,30385853,9
channel-750,685918,30385849,30385860,11
channel-108,39879,30385854,30385870,16
channel-108,39880,30385861,30385870,9
channel-94814,3824,30385879,30385889,10
