channel_id,sequence,send_height,ack_height,block_delay
channel-0,4033834,30120500,30120507,7
channel-199,132227,30120503,30120513,10
channel-85077,58007,30120519,30120540,21
channel-208,1488492,30120542,30120554,12
channel-6994,1321339,30120542,30120555,13
channel-122,667018,30120550,30120555,5
channel-6994,1321340,30120554,30120562,8
channel-0,4033835,30120557,30120567,10
channel-6994,1321341,30120572,30120585,13
channel-75,843664,30120601,30120618,17
channel-113,301202,30120607,30120619,12
channel-0,4033836,30120624,30120637,13
channel-113,301203,30120624,30120634,10
channel-0,4033837,30120630,30120642,12
channel-122,667019,30120636,30120640,4
channel-6994,1321342,30120645,30120660,15
channel-750,678953,30120651,30120665,14
channel-88,466886,30120657,30120807,150
channel-38946,123795,30120684,30120697,13
channel-85077,58008,30120685,30120696,11
channel-113,301204,30120693,30120703,10
channel-326,536656,30120693,30120697,4
channel-326,536657,30120693,30120697,4
channel-326,536658,30120693,30120697,4
channel-326,536659,30120693,30120697,4
channel-326,536660,30120693,30120697,4
channel-326,536661,30120693,30120697,4
channel-326,536662,30120693,30120697,4
channel-326,536663,30120693,30120697,4
channel-75,843665,30120697,30120705,8
channel-6994,1321343,30120697,30120723,26
channel-94814,3621,30120706,30120717,11
channel-75,843666,30120707,30120714,7
channel-0,4033838,30120717,30120726,9
channel-0,4033839,30120720,30120731,11
channel-113,301205,30120728,30120741,13
channel-326,536664,30120743,30120749,6
channel-326,536665,30120743,30120749,6
channel-326,536666,30120743,30120749,6
channel-326,536667,30120743,30120749,6
channel-326,536668,30120743,30120749,6
channel-326,536669,30120743,30120749,6
channel-326,536670,30120743,30120749,6
channel-113,301206,30120753,30120762,9
channel-208,1488493,30120759,30120773,14
channel-75,843667,30120761,30120768,7
channel-750,678954,30120766,30120769,3
channel-199,132228,30120770,30120781,11
channel-20082,9839,30120788,30120798,10
channel-38946,123796,30120791,30120808,17
channel-0,4033840,30120800,30120811,11
channel-0,4033841,30120803,30120817,14
channel-0,4033842,30120819,30120833,14
channel-326,536671,30120840,30120857,17
channel-326,536672,30120840,30120857,17
channel-326,536673,30120840,30120857,17
channel-326,536674,30120840,30120857,17
channel-326,536675,30120840,30120857,17
channel-326,536676,30120840,30120857,17
channel-85077,58009,30120842,30120870,28
channel-326,536677,30120846,30120867,21
channel-6994,1321344,30120846,30120856,10
channel-6994,1321345,30120852,30120866,14
channel-6994,1321346,30120866,30120877,11
channel-259,314027,30120896,30120902,6
channel-1429,140573,30120901,30120909,8
channel-0,4033843,30120903,30120909,6
channel-0,4033844,30120920,30120928,8
channel-750,678955,30120929,30120959,30
channel-259,314028,30120932,30120937,5
channel-6994,1321347,30120933,30120946,13
channel-1,407760,30120948,30120963,15
channel-89298,18422,30120961,30120970,9
channel-165,71331,30120975,30120998,23
channel-0,4033845,30120985,30120995,10
channel-6994,1321348,30121004,30121015,11
channel-75,843668,30121015,30121022,7
channel-89298,18423,30121021,30121029,8
channel-6994,1321349,30121038,30121049,11
channel-122,667020,30121042,30121045,3
channel-0,4033846,30121052,30121062,10
channel-88,466887,30121054,30121068,14
channel-1279,67077,30121054,30121063,9
channel-165,71332,30121059,30121094,35
channel-0,4033847,30121062,30121072,10
channel-6994,1321350,30121063,30121089,26
channel-94814,3622,30121072,30121083,11
channel-21113,25224,30121080,30121086,6
channel-6994,1321351,30121093,30121107,14
channel-750,678956,30121101,30121106,5
channel-85077,58010,30121103,30121125,22
channel-208,1488494,30121107,30121118,11
channel-0,4033848,30121108,30121118,10
channel-75,843669,30121113,30121121,8
channel-326,536678,30121118,30121124,6
channel-326,536679,30121137,30121143,6
channel-1,407761,30121143,30121159,16
channel-259,314029,30121167,30121174,7
channel-92956,183,30121167,30121179,12
channel-0,4033849,30121183,30121195,12
channel-75,843670,30121197,30121204,7
channel-6994,1321352,30121204,30121218,14
channel-6994,1321353,30121204,30121232,28
channel-0,4033850,30121213,30121223,10
channel-94814,3623,30121232,30121245,13
channel-750,678957,30121234,30121240,6
channel-6994,1321354,30121237,30121247,10
channel-6994,1321355,30121240,30121253,13
channel-522,40362,30121258,30121267,9
channel-0,4033851,30121271,30121281,10
channel-113,301207,30121278,30121291,13
channel-476,11788,30121283,30121294,11
channel-0,4033852,30121303,30121313,10
channel-208,1488495,30121309,30121320,11
channel-184,137295,30121318,30121336,18
channel-208,1488496,30121319,30121329,10
channel-0,4033853,30121319,30121330,11
channel-1,407762,30121347,30121371,24
channel-6994,1321356,30121365,30121377,12
channel-2,130497,30121374,30121385,11
channel-767,14313,30121381,30121395,14
channel-6994,1321357,30121414,30121422,8
channel-42,1489663,30121415,30121420,5
channel-144,86656,30121416,30121424,8
channel-122,667021,30121420,30121423,3
channel-88,466888,30121421,30121439,18
channel-88,466889,30121426,30121442,16
channel-6994,1321358,30121428,30121441,13
channel-0,4033854,30121429,30121442,13
channel-0,4033855,30121479,30121492,13
channel-0,4033856,30121482,30121492,10
channel-0,4033857,30121488,30121497,9
channel-0,4033858,30121497,30121514,17
channel-122,667022,30121500,30121503,3
channel-2494,31769,30121502,30121512,10
channel-0,4033859,30121505,30121514,9
channel-75,843671,30121508,30121515,7
channel-75,843672,30121519,30121528,9
channel-75,843673,30121526,30121534,8
channel-19774,345445,30121529,30121539,10
channel-0,4033860,30121538,30121550,12
channel-199,132229,30121540,30121553,13
channel-750,678958,30121543,30121549,6
channel-75,843674,30121543,30121550,7
channel-75,843675,30121553,30121565,12
channel-75,843676,30121555,30121565,10
channel-85077,58011,30121556,30121580,24
channel-2494,31770,30121565,30121575,10
channel-6994,1321359,30121569,30121588,19
channel-782,309931,30121569,30121576,7
channel-0,4033861,30121575,30121589,14
channel-75,843677,30121584,30121593,9
channel-75,843678,30121589,30121597,8
channel-91017,2577,30121595,30121602,7
channel-750,678959,30121597,30121601,4
channel-750,678960,30121602,30121619,17
channel-5,184071,30121602,30121611,9
channel-75,843679,30121605,30121616,11
channel-750,678961,30121606,30121619,13
channel-188,190484,30121608,30121634,26
channel-75,843680,30121611,30121618,7
channel-750,678962,30121616,30121620,4
channel-750,678963,30121619,30121623,4
channel-204,670567,30121629,30121635,6
channel-75,843681,30121630,30121636,6
channel-750,678964,30121635,30121640,5
channel-326,536680,30121644,30121651,7
channel-19774,345446,30121650,30121663,13
channel-42,1489664,30121654,30121688,34
channel-0,4033862,30121657,30121665,8
channel-0,4033863,30121662,30121674,12
channel-0,4033864,30121689,30121702,13
channel-204,670568,30121690,30121700,10
channel-115,20307,30121697,30121705,8
channel-75,843682,30121706,30121713,7
channel-326,536681,30121707,30121714,7
channel-326,536682,30121707,30121714,7
channel-326,536683,30121707,30121714,7
channel-326,536684,30121707,30121714,7
channel-326,536685,30121707,30121714,7
channel-88,466890,30121712,30121725,13
channel-75,843683,30121716,30121724,8
channel-199,132230,30121720,30121731,11
channel-750,678965,30121727,30121731,4
channel-85077,58012,30121730,30121760,30
channel-42,1489665,30121735,30121741,6
channel-184,137296,30121738,30121762,24
channel-6994,1321360,30121741,30121758,17
channel-259,314030,30121757,30121762,5
channel-89298,18424,30121767,30121778,11
channel-0,4033865,30121793,30121810,17
channel-122,667023,30121795,30121799,4
channel-0,4033866,30121807,30121815,8
channel-75,843684,30121810,30121817,7
channel-326,536686,30121812,30121825,13
channel-326,536687,30121812,30121825,13
channel-326,536688,30121812,30121825,13
channel-326,536689,30121812,30121825,13
channel-75,843685,30121825,30121835,10
channel-75,843686,30121830,30121870,40
channel-91017,2578,30121830,30121838,8
channel-122,667024,30121833,30121837,4
channel-0,4033867,30121847,30121857,10
channel-184,137297,30121849,30121861,12
channel-1,407763,30121860,30121894,34
channel-782,309932,30121869,30121875,6
channel-0,4033868,30121871,30121881,10
channel-6994,1321361,30121871,30121881,10
channel-75,843687,30121898,30121906,8
channel-2188,43270,30121899,30121903,4
channel-184,137298,30121903,30121914,11
channel-208,1488497,30121916,30121928,12
channel-0,4033869,30121925,30121934,9
channel-75,843688,30121932,30121940,8
channel-0,4033870,30121932,30121943,11
channel-85077,58013,30121938,30121959,21
channel-1575,15138,30121940,30121952,12
channel-750,678966,30121949,30121959,10
channel-0,4033871,30121957,30121967,10
channel-326,536690,30121957,30121982,25
channel-326,536691,30121957,30121981,24
channel-326,536692,30121957,30121982,25
channel-326,536693,30121957,30121982,25
channel-326,536694,30121957,30121982,25
channel-326,536695,30121957,30121982,25
channel-326,536696,30121957,30121982,25
channel-88,466891,30121962,30121979,17
channel-0,4033872,30121962,30121973,11
channel-19774,345447,30121964,30121976,12
channel-750,678967,30121964,30121982,18
channel-75,843689,30121976,30121984,8
channel-0,4033873,30121978,30121987,9
channel-19774,345448,30121985,30121994,9
channel-79703,4366,30121991,30122008,17
channel-5,184072,30121992,30122000,8
channel-21113,25225,30122001,30122008,7
channel-2188,43271,30122004,30122008,4
channel-326,536697,30122007,30122034,27
channel-21113,25226,30122012,30122019,7
channel-75,843690,30122015,30122033,18
channel-750,678968,30122025,30122030,5
channel-0,4033874,30122030,30122041,11
channel-19774,345449,30122041,30122049,8
channel-0,4033875,30122042,30122051,9
channel-208,1488498,30122048,30122056,8
channel-750,678969,30122050,30122065,15
channel-5,184073,30122053,30122062,9
channel-874,292029,30122060,30122066,6
channel-5,184074,30122069,30122079,10
channel-208,1488499,30122069,30122079,10
channel-0,4033876,30122075,30122084,9
channel-85077,58014,30122084,30122110,26
channel-0,4033877,30122085,30122105,20
channel-75,843691,30122087,30122094,7
channel-750,678970,30122090,30122129,39
channel-6994,1321362,30122090,30122103,13
channel-0,4033878,30122097,30122105,8
channel-89321,19201,30122105,30122123,18
channel-0,4033879,30122123,30122133,10
channel-0,4033880,30122128,30122138,10
channel-42,1489666,30122129,30122137,8
channel-208,1488500,30122133,30122145,12
channel-750,678971,30122135,30122146,11
channel-0,4033881,30122141,30122152,11
channel-750,678972,30122145,30122156,11
channel-21113,25227,30122146,30122153,7
channel-21113,25228,30122155,30122162,7
channel-0,4033882,30122178,30122189,11
channel-88,466892,30122182,30122196,14
channel-208,1488501,30122193,30122204,11
channel-79703,4368,30122216,30122228,12
channel-85077,58015,30122224,30122250,26
channel-75,843692,30122231,30122236,5
channel-6994,1321363,30122235,30122244,9
channel-5,184075,30122236,30122247,11
channel-750,678973,30122250,30122268,18
channel-0,4033883,30122250,30122263,13
channel-75,843693,30122253,30122260,7
channel-0,4033884,30122261,30122289,28
channel-6994,1321364,30122262,30122275,13
channel-326,536698,30122270,30122288,18
channel-750,678974,30122274,30122299,25
channel-476,11789,30122281,30122296,15
channel-6994,1321365,30122282,30122293,11
channel-208,1488502,30122289,30122301,12
channel-5,184076,30122289,30122299,10
channel-0,4033885,30122291,30122297,6
channel-1,407764,30122300,30122323,23
channel-0,4033886,30122330,30122340,10
channel-326,536699,30122362,30122378,16
channel-89298,18425,30122366,30122377,11
channel-0,4033887,30122368,30122378,10
channel-0,4033888,30122384,30122394,10
channel-0,4033889,30122394,30122408,14
channel-6994,1321366,30122422,30122432,10
channel-6994,1321367,30122424,30122468,44
channel-326,536700,30122425,30122436,11
channel-1,407765,30122429,30122459,30
channel-19774,345450,30122444,30122461,17
channel-0,4033890,30122447,30122456,9
channel-208,1488503,30122460,30122473,13
channel-0,4033891,30122461,30122471,10
channel-6994,1321368,30122461,30122477,16
channel-75,843694,30122473,30122479,6
channel-6994,1321369,30122484,30122495,11
channel-0,4033892,30122495,30122529,34
channel-0,4033893,30122495,30122507,12
channel-6994,1321370,30122505,30122515,10
channel-75,843695,30122513,30122519,6
channel-326,536701,30122520,30122525,5
channel-75,843696,30122523,30122530,7
channel-0,4033894,30122523,30122543,20
channel-0,4033895,30122523,30122529,6
channel-19774,345451,30122531,30122542,11
channel-326,536702,30122544,30122560,16
channel-0,4033896,30122549,30122571,22
channel-113,301208,30122552,30122561,9
channel-0,4033897,30122556,30122564,8
channel-75,843697,30122563,30122569,6
channel-0,4033898,30122587,30122600,13
channel-6994,1321371,30122603,30122614,11
channel-89298,18426,30122606,30122615,9
channel-326,536703,30122626,30122635,9
channel-326,536704,30122626,30122635,9
channel-326,536705,30122626,30122635,9
channel-326,536706,30122626,30122635,9
channel-326,536707,30122626,30122635,9
channel-326,536708,30122626,30122635,9
channel-750,678975,30122628,30122637,9
channel-208,1488504,30122630,30122641,11
channel-75,843698,30122632,30122636,4
channel-75,843699,30122635,30122642,7
channel-122,667025,30122656,30122659,3
channel-75,843700,30122656,30122664,8
channel-0,4033899,30122668,30122677,9
channel-750,678976,30122670,30122679,9
channel-750,678977,30122674,30122684,10
channel-750,678978,30122681,30122701,20
channel-75,843701,30122683,30122689,6
channel-2,130498,30122688,30122698,10
channel-122,667026,30122693,30122697,4
channel-208,1488505,30122696,30122705,9
channel-750,678979,30122707,30122716,9
channel-750,678980,30122717,30122720,3
channel-0,4033900,30122722,30122731,9
channel-750,678981,30122733,30122737,4
channel-750,678982,30122735,30122741,6
channel-522,40363,30122740,30122752,12
channel-216,93894,30122742,30122746,4
channel-0,4033901,30122747,30122774,27
channel-750,678983,30122749,30122755,6
channel-0,4033902,30122753,30122765,12
channel-326,536709,30122758,30122763,5
channel-750,678984,30122769,30122782,13
channel-6994,1321372,30122788,30122800,12
channel-19774,345452,30122790,30122799,9
channel-750,678985,30122790,30122796,6
channel-326,536710,30122791,30122812,21
channel-75,843702,30122803,30122811,8
channel-0,4033903,30122804,30122813,9
channel-750,678986,30122821,30122830,9
channel-169,117518,30122826,30122831,5
channel-75,843703,30122832,30122840,8
channel-2494,31771,30122834,30122843,9
channel-750,678987,30122838,30122847,9
channel-75,843704,30122844,30122852,8
channel-0,4033904,30122853,30122864,11
channel-750,678988,30122856,30122867,11
channel-6994,1321373,30122869,30122880,11
channel-750,678989,30122869,30122876,7
channel-326,536711,30122871,30122896,25
channel-750,678990,30122881,30122897,16
channel-750,678991,30122888,30122894,6
channel-6994,1321374,30122890,30122915,25
channel-326,536712,30122891,30122897,6
channel-6994,1321375,30122908,30122919,11
channel-750,678992,30122913,30122920,7
channel-0,4033905,30122914,30122923,9
channel-72,516309,30122918,30122961,43
channel-0,4033906,30122919,30122932,13
channel-750,678993,30122923,30122939,16
channel-326,536713,30122923,30122929,6
channel-750,678994,30122924,30122934,10
channel-0,4033907,30122929,30122943,14
channel-75,843705,30122931,30122950,19
channel-208,1488506,30122938,30122947,9
channel-0,4033908,30122938,30122948,10
channel-750,678995,30122941,30122950,9
channel-6994,1321376,30122944,30122969,25
channel-6994,1321377,30122961,30122989,28
channel-0,4033909,30122976,30122987,11
channel-0,4033910,30122982,30122992,10
channel-216,93895,30122990,30122994,4
channel-0,4033911,30123000,30123010,10
channel-0,4033912,30123011,30123021,10
channel-0,4033913,30123042,30123050,8
channel-2,130499,30123045,30123056,11
channel-6994,1321378,30123047,30123059,12
channel-6994,1321379,30123086,30123111,25
channel-0,4033914,30123092,30123100,8
channel-39535,10281,30123093,30123109,16
channel-6994,1321380,30123100,30123111,11
channel-122,667027,30123102,30123105,3
channel-6994,1321381,30123124,30123142,18
channel-75,843706,30123126,30123133,7
channel-1429,140574,30123130,30123142,12
channel-0,4033915,30123134,30123148,14
channel-326,536714,30123135,30123159,24
channel-19774,345453,30123144,30123152,8
channel-89321,19202,30123146,30123158,12
channel-0,4033916,30123158,30123167,9
channel-75,843707,30123158,30123164,6
channel-874,292030,30123160,30123165,5
channel-122,667028,30123165,30123169,4
channel-91017,2579,30123167,30123174,7
channel-874,292031,30123170,30123174,4
channel-113,301209,30123183,30123195,12
channel-259,314031,30123189,30123194,5
channel-6994,1321382,30123204,30123216,12
channel-6994,1321383,30123208,30123220,12
channel-6994,1321384,30123230,30123241,11
channel-122,667029,30123230,30123234,4
channel-326,536715,30123231,30123237,6
channel-113,301210,30123236,30123245,9
channel-750,678996,30123238,30123249,11
channel-750,678997,30123247,30123256,9
channel-750,678998,30123249,30123257,8
channel-750,678999,30123256,30123263,7
channel-326,536716,30123262,30123288,26
channel-326,536717,30123262,30123281,19
channel-750,679000,30123269,30123274,5
channel-750,679001,30123270,30123282,12
channel-113,301211,30123272,30123289,17
channel-750,679002,30123273,30123278,5
channel-122,667030,30123290,30123294,4
channel-750,679003,30123300,30123313,13
channel-750,679004,30123304,30123314,10
channel-143,128154,30123313,30123325,12
channel-750,679005,30123328,30123339,11
channel-326,536718,30123330,30123346,16
channel-122,667031,30123350,30123353,3
channel-89321,19203,30123353,30123388,35
channel-750,679006,30123356,30123380,24
channel-0,4033917,30123356,30123368,12
channel-216,93896,30123358,30123362,4
channel-750,679007,30123365,30123373,8
channel-89321,19204,30123367,30123388,21
channel-199,132231,30123370,30123381,11
channel-0,4033918,30123385,30123398,13
channel-750,679008,30123386,30123392,6
channel-0,4033919,30123390,30123401,11
channel-326,536719,30123396,30123411,15
channel-122,667032,30123397,30123401,4
channel-6994,1321385,30123402,30123415,13
channel-1,407766,30123404,30123447,43
channel-0,4033920,30123412,30123419,7
channel-750,679009,30123415,30123421,6
channel-6994,1321386,30123417,30123431,14
channel-750,679010,30123419,30123424,5
channel-750,679011,30123424,30123445,21
channel-0,4033921,30123426,30123434,8
channel-750,679012,30123430,30123461,31
channel-750,679013,30123434,30123438,4
channel-1,407767,30123440,30123452,12
channel-0,4033922,30123441,30123452,11
channel-750,679014,30123442,30123450,8
channel-750,679015,30123458,30123462,4
channel-326,536720,30123461,30123469,8
channel-0,4033923,30123467,30123477,10
channel-6994,1321387,30123467,30123478,11
channel-750,679016,30123472,30123477,5
channel-75,843708,30123483,30123490,7
channel-750,679017,30123483,30123487,4
channel-750,679018,30123484,30123506,22
channel-199,132232,30123497,30123507,10
channel-6994,1321388,30123503,30123513,10
channel-6994,1321389,30123508,30123518,10
channel-750,679019,30123508,30123517,9
channel-6994,1321390,30123509,30123522,13
channel-326,536721,30123513,30123530,17
channel-6994,1321391,30123538,30123551,13
channel-1,407768,30123541,30123555,14
channel-6994,1321392,30123542,30123578,36
channel-208,1488507,30123544,30123554,10
channel-750,679020,30123549,30123553,4
channel-38946,123797,30123551,30123562,11
channel-75,843709,30123552,30123560,8
channel-750,679021,30123553,30123576,23
channel-8,43443,30123554,30123580,26
channel-6994,1321393,30123561,30123572,11
channel-326,536722,30123562,30123585,23
channel-208,1488508,30123564,30123576,12
channel-6994,1321394,30123564,30123578,14
channel-750,679022,30123576,30123586,10
channel-5,184077,30123597,30123608,11
channel-750,679023,30123600,30123604,4
channel-750,679024,30123610,30123631,21
channel-21113,25229,30123611,30123619,8
channel-8,43444,30123619,30123640,21
channel-91017,2580,30123624,30123633,9
channel-750,679025,30123637,30123656,19
channel-326,536723,30123640,30123659,19
channel-6994,1321395,30123643,30123654,11
channel-208,1488509,30123645,30123655,10
channel-143,128155,30123650,30123683,33
channel-208,1488510,30123656,30123668,12
channel-75,843710,30123662,30123668,6
channel-0,4033924,30123667,30123676,9
channel-122,667033,30123667,30123670,3
channel-750,679026,30123673,30123711,38
channel-750,679027,30123674,30123681,7
channel-0,4033925,30123681,30123688,7
channel-750,679028,30123686,30123699,13
channel-75,843711,30123686,30123693,7
channel-0,4033926,30123692,30123705,13
channel-750,679029,30123695,30123738,43
channel-89298,18427,30123699,30123709,10
channel-6994,1321396,30123703,30123726,23
channel-6994,1321397,30123707,30123814,107
channel-6994,1321398,30123715,30123726,11
channel-750,679030,30123716,30123731,15
channel-750,679031,30123722,30123731,9
channel-750,679032,30123726,30123738,12
channel-750,679033,30123727,30123752,25
channel-750,679034,30123732,30123757,25
channel-208,1488511,30123733,30123742,9
channel-6994,1321399,30123747,30123756,9
channel-750,679035,30123752,30123766,14
channel-143,128156,30123753,30123772,19
channel-750,679036,30123754,30123770,16
channel-750,679037,30123765,30123780,15
channel-208,1488512,30123773,30123780,7
channel-326,536724,30123775,30123792,17
channel-750,679038,30123780,30123792,12
channel-750,679039,30123780,30123789,9
channel-750,679040,30123786,30123806,20
channel-782,309933,30123789,30123792,3
channel-750,679041,30123794,30123811,17
channel-0,4033927,30123803,30123816,13
channel-6994,1321400,30123805,30123834,29
channel-6994,1321401,30123814,30123824,10
channel-6994,1321402,30123824,30123834,10
channel-750,679042,30123838,30123848,10
channel-208,1488513,30123855,30123868,13
channel-750,679043,30123859,30123864,5
channel-750,679044,30123862,30123876,14
channel-326,536725,30123866,30123872,6
channel-326,536726,30123866,30123882,16
channel-184,137299,30123871,30123881,10
channel-750,679045,30123873,30123902,29
channel-750,679046,30123874,30123878,4
channel-89298,18428,30123883,30123889,6
channel-750,679047,30123885,30123892,7
channel-750,679048,30123888,30123902,14
channel-75,843712,30123891,30123896,5
channel-19774,345454,30123896,30123904,8
channel-6994,1321403,30123913,30123923,10
channel-184,137300,30123916,30123929,13
channel-750,679049,30123922,30123930,8
channel-5,184078,30123923,30123928,5
channel-750,679050,30123923,30123937,14
channel-326,536727,30123928,30123935,7
channel-750,679051,30123937,30123958,21
channel-0,4033928,30123954,30123965,11
channel-122,667034,30123968,30123973,5
channel-6994,1321404,30123970,30123984,14
channel-750,679052,30123970,30123984,14
channel-750,679053,30123973,30123997,24
channel-208,1488514,30123982,30123991,9
channel-326,536728,30124000,30124023,23
channel-0,4033929,30124008,30124017,9
channel-6994,1321405,30124025,30124037,12
channel-782,309934,30124039,30124044,5
channel-0,4033930,30124043,30124054,11
channel-750,679054,30124044,30124049,5
channel-750,679055,30124045,30124060,15
channel-6994,1321406,30124047,30124058,11
channel-750,679056,30124052,30124057,5
channel-750,679057,30124054,30124074,20
channel-82819,482,30124057,30124071,14
channel-750,679058,30124081,30124093,12
channel-0,4033931,30124086,30124098,12
channel-208,1488515,30124089,30124100,11
channel-750,679059,30124097,30124108,11
channel-750,679060,30124116,30124126,10
channel-750,679061,30124117,30124137,20
channel-2,130500,30124131,30124143,12
channel-750,679062,30124141,30124156,15
channel-750,679063,30124145,30124158,13
channel-0,4033932,30124147,30124156,9
channel-6994,1321407,30124154,30124166,12
channel-750,679064,30124160,30124169,9
channel-874,292032,30124169,30124191,22
channel-75,843713,30124179,30124187,8
channel-750,679065,30124180,30124201,21
channel-89298,18429,30124189,30124198,9
channel-326,536729,30124191,30124199,8
channel-750,679066,30124207,30124213,6
channel-326,536730,30124209,30124231,22
channel-0,4033933,30124213,30124220,7
channel-0,4033934,30124220,30124230,10
channel-76971,12169,30124224,30124252,28
channel-6994,1321408,30124228,30124242,14
channel-75,843714,30124241,30124251,10
channel-750,679067,30124242,30124247,5
channel-75,843715,30124247,30124257,10
channel-0,4033935,30124250,30124260,10
channel-6994,1321409,30124257,30124266,9
channel-750,679068,30124258,30124271,13
channel-6994,1321410,30124263,30124276,13
channel-750,679069,30124264,30124269,5
channel-94814,3624,30124272,30124285,13
channel-208,1488516,30124278,30124289,11
channel-0,4033936,30124289,30124297,8
channel-75,843716,30124307,30124323,16
channel-6994,1321411,30124320,30124333,13
channel-0,4033937,30124321,30124331,10
channel-122,667035,30124328,30124331,3
channel-76971,12170,30124343,30124371,28
channel-75,843717,30124349,30124357,8
channel-6994,1321412,30124370,30124383,13
channel-326,536731,30124380,30124386,6
channel-750,679070,30124386,30124391,5
channel-340,3085,30124399,30124470,71
channel-75,843718,30124412,30124420,8
channel-6994,1321413,30124413,30124428,15
channel-122,667036,30124420,30124424,4
channel-0,4033938,30124425,30124444,19
channel-122,667037,30124442,30124445,3
channel-259,314032,30124459,30124465,6
channel-75,843719,30124471,30124475,4
channel-0,4033939,30124472,30124491,19
channel-208,1488517,30124491,30124500,9
channel-229,54921,30124507,30124517,10
channel-2188,43272,30124512,30124517,5
channel-750,679071,30124520,30124538,18
channel-259,314033,30124522,30124528,6
channel-2188,43273,30124536,30124541,5
channel-0,4033940,30124540,30124549,9
channel-208,1488518,30124540,30124549,9
channel-229,54922,30124545,30124558,13
channel-88,466893,30124549,30124559,10
channel-95,331581,30124549,30124564,15
channel-476,11790,30124553,30124561,8
channel-326,536732,30124554,30124560,6
channel-2188,43274,30124557,30124561,4
channel-750,679072,30124564,30124573,9
channel-75,843720,30124595,30124601,6
channel-750,679073,30124603,30124609,6
channel-1429,140575,30124612,30124624,12
channel-750,679074,30124633,30124642,9
channel-0,4033941,30124645,30124653,8
channel-1429,140576,30124652,30124660,8
channel-0,4033942,30124657,30124666,9
channel-476,11791,30124657,30124674,17
channel-750,679075,30124657,30124664,7
channel-0,4033943,30124669,30124679,10
channel-208,1488519,30124681,30124694,13
channel-750,679076,30124686,30124696,10
channel-1429,140577,30124694,30124704,10
channel-0,4033944,30124695,30124706,11
channel-208,1488520,30124697,30124709,12
channel-76971,12171,30124714,30124736,22
channel-326,536733,30124714,30124873,159
channel-326,536734,30124714,30124873,159
channel-326,536735,30124714,30124873,159
channel-326,536736,30124714,30124873,159
channel-326,536737,30124714,30124873,159
channel-750,679077,30124724,30124733,9
channel-6994,1321414,30124748,30124765,17
channel-1429,140578,30124754,30124765,11
channel-782,309935,30124770,30124775,5
channel-122,667038,30124773,30124776,3
channel-94814,3625,30124775,30124790,15
channel-75,843721,30124778,30124793,15
channel-208,1488521,30124778,30124797,19
channel-750,679078,30124790,30124794,4
channel-0,4033945,30124806,30124833,27
channel-320,119021,30124822,30124833,11
channel-750,679079,30124838,30124849,11
channel-6994,1321415,30124839,30124868,29
channel-89298,18430,30124845,30124857,12
channel-0,4033946,30124852,30124861,9
channel-259,314034,30124852,30124858,6
channel-75,843722,30124855,30124865,10
channel-0,4033947,30124882,30124890,8
channel-6994,1321416,30124882,30124891,9
channel-122,667039,30124892,30124896,4
channel-208,1488522,30124896,30124918,22
channel-750,679080,30124907,30124918,11
channel-75,843723,30124924,30124932,8
channel-122,667040,30124925,30124928,3
channel-750,679081,30124925,30124933,8
channel-6994,1321417,30124934,30124947,13
channel-0,4033948,30124934,30124945,11
channel-750,679082,30124939,30124944,5
channel-750,679083,30124943,30124948,5
channel-75,843724,30124963,30124969,6
channel-0,4033949,30124973,30124985,12
channel-75,843725,30124976,30124984,8
channel-2188,43275,30124989,30124995,6
channel-6994,1321418,30125002,30125013,11
channel-115,20308,30125011,30125023,12
channel-89298,18431,30125024,30125033,9
channel-75,843726,30125034,30125052,18
channel-6994,1321419,30125037,30125050,13
channel-122,667041,30125040,30125044,4
channel-6994,1321420,30125050,30125059,9
channel-750,679084,30125058,30125063,5
channel-340,3086,30125065,30125075,10
channel-75,843727,30125131,30125137,6
channel-326,536738,30125145,30125150,5
channel-767,14314,30125157,30125166,9
channel-750,679085,30125161,30125171,10
channel-22172,2609,30125174,30125183,9
channel-0,4033950,30125192,30125219,27
channel-199,132233,30125194,30125204,10
channel-0,4033951,30125232,30125246,14
channel-75,843728,30125236,30125245,9
channel-0,4033952,30125242,30125253,11
channel-0,4033953,30125255,30125264,9
channel-88,466894,30125265,30125278,13
channel-122,667042,30125267,30125275,8
channel-6994,1321421,30125268,30125298,30
channel-208,1488523,30125269,30125278,9
channel-0,4033954,30125275,30125288,13
channel-89298,18432,30125279,30125288,9
channel-88,466895,30125294,30125319,25
channel-750,679086,30125297,30125310,13
channel-0,4033955,30125309,30125332,23
channel-0,4033956,30125319,30125327,8
channel-122,667043,30125326,30125347,21
channel-6994,1321422,30125326,30125345,19
channel-122,667044,30125332,30125335,3
channel-122,667045,30125341,30125350,9
channel-91017,2581,30125346,30125354,8
channel-0,4033957,30125353,30125363,10
channel-75,843729,30125371,30125378,7
channel-6994,1321423,30125378,30125411,33
channel-750,679087,30125379,30125405,26
channel-0,4033958,30125381,30125392,11
channel-75,843730,30125385,30125393,8
channel-208,1488524,30125391,30125403,12
channel-75,843731,30125405,30125423,18
channel-2188,43276,30125420,30125424,4
channel-259,314035,30125423,30125429,6
channel-6994,1321424,30125441,30125454,13
channel-89298,18433,30125447,30125458,11
channel-38946,123798,30125455,30125485,30
channel-75,843732,30125464,30125472,8
channel-6994,1321425,30125467,30125493,26
channel-0,4033959,30125476,30125485,9
channel-6994,1321426,30125491,30125516,25
channel-75,843733,30125495,30125502,7
channel-208,1488525,30125502,30125514,12
channel-208,1488526,30125502,30125514,12
channel-75,843734,30125516,30125522,6
channel-75,843735,30125539,30125547,8
channel-362,86665,30125552,30125560,8
channel-75,843736,30125560,30125566,6
channel-0,4033960,30125567,30125578,11
channel-6994,1321427,30125575,30125603,28
channel-0,4033961,30125578,30125588,10
channel-0,4033962,30125588,30125598,10
channel-0,4033963,30125590,30125602,12
channel-781,11373,30125595,30125599,4
channel-1,407769,30125609,30125634,25
channel-6994,1321428,30125617,30125628,11
channel-750,679088,30125622,30125639,17
channel-750,679089,30125624,30125629,5
channel-0,4033964,30125634,30125645,11
channel-6994,1321429,30125637,30125648,11
channel-0,4033965,30125640,30125650,10
channel-0,4033966,30125664,30125675,11
channel-5,184079,30125667,30125677,10
channel-0,4033967,30125673,30125681,8
channel-6994,1321430,30125674,30125687,13
channel-75,843737,30125695,30125702,7
channel-0,4033968,30125709,30125720,11
channel-0,4033969,30125715,30125725,10
channel-0,4033970,30125742,30125753,11
channel-1,407770,30125753,30125795,42
channel-0,4033971,30125762,30125770,8
channel-750,679090,30125763,30125768,5
channel-88,466896,30125803,30125813,10
channel-6994,1321431,30125807,30125818,11
channel-122,667046,30125812,30125816,4
channel-750,679091,30125817,30125827,10
channel-72,516310,30125820,30125866,46
channel-6994,1321432,30125822,30125834,12
channel-2494,31772,30125827,30125837,10
channel-199,132234,30125828,30125836,8
channel-1,407771,30125835,30125860,25
channel-122,667047,30125844,30125848,4
channel-767,14315,30125857,30125869,12
channel-94814,3626,30125859,30125874,15
channel-122,667048,30125875,30125879,4
channel-143,128157,30125884,30125902,18
channel-122,667049,30125886,30125890,4
channel-6994,1321433,30125900,30125927,27
channel-75,843738,30125921,30125929,8
channel-0,4033972,30125932,30125943,11
channel-75,843739,30125933,30125939,6
channel-750,679092,30125953,30125962,9
channel-75,843740,30125971,30125977,6
channel-6994,1321434,30125983,30125997,14
channel-750,679093,30125999,30126011,12
channel-75,843741,30126017,30126024,7
channel-1,407772,30126020,30126046,26
channel-19774,345455,30126021,30126034,13
channel-1,407773,30126032,30126046,14
channel-874,292033,30126039,30126043,4
channel-122,667050,30126048,30126052,4
channel-6994,1321435,30126052,30126063,11
channel-0,4033973,30126057,30126089,32
channel-6994,1321436,30126070,30126083,13
channel-122,667051,30126075,30126079,4
channel-122,667052,30126092,30126095,3
channel-0,4033974,30126099,30126121,22
channel-208,1488527,30126134,30126146,12
channel-0,4033975,30126138,30126150,12
channel-208,1488528,30126148,30126160,12
channel-0,4033976,30126152,30126165,13
channel-122,667053,30126171,30126175,4
channel-122,667054,30126174,30126178,4
channel-38946,123799,30126175,30126189,14
channel-0,4033977,30126176,30126187,11
channel-0,4033978,30126177,30126187,10
channel-0,4033979,30126200,30126210,10
channel-75,843742,30126205,30126212,7
channel-0,4033980,30126229,30126239,10
channel-216,93897,30126233,30126239,6
channel-75,843743,30126251,30126259,8
channel-38946,123800,30126251,30126284,33
channel-0,4033981,30126261,30126274,13
channel-216,93898,30126267,30126270,3
channel-122,667055,30126274,30126277,3
channel-6994,1321437,30126274,30126287,13
channel-6994,1321438,30126275,30126289,14
channel-0,4033982,30126278,30126288,10
channel-6994,1321439,30126294,30126307,13
channel-0,4033983,30126297,30126325,28
channel-122,667056,30126299,30126303,4
channel-6994,1321440,30126307,30126318,11
channel-750,679094,30126313,30126335,22
channel-326,536739,30126322,30126342,20
channel-232,49147,30126329,30126338,9
channel-750,679095,30126333,30126338,5
channel-6994,1321441,30126333,30126346,13
channel-75,843744,30126345,30126351,6
channel-89321,19205,30126355,30126363,8
channel-1,407774,30126385,30126394,9
channel-75,843745,30126388,30126395,7
channel-75,843746,30126396,30126404,8
channel-750,679096,30126402,30126408,6
channel-199,132235,30126415,30126423,8
channel-251,85059,30126431,30126443,12
channel-326,536740,30126434,30126462,28
channel-122,667057,30126439,30126443,4
channel-6994,1321442,30126439,30126448,9
channel-750,679097,30126450,30126461,11
channel-216,93899,30126459,30126463,4
channel-199,132236,30126461,30126471,10
channel-6994,1321443,30126465,30126475,10
channel-782,309936,30126475,30126481,6
channel-340,3087,30126475,30126483,8
channel-0,4033984,30126483,30126496,13
channel-750,679098,30126489,30126511,22
channel-750,679099,30126503,30126509,6
channel-108,39800,30126506,30126690,184
channel-0,4033985,30126506,30126517,11
channel-75,843747,30126516,30126534,18
channel-6994,1321444,30126517,30126550,33
channel-0,4033986,30126528,30126537,9
channel-6994,1321445,30126534,30126550,16
channel-6994,1321446,30126542,30126570,28
channel-0,4033987,30126551,30126564,13
channel-6994,1321447,30126554,30126564,10
channel-6994,1321448,30126564,30126587,23
channel-89298,18434,30126567,30126576,9
channel-750,679100,30126570,30126580,10
channel-208,1488529,30126571,30126577,6
channel-75,843748,30126573,30126580,7
channel-6994,1321449,30126587,30126601,14
channel-75,843749,30126606,30126613,7
channel-204,670571,30126612,30126622,10
channel-6994,1321450,30126612,30126622,10
channel-232,49148,30126616,30126626,10
channel-340,3088,30126621,30126632,11
channel-6994,1321451,30126628,30126658,30
channel-75,843750,30126656,30126662,6
channel-94814,3627,30126661,30126674,13
channel-6994,1321452,30126666,30126693,27
channel-216,93900,30126688,30126691,3
channel-750,679101,30126689,30126699,10
channel-38946,123801,30126689,30126704,15
channel-75,843751,30126698,30126708,10
channel-6994,1321453,30126711,30126738,27
channel-75,843752,30126713,30126719,6
channel-216,93901,30126724,30126728,4
channel-75,843753,30126726,30126734,8
channel-0,4033988,30126749,30126759,10
channel-6994,1321454,30126785,30126800,15
channel-782,309937,30126788,30126795,7
channel-94814,3628,30126789,30126801,12
channel-208,1488530,30126807,30126817,10
channel-782,309938,30126810,30126815,5
channel-6994,1321455,30126823,30126838,15
channel-782,309939,30126842,30126847,5
channel-782,309940,30126845,30126850,5
channel-1429,140579,30126846,30126856,10
channel-0,4033989,30126852,30126864,12
channel-6994,1321456,30126855,30126868,13
channel-259,314036,30126857,30126865,8
channel-85077,58016,30126864,30126879,15
channel-76971,12172,30126888,30126935,47
channel-6994,1321457,30126898,30126911,13
channel-750,679102,30126902,30126909,7
channel-75755,5493,30126914,30126926,12
channel-6994,1321458,30126917,30126933,16
channel-199,132237,30126919,30126930,11
channel-122,667058,30126932,30126935,3
channel-76971,12173,30126944,30126994,50
channel-5,184080,30126953,30126964,11
channel-38946,123802,30126963,30126977,14
channel-782,309941,30126970,30126975,5
channel-75,843754,30126971,30126976,5
channel-19774,345456,30126975,30126988,13
channel-750,679103,30126979,30126993,14
channel-208,1488531,30126980,30126989,9
channel-782,309942,30126985,30126989,4
channel-122,667059,30126988,30126993,5
channel-750,679104,30126989,30126994,5
channel-6994,1321459,30126993,30127004,11
channel-2188,43277,30126993,30126998,5
channel-216,93902,30126994,30127000,6
channel-6994,1321460,30126994,30127004,10
channel-76971,12174,30127000,30127036,36
channel-326,536741,30127004,30127022,18
channel-208,1488532,30127007,30127019,12
channel-6994,1321461,30127009,30127021,12
channel-89321,19206,30127011,30127039,28
channel-208,1488533,30127013,30127023,10
channel-750,679105,30127014,30127026,12
channel-0,4033990,30127021,30127039,18
channel-750,679106,30127023,30127028,5
channel-79703,4369,30127026,30127038,12
channel-6994,1321462,30127027,30127037,10
channel-75,843755,30127039,30127046,7
channel-6994,1321463,30127040,30127054,14
channel-750,679107,30127070,30127075,5
channel-6,66626,30127071,30127089,18
channel-326,536742,30127090,30127099,9
channel-326,536743,30127090,30127099,9
channel-326,536744,30127090,30127099,9
channel-326,536745,30127090,30127099,9
channel-326,536746,30127090,30127099,9
channel-326,536747,30127090,30127099,9
channel-326,536748,30127090,30127099,9
channel-6994,1321464,30127090,30127101,11
channel-75,843756,30127112,30127124,12
channel-75755,5494,30127119,30127128,9
channel-75,843757,30127124,30127134,10
channel-6994,1321465,30127124,30127134,10
channel-326,536749,30127126,30127132,6
channel-75,843758,30127129,30127137,8
channel-6994,1321466,30127130,30127146,16
channel-208,1488534,30127138,30127150,12
channel-0,4033991,30127138,30127150,12
channel-6994,1321467,30127143,30127161,18
channel-750,679108,30127146,30127156,10
channel-750,679109,30127154,30127158,4
channel-19774,345457,30127154,30127163,9
channel-6994,1321468,30127171,30127187,16
channel-19774,345458,30127173,30127179,6
channel-75755,5495,30127183,30127192,9
channel-19774,345459,30127185,30127200,15
channel-94814,3629,30127194,30127206,12
channel-75,843759,30127197,30127204,7
channel-6994,1321469,30127200,30127212,12
channel-122,667060,30127209,30127212,3
channel-208,1488535,30127212,30127223,11
channel-19774,345460,30127223,30127234,11
channel-216,93903,30127230,30127233,3
channel-85077,58017,30127230,30127265,35
channel-75,843760,30127234,30127240,6
channel-208,1488536,30127248,30127259,11
channel-72,516311,30127249,30127290,41
channel-75,843761,30127253,30127260,7
channel-75755,5496,30127257,30127270,13
channel-750,679110,30127273,30127289,16
channel-6994,1321470,30127273,30127287,14
channel-75,843762,30127279,30127289,10
channel-5,184081,30127284,30127297,13
channel-75,843763,30127292,30127299,7
channel-216,93904,30127299,30127304,5
channel-326,536750,30127304,30127313,9
channel-326,536751,30127304,30127313,9
channel-326,536752,30127304,30127313,9
channel-326,536753,30127304,30127313,9
channel-326,536754,30127304,30127313,9
channel-326,536755,30127304,30127313,9
channel-326,536756,30127304,30127313,9
channel-208,1488537,30127307,30127316,9
channel-750,679111,30127312,30127334,22
channel-91017,2582,30127317,30127325,8
channel-92956,184,30127322,30127334,12
channel-6994,1321471,30127323,30127337,14
channel-75,843764,30127347,30127353,6
channel-76971,12175,30127353,30127383,30
channel-750,679112,30127359,30127371,12
channel-326,536757,30127367,30127391,24
channel-750,679113,30127386,30127409,23
channel-750,679114,30127388,30127405,17
channel-6994,1321472,30127416,30127444,28
channel-208,1488538,30127416,30127426,10
channel-0,4033992,30127416,30127427,11
channel-85077,58018,30127421,30127432,11
channel-75,843765,30127421,30127429,8
channel-0,4033993,30127421,30127456,35
channel-75,843766,30127434,30127445,11
channel-6994,1321473,30127437,30127448,11
channel-75,843767,30127444,30127450,6
channel-6994,1321474,30127447,30127458,11
channel-782,309943,30127451,30127458,7
channel-6994,1321475,30127453,30127478,25
channel-782,309944,30127454,30127460,6
channel-750,679115,30127458,30127479,21
channel-782,309945,30127461,30127464,3
channel-750,679116,30127479,30127496,17
channel-89298,18435,30127486,30127495,9
channel-0,4033994,30127493,30127500,7
channel-0,4033995,30127501,30127525,24
channel-6994,1321476,30127506,30127522,16
channel-6994,1321477,30127511,30127522,11
channel-0,4033996,30127514,30127525,11
channel-0,4033997,30127516,30127529,13
channel-76971,12176,30127522,30127543,21
channel-72,516312,30127522,30127565,43
channel-75,843768,30127525,30127531,6
channel-6994,1321478,30127542,30127550,8
channel-750,679117,30127544,30127548,4
channel-0,4033998,30127547,30127557,10
channel-122,667061,30127552,30127555,3
channel-75,843769,30127557,30127565,8
channel-750,679118,30127557,30127567,10
channel-122,667062,30127568,30127571,3
channel-1575,15139,30127579,30127588,9
channel-782,309946,30127589,30127594,5
channel-122,667063,30127589,30127592,3
channel-750,679119,30127596,30127615,19
channel-0,4033999,30127615,30127640,25
channel-750,679120,30127615,30127624,9
channel-75,843770,30127621,30127629,8
channel-750,679121,30127623,30127638,15
channel-6994,1321479,30127628,30127641,13
channel-6994,1321480,30127633,30127661,28
channel-88,466897,30127633,30127643,10
channel-6994,1321481,30127635,30127646,11
channel-782,309947,30127636,30127640,4
channel-1429,140580,30127646,30127656,10
channel-94814,3630,30127656,30127663,7
channel-750,679122,30127659,30127663,4
channel-21113,25230,30127663,30127670,7
channel-94814,3631,30127665,30127676,11
channel-750,679123,30127666,30127684,18
channel-6994,1321482,30127670,30127683,13
channel-75,843771,30127674,30127680,6
channel-73755,5801,30127677,30127685,8
channel-204,670572,30127677,30127684,7
channel-216,93905,30127695,30127699,4
channel-782,309948,30127708,30127712,4
channel-208,1488539,30127711,30127722,11
channel-6994,1321483,30127718,30127730,12
channel-6994,1321484,30127720,30127730,10
channel-782,309949,30127726,30127731,5
channel-6994,1321485,30127731,30127738,7
channel-750,679124,30127745,30127760,15
channel-6994,1321486,30127749,30127760,11
channel-75,843772,30127757,30127765,8
channel-0,4034000,30127765,30127794,29
channel-782,309950,30127770,30127777,7
channel-89321,19207,30127788,30127794,6
channel-122,667064,30127799,30127802,3
channel-75,843773,30127818,30127823,5
channel-85077,58019,30127823,30127848,25
channel-122,667065,30127824,30127828,4
channel-782,309951,30127828,30127833,5
channel-75,843774,30127828,30127835,7
channel-75,843775,30127831,30127838,7
channel-6994,1321487,30127848,30127860,12
channel-0,4034001,30127848,30127874,26
channel-782,309952,30127850,30127856,6
channel-89298,18436,30127860,30127870,10
channel-782,309953,30127874,30127881,7
channel-0,4034002,30127883,30127893,10
channel-75,843776,30127885,30127894,9
channel-75,843777,30127892,30127899,7
channel-5,184082,30127902,30127912,10
channel-782,309954,30127907,30127913,6
channel-5,184083,30127910,30127921,11
channel-6994,1321488,30127914,30127942,28
channel-6994,1321489,30127922,30127933,11
channel-340,3089,30127933,30127941,8
channel-0,4034003,30127934,30127942,8
channel-75,843778,30127942,30127949,7
channel-0,4034004,30127945,30127958,13
channel-326,536758,30127961,30127967,6
channel-326,536759,30127961,30127967,6
channel-326,536760,30127961,30127967,6
channel-326,536761,30127961,30127967,6
channel-326,536762,30127961,30127967,6
channel-750,679125,30127963,30127984,21
channel-326,536763,30127967,30127986,19
channel-326,536764,30127967,30127986,19
channel-326,536765,30127967,30127986,19
channel-326,536766,30127967,30127986,19
channel-326,536767,30127967,30127986,19
channel-326,536768,30127967,30127986,19
channel-326,536769,30127967,30127986,19
channel-326,536770,30127967,30127986,19
channel-326,536771,30127967,30127986,19
channel-326,536772,30127967,30127994,27
channel-326,536773,30127967,30127994,27
channel-326,536774,30127977,30127982,5
channel-326,536775,30127977,30127982,5
channel-326,536776,30127977,30127982,5
channel-326,536777,30127977,30127982,5
channel-326,536778,30127977,30127982,5
channel-326,536779,30127977,30127982,5
channel-75,843779,30127980,30127987,7
channel-208,1488540,30127982,30127996,14
channel-326,536780,30127982,30127990,8
channel-326,536781,30127982,30127990,8
channel-326,536782,30127982,30127990,8
channel-326,536783,30127982,30127990,8
channel-326,536784,30127982,30127990,8
channel-6994,1321490,30127984,30127997,13
channel-2,130501,30127995,30128007,12
channel-782,309955,30128015,30128021,6
channel-326,536785,30128025,30128040,15
channel-750,679126,30128028,30128050,22
channel-0,4034005,30128028,30128040,12
channel-750,679127,30128036,30128053,17
channel-208,1488541,30128039,30128049,10
channel-75,843780,30128046,30128054,8
channel-750,679128,30128046,30128056,10
channel-750,679129,30128047,30128062,15
channel-0,4034006,30128048,30128060,12
channel-2186,40724,30128051,30128063,12
channel-75,843781,30128052,30128061,9
channel-0,4034007,30128053,30128066,13
channel-0,4034008,30128057,30128070,13
channel-6994,1321491,30128061,30128075,14
channel-0,4034009,30128069,30128089,20
channel-251,85060,30128069,30128081,12
channel-326,536786,30128078,30128098,20
channel-326,536787,30128078,30128098,20
channel-326,536788,30128078,30128098,20
channel-326,536789,30128078,30128098,20
channel-326,536790,30128078,30128098,20
channel-326,536791,30128082,30128097,15
channel-326,536792,30128082,30128097,15
channel-326,536793,30128082,30128097,15
channel-326,536794,30128082,30128097,15
channel-326,536795,30128082,30128097,15
channel-326,536796,30128082,30128097,15
channel-326,536797,30128082,30128097,15
channel-326,536798,30128082,30128097,15
channel-326,536799,30128082,30128097,15
channel-326,536800,30128082,30128097,15
channel-326,536801,30128082,30128097,15
channel-341,3374,30128096,30128104,8
channel-75,843782,30128102,30128109,7
channel-750,679130,30128106,30128117,11
channel-326,536802,30128106,30128130,24
channel-6897,5615,30128109,30128115,6
channel-750,679131,30128119,30128133,14
channel-122,667066,30128124,30128128,4
channel-750,679132,30128127,30128142,15
channel-642,126438,30128131,30128211,80
channel-750,679133,30128134,30128148,14
channel-750,679134,30128142,30128157,15
channel-750,679135,30128142,30128156,14
channel-750,679136,30128142,30128157,15
channel-75,843783,30128151,30128157,6
channel-412,64324,30128151,30128165,14
channel-750,679137,30128159,30128164,5
channel-75,843784,30128167,30128174,7
channel-750,679138,30128167,30128181,14
channel-750,679139,30128169,30128186,17
channel-122,667067,30128171,30128175,4
channel-6994,1321492,30128171,30128186,15
channel-75,843785,30128171,30128177,6
channel-122,667068,30128188,30128192,4
channel-75,843786,30128198,30128204,6
channel-326,536803,30128198,30128203,5
channel-73755,5802,30128198,30128207,9
channel-6994,1321493,30128207,30128217,10
channel-122,667069,30128213,30128216,3
channel-208,1488542,30128213,30128224,11
channel-750,679140,30128215,30128233,18
channel-0,4034010,30128220,30128230,10
channel-6994,1321494,30128235,30128249,14
channel-326,536804,30128243,30128252,9
channel-326,536805,30128243,30128252,9
channel-326,536806,30128243,30128252,9
channel-326,536807,30128243,30128252,9
channel-326,536808,30128243,30128252,9
channel-326,536809,30128243,30128252,9
channel-326,536810,30128243,30128252,9
channel-874,292034,30128246,30128252,6
channel-750,679141,30128259,30128284,25
channel-6994,1321495,30128261,30128273,12
channel-6994,1321496,30128262,30128273,11
channel-6994,1321497,30128266,30128278,12
channel-750,679142,30128272,30128284,12
channel-326,536811,30128283,30128313,30
channel-199,132238,30128283,30128292,9
channel-326,536812,30128283,30128304,21
channel-75,843787,30128283,30128290,7
channel-75,843788,30128287,30128296,9
channel-2494,31773,30128287,30128298,11
channel-874,292035,30128315,30128321,6
channel-750,679143,30128317,30128340,23
channel-6994,1321498,30128322,30128350,28
channel-2494,31774,30128347,30128356,9
channel-75,843789,30128352,30128361,9
channel-89298,18437,30128353,30128363,10
channel-6994,1321499,30128359,30128370,11
channel-6994,1321500,30128372,30128402,30
channel-0,4034011,30128373,30128385,12
channel-750,679144,30128380,30128414,34
channel-326,536813,30128380,30128400,20
channel-6994,1321501,30128383,30128416,33
channel-6994,1321502,30128388,30128402,14
channel-2494,31775,30128394,30128405,11
channel-6994,1321503,30128395,30128408,13
channel-1,407775,30128400,30128414,14
channel-1,407776,30128403,30128414,11
channel-122,667070,30128418,30128421,3
channel-75,843790,30128430,30128437,7
channel-750,679145,30128437,30128454,17
channel-6994,1321504,30128461,30128482,21
channel-6994,1321505,30128461,30128482,21
channel-75,843791,30128465,30128471,6
channel-326,536814,30128469,30128486,17
channel-75,843792,30128470,30128476,6
channel-750,679146,30128480,30128502,22
channel-75,843793,30128487,30128495,8
channel-6994,1321506,30128502,30128519,17
channel-0,4034012,30128509,30128519,10
channel-750,679147,30128523,30128544,21
channel-6994,1321507,30128526,30128538,12
channel-0,4034013,30128527,30128537,10
channel-38946,123803,30128534,30128542,8
channel-38946,123804,30128538,30128555,17
channel-89298,18438,30128543,30128554,11
channel-642,126439,30128549,30128623,74
channel-259,314037,30128552,30128557,5
channel-75,843794,30128566,30128573,7
channel-750,679148,30128569,30128596,27
channel-0,4034014,30128576,30128585,9
channel-326,536815,30128581,30128597,16
channel-750,679149,30128583,30128596,13
channel-412,64325,30128592,30128605,13
channel-208,1488543,30128596,30128603,7
channel-0,4034015,30128604,30128616,12
channel-750,679150,30128613,30128637,24
channel-42,1489667,30128616,30128629,13
channel-75,843795,30128620,30128628,8
channel-750,679151,30128624,30128638,14
channel-0,4034016,30128626,30128634,8
channel-326,536816,30128629,30128653,24
channel-122,667071,30128630,30128640,10
channel-75,843796,30128640,30128648,8
channel-6994,1321508,30128640,30128674,34
channel-750,679152,30128653,30128676,23
channel-208,1488544,30128654,30128664,10
channel-0,4034017,30128654,30128692,38
channel-0,4034018,30128654,30128679,25
channel-750,679153,30128654,30128667,13
channel-75,843797,30128658,30128665,7
channel-208,1488545,30128660,30128670,10
channel-122,667072,30128662,30128665,3
channel-75,843798,30128666,30128673,7
channel-750,679154,30128678,30128683,5
channel-6994,1321509,30128679,30128690,11
channel-75,843799,30128679,30128687,8
channel-750,679155,30128690,30128715,25
channel-750,679156,30128690,30128703,13
channel-75,843800,30128700,30128707,7
channel-0,4034019,30128701,30128724,23
channel-6994,1321510,30128702,30128717,15
channel-0,4034020,30128703,30128724,21
channel-6994,1321511,30128704,30128717,13
channel-0,4034021,30128709,30128720,11
channel-89298,18439,30128712,30128720,8
channel-6994,1321512,30128716,30128725,9
channel-6994,1321513,30128721,30128732,11
channel-6994,1321514,30128723,30128737,14
channel-91017,2583,30128723,30128737,14
channel-750,679157,30128731,30128752,21
channel-782,309956,30128732,30128740,8
channel-6994,1321515,30128738,30128752,14
channel-750,679158,30128742,30128757,15
channel-75,843801,30128742,30128747,5
channel-0,4034022,30128749,30128759,10
channel-6994,1321516,30128754,30128782,28
channel-326,536817,30128755,30128777,22
channel-75,843802,30128760,30128769,9
channel-6994,1321517,30128762,30128776,14
channel-208,1488546,30128764,30128776,12
channel-750,679159,30128774,30128787,13
channel-750,679160,30128775,30128797,22
channel-75,843803,30128777,30128783,6
channel-750,679161,30128783,30128796,13
channel-208,1488547,30128785,30128797,12
channel-75,843804,30128786,30128794,8
channel-6994,1321518,30128787,30128801,14
channel-199,132239,30128790,30128799,9
channel-6994,1321519,30128791,30128801,10
channel-208,1488548,30128800,30128818,18
channel-6994,1321520,30128802,30128831,29
channel-75,843805,30128815,30128824,9
channel-750,679162,30128816,30128843,27
channel-750,679163,30128817,30128838,21
channel-6994,1321521,30128818,30128831,13
channel-89298,18440,30128820,30128830,10
channel-750,679164,30128821,30128826,5
channel-75,843806,30128825,30128833,8
channel-208,1488549,30128827,30128837,10
channel-75,843807,30128828,30128835,7
channel-6994,1321522,30128833,30128863,30
channel-326,536818,30128839,30128860,21
channel-91017,2584,30128839,30128850,11
channel-0,4034023,30128842,30128852,10
channel-75,843808,30128851,30128860,9
channel-19774,345461,30128852,30128863,11
channel-750,679165,30128854,30128871,17
channel-208,1488550,30128860,30128872,12
channel-91017,2585,30128862,30128872,10
channel-199,132240,30128863,30128873,10
channel-75,843809,30128865,30128873,8
channel-750,679166,30128890,30128914,24
channel-6994,1321523,30128892,30128919,27
channel-75,843810,30128897,30128905,8
channel-6994,1321524,30128899,30128909,10
channel-6994,1321525,30128903,30128914,11
channel-6994,1321526,30128903,30128929,26
channel-75,843811,30128907,30128916,9
channel-2186,40725,30128915,30128928,13
channel-6994,1321527,30128916,30128929,13
channel-750,679167,30128922,30128927,5
channel-0,4034024,30128925,30128935,10
channel-6994,1321528,30128928,30128936,8
channel-75,843812,30128930,30128936,6
channel-750,679168,30128933,30128957,24
channel-75,843813,30128935,30128941,6
channel-6994,1321529,30128941,30128954,13
channel-85077,58020,30128943,30128953,10
channel-19774,345462,30128943,30128949,6
channel-750,679169,30128944,30128957,13
channel-6994,1321530,30128945,30128954,9
channel-750,679170,30128949,30128967,18
channel-522,40364,30128963,30128982,19
channel-6994,1321531,30128966,30128998,32
channel-122,667073,30128966,30128972,6
channel-750,679171,30128973,30129000,27
channel-0,4034025,30128975,30128985,10
channel-75,843814,30128976,30128983,7
channel-750,679172,30128978,30128983,5
channel-19774,345463,30128981,30128994,13
channel-767,14316,30128982,30128995,13
channel-750,679173,30128986,30128991,5
channel-6994,1321532,30128991,30129008,17
channel-88,466898,30129004,30129021,17
channel-75,843815,30129010,30129017,7
channel-122,667074,30129012,30129016,4
channel-75,843816,30129026,30129035,9
channel-750,679174,30129027,30129050,23
channel-216,93906,30129027,30129032,5
channel-750,679175,30129029,30129034,5
channel-199,132241,30129041,30129055,14
channel-75,843817,30129050,30129057,7
channel-6994,1321533,30129062,30129084,22
channel-2,130502,30129063,30129073,10
channel-204,670573,30129063,30129072,9
channel-750,679176,30129067,30129086,19
channel-6994,1321534,30129075,30129091,16
channel-326,536819,30129080,30129106,26
channel-122,667075,30129090,30129095,5
channel-75,843818,30129095,30129100,5
channel-85077,58021,30129095,30129106,11
channel-6994,1321535,30129105,30129114,9
channel-208,1488551,30129112,30129123,11
channel-85077,58022,30129112,30129137,25
channel-75,843819,30129118,30129126,8
channel-6994,1321536,30129123,30129135,12
channel-6994,1321537,30129134,30129158,24
channel-6994,1321538,30129140,30129168,28
channel-208,1488552,30129148,30129157,9
channel-6994,1321539,30129150,30129183,33
channel-75,843820,30129156,30129163,7
channel-85077,58023,30129156,30129165,9
channel-6994,1321540,30129158,30129183,25
channel-6994,1321541,30129160,30129188,28
channel-75,843821,30129164,30129171,7
channel-6,66627,30129181,30129203,22
channel-75,843822,30129185,30129195,10
channel-122,667076,30129187,30129191,4
channel-75,843823,30129188,30129196,8
channel-750,679177,30129190,30129195,5
channel-42,1489668,30129191,30129206,15
channel-6994,1321542,30129195,30129225,30
channel-208,1488553,30129195,30129208,13
channel-122,667077,30129196,30129200,4
channel-216,93907,30129201,30129205,4
channel-874,292036,30129205,30129212,7
channel-75,843824,30129206,30129213,7
channel-72,516313,30129209,30129231,22
channel-75,843825,30129210,30129221,11
channel-94814,3632,30129212,30129221,9
channel-75,843826,30129215,30129224,9
channel-6994,1321543,30129219,30129245,26
channel-6994,1321544,30129225,30129234,9
channel-6994,1321545,30129232,30129245,13
channel-6994,1321546,30129233,30129261,28
channel-783,104059,30129234,30129241,7
channel-122,667078,30129245,30129249,4
channel-750,679178,30129245,30129253,8
channel-750,679179,30129248,30129277,29
channel-75,843827,30129251,30129257,6
channel-91942,125,30129254,30129276,22
channel-0,4034026,30129261,30129270,9
channel-75,843828,30129261,30129269,8
channel-6994,1321547,30129265,30129274,9
channel-6994,1321548,30129265,30129274,9
channel-91017,2586,30129266,30129274,8
channel-75,843829,30129278,30129289,11
channel-75,843830,30129278,30129289,11
channel-0,4034027,30129278,30129290,12
channel-75,843831,30129283,30129289,6
channel-75,843832,30129285,30129292,7
channel-75,843833,30129290,30129298,8
channel-750,679180,30129293,30129319,26
channel-6994,1321549,30129294,30129319,25
channel-6994,1321550,30129298,30129309,11
channel-0,4034028,30129302,30129326,24
channel-6994,1321551,30129305,30129329,24
channel-750,679181,30129306,30129312,6
channel-122,667079,30129306,30129309,3
channel-0,4034029,30129307,30129319,12
channel-6994,1321552,30129312,30129338,26
channel-6994,1321553,30129312,30129324,12
channel-19774,345464,30129319,30129327,8
channel-75,843834,30129319,30129325,6
channel-0,4034030,30129321,30129331,10
channel-75,843835,30129321,30129328,7
channel-6994,1321554,30129324,30129334,10
channel-6994,1321555,30129332,30129344,12
channel-750,679182,30129335,30129362,27
channel-6994,1321556,30129335,30129365,30
channel-340,3090,30129339,30129355,16
channel-750,679183,30129342,30129356,14
channel-89321,19208,30129349,30129357,8
channel-6994,1321557,30129352,30129380,28
channel-0,4034031,30129358,30129369,11
channel-1,407777,30129363,30129376,13
channel-750,679184,30129374,30129395,21
channel-6994,1321558,30129378,30129392,14
channel-75,843836,30129384,30129390,6
channel-6994,1321559,30129386,30129398,12
channel-75,843837,30129394,30129402,8
channel-89321,19209,30129394,30129407,13
channel-6994,1321560,30129394,30129421,27
channel-6994,1321561,30129394,30129406,12
channel-412,64326,30129399,30129412,13
channel-75,843838,30129401,30129407,6
channel-6994,1321562,30129402,30129411,9
channel-6994,1321563,30129403,30129416,13
channel-0,4034032,30129407,30129439,32
channel-6994,1321564,30129408,30129421,13
channel-6994,1321565,30129410,30129421,11
channel-0,4034033,30129411,30129421,10
channel-750,679185,30129412,30129431,19
channel-6994,1321566,30129412,30129426,14
channel-6994,1321567,30129413,30129451,38
channel-6994,1321568,30129415,30129451,36
channel-0,4034034,30129419,30129431,12
channel-75,843839,30129421,30129430,9
channel-208,1488554,30129426,30129436,10
channel-326,536820,30129427,30129434,7
channel-6994,1321569,30129430,30129457,27
channel-0,4034035,30129446,30129458,12
channel-75,843840,30129446,30129454,8
channel-750,679186,30129456,30129479,23
channel-143,128158,30129456,30129469,13
channel-47,198619,30129458,30129469,11
channel-6994,1321570,30129460,30129485,25
channel-0,4034036,30129461,30129475,14
channel-0,4034037,30129462,30129481,19
channel-75,843841,30129464,30129470,6
channel-0,4034038,30129464,30129475,11
channel-874,292037,30129465,30129470,5
channel-208,1488555,30129477,30129488,11
channel-0,4034039,30129479,30129508,29
channel-6994,1321571,30129481,30129496,15
channel-75,843842,30129487,30129495,8
channel-75,843843,30129488,30129495,7
channel-216,93908,30129489,30129494,5
channel-75,843844,30129492,30129498,6
channel-6994,1321572,30129498,30129524,26
channel-216,93909,30129508,30129515,7
channel-75,843845,30129513,30129519,6
channel-75,843846,30129514,30129522,8
channel-750,679187,30129518,30129539,21
channel-874,292038,30129520,30129528,8
channel-6994,1321573,30129522,30129534,12
channel-75,843847,30129529,30129536,7
channel-75,843848,30129537,30129547,10
channel-94814,3633,30129546,30129559,13
channel-6994,1321574,30129547,30129559,12
channel-75,843849,30129547,30129553,6
channel-6994,1321575,30129548,30129559,11
channel-6994,1321576,30129551,30129560,9
channel-75,843850,30129555,30129564,9
channel-75,843851,30129555,30129564,9
channel-6994,1321577,30129557,30129569,12
channel-75,843852,30129564,30129572,8
channel-642,126440,30129571,30129772,201
channel-783,104060,30129571,30129576,5
channel-326,536821,30129577,30129599,22
channel-750,679188,30129581,30129612,31
channel-75,843853,30129582,30129591,9
channel-320,119022,30129585,30129622,37
channel-75,843854,30129586,30129594,8
channel-874,292039,30129598,30129607,9
channel-75,843855,30129598,30129607,9
channel-75,843856,30129598,30129607,9
channel-94814,3634,30129604,30129615,11
channel-6994,1321578,30129606,30129632,26
channel-6994,1321579,30129606,30129618,12
channel-6994,1321580,30129607,30129622,15
channel-6994,1321581,30129613,30129622,9
channel-6994,1321582,30129616,30129627,11
channel-122,667080,30129617,30129621,4
channel-6994,1321583,30129621,30129632,11
channel-6994,1321584,30129621,30129646,25
channel-0,4034040,30129625,30129635,10
channel-750,679189,30129629,30129638,9
channel-75,843857,30129630,30129636,6
channel-6994,1321585,30129632,30129642,10
channel-75,843858,30129633,30129642,9
channel-6994,1321586,30129641,30129653,12
channel-6994,1321587,30129641,30129653,12
channel-38946,123805,30129644,30129661,17
channel-0,4034041,30129644,30129671,27
channel-75,843859,30129647,30129656,9
channel-0,4034042,30129648,30129667,19
channel-750,679190,30129648,30129657,9
channel-6994,1321588,30129651,30129676,25
channel-6994,1321589,30129653,30129666,13
channel-6994,1321590,30129654,30129688,34
channel-6994,1321591,30129656,30129680,24
channel-750,679191,30129657,30129679,22
channel-75,843860,30129657,30129663,6
channel-326,536822,30129657,30129673,16
channel-75,843861,30129659,30129666,7
channel-750,679192,30129663,30129671,8
channel-6994,1321592,30129664,30129695,31
channel-326,536823,30129666,30129675,9
channel-326,536824,30129666,30129675,9
channel-326,536825,30129666,30129675,9
channel-326,536826,30129666,30129675,9
channel-326,536827,30129666,30129675,9
channel-326,536828,30129666,30129675,9
channel-122,667081,30129678,30129681,3
channel-6994,1321593,30129680,30129688,8
channel-6994,1321594,30129683,30129695,12
channel-6994,1321595,30129683,30129695,12
channel-75,843862,30129683,30129691,8
channel-75,843863,30129683,30129691,8
channel-6994,1321596,30129683,30129710,27
channel-0,4034043,30129684,30129698,14
channel-750,679193,30129691,30129703,12
channel-6994,1321597,30129692,30129705,13
channel-6994,1321598,30129697,30129710,13
channel-6994,1321599,30129698,30129729,31
channel-0,4034044,30129699,30129708,9
channel-75,843864,30129701,30129708,7
channel-750,679194,30129704,30129725,21
channel-75,843865,30129705,30129712,7
channel-0,4034045,30129712,30129721,9
channel-6994,1321600,30129716,30129745,29
channel-750,679195,30129717,30129740,23
channel-6994,1321601,30129723,30129749,26
channel-75,843866,30129724,30129731,7
channel-0,4034046,30129726,30129747,21
channel-6994,1321602,30129726,30129754,28
channel-320,119023,30129739,30129749,10
channel-0,4034047,30129739,30129747,8
channel-783,104061,30129742,30129748,6
channel-75,843867,30129743,30129750,7
channel-85791,3652,30129746,30129751,5
channel-75,843868,30129754,30129761,7
channel-6994,1321603,30129754,30129784,30
channel-0,4034048,30129760,30129789,29
channel-6994,1321604,30129761,30129789,28
channel-6994,1321605,30129761,30129789,28
channel-75,843869,30129764,30129771,7
channel-6994,1321606,30129768,30129784,16
channel-6994,1321607,30129781,30129795,14
channel-6994,1321608,30129782,30129795,13
channel-0,4034049,30129784,30129811,27
channel-750,679196,30129787,30129808,21
channel-91017,2587,30129792,30129801,9
channel-0,4034050,30129792,30129802,10
channel-6994,1321609,30129793,30129817,24
channel-0,4034051,30129796,30129806,10
channel-642,126441,30129800,30129830,30
channel-326,536829,30129803,30129820,17
channel-122,667082,30129804,30129808,4
channel-0,4034052,30129809,30129821,12
channel-75,843870,30129811,30129819,8
channel-208,1488556,30129816,30129825,9
channel-6994,1321610,30129817,30129846,29
channel-208,1488557,30129824,30129835,11
channel-6994,1321611,30129830,30129841,11
channel-0,4034053,30129833,30129846,13
channel-75,843871,30129837,30129844,7
channel-750,679197,30129847,30129868,21
channel-75,843872,30129849,30129856,7
channel-6994,1321612,30129849,30129860,11
channel-0,4034054,30129853,30129877,24
channel-75,843873,30129860,30129868,8
channel-6994,1321613,30129869,30129895,26
channel-6994,1321614,30129872,30129887,15
channel-1,407778,30129875,30129891,16
channel-6994,1321615,30129877,30129887,10
channel-326,536830,30129882,30129901,19
channel-75,843874,30129890,30129895,5
channel-216,93910,30129890,30129899,9
channel-6994,1321616,30129890,30129920,30
channel-259,314038,30129891,30129895,4
channel-0,4034055,30129896,30129901,5
channel-6994,1321617,30129897,30129920,23
channel-6994,1321618,30129897,30129906,9
channel-750,679198,30129909,30129915,6
channel-75,843875,30129910,30129918,8
channel-750,679199,30129912,30129916,4
channel-6787,166486,30129916,30129921,5
channel-75,843876,30129916,30129926,10
channel-750,679200,30129919,30129936,17
channel-75,843877,30129920,30129927,7
channel-782,309957,30129922,30129925,3
channel-326,536831,30129925,30129934,9
channel-6994,1321619,30129925,30129935,10
channel-6994,1321620,30129935,30129951,16
channel-2188,43278,30129941,30129947,6
channel-0,4034056,30129944,30129956,12
channel-0,4034057,30129954,30129967,13
channel-750,679201,30129958,30129976,18
channel-208,1488558,30129958,30129967,9
channel-750,679202,30129964,30129969,5
channel-0,4034058,30129971,30129981,10
channel-750,679203,30129979,30130004,25
channel-47,198620,30129979,30129997,18
channel-75,843878,30129985,30129997,12
channel-6994,1321621,30129987,30129998,11
channel-750,679204,30129993,30130006,13
channel-208,1488559,30129997,30130010,13
channel-0,4034059,30130003,30130012,9
channel-1,407779,30130005,30130041,36
channel-75,843879,30130020,30130028,8
channel-6994,1321622,30130025,30130034,9
channel-94814,3635,30130027,30130046,19
channel-85077,58024,30130027,30130034,7
channel-750,679205,30130034,30130058,24
channel-85186,845,30130043,30130055,12
channel-0,4034060,30130051,30130060,9
channel-0,4034061,30130052,30130064,12
channel-0,4034062,30130060,30130068,8
channel-6994,1321623,30130081,30130107,26
channel-2186,40726,30130082,30130096,14
channel-340,3091,30130090,30130098,8
channel-6994,1321624,30130093,30130102,9
channel-75,843880,30130093,30130102,9
channel-750,679206,30130099,30130117,18
channel-0,4034063,30130123,30130135,12
channel-6994,1321625,30130124,30130137,13
channel-6994,1321626,30130126,30130137,11
channel-783,104062,30130127,30130135,8
channel-216,93911,30130132,30130137,5
channel-208,1488560,30130134,30130144,10
channel-2186,40727,30130134,30130148,14
channel-0,4034064,30130139,30130148,9
channel-85186,846,30130140,30130150,10
channel-75,843881,30130154,30130169,15
channel-750,679207,30130159,30130183,24
channel-85077,58025,30130165,30130181,16
channel-0,4034065,30130169,30130180,11
channel-85077,58026,30130174,30130181,7
channel-6787,166487,30130179,30130183,4
channel-85077,58027,30130187,30130214,27
channel-6994,1321627,30130192,30130204,12
channel-0,4034066,30130192,30130201,9
channel-75,843882,30130196,30130212,16
channel-750,679208,30130205,30130215,10
channel-874,292040,30130210,30130217,7
channel-88,466899,30130216,30130231,15
channel-122,667083,30130216,30130219,3
channel-750,679209,30130224,30130243,19
channel-75,843883,30130224,30130231,7
channel-75,843884,30130224,30130231,7
channel-750,679210,30130227,30130252,25
channel-6994,1321628,30130230,30130245,15
channel-750,679211,30130233,30130246,13
channel-85077,58028,30130239,30130247,8
channel-750,679212,30130242,30130248,6
channel-208,1488561,30130247,30130256,9
channel-122,667084,30130248,30130251,3
channel-216,93912,30130250,30130254,4
channel-0,4034067,30130254,30130263,9
channel-208,1488562,30130258,30130272,14
channel-874,292041,30130260,30130266,6
channel-750,679213,30130272,30130285,13
channel-6994,1321629,30130274,30130289,15
channel-0,4034068,30130288,30130296,8
channel-75,843885,30130289,30130297,8
channel-750,679214,30130292,30130314,22
channel-85791,3653,30130293,30130298,5
channel-6994,1321630,30130297,30130306,9
channel-750,679215,30130299,30130321,22
channel-144,86657,30130305,30130317,12
channel-783,104063,30130316,30130324,8
channel-0,4034069,30130320,30130330,10
channel-0,4034070,30130328,30130337,9
channel-6994,1321631,30130338,30130351,13
channel-75,843886,30130347,30130354,7
channel-0,4034071,30130349,30130358,9
channel-750,679216,30130355,30130377,22
channel-6994,1321632,30130355,30130366,11
channel-91017,2588,30130371,30130380,9
channel-1,407780,30130375,30130385,10
channel-750,679217,30130377,30130390,13
channel-122,667085,30130377,30130387,10
channel-0,4034072,30130380,30130393,13
channel-2,130503,30130384,30130394,10
channel-88,466900,30130386,30130410,24
channel-91017,2589,30130387,30130398,11
channel-75,843887,30130388,30130394,6
channel-38946,123806,30130393,30130409,16
channel-75,843888,30130420,30130427,7
channel-750,679218,30130426,30130449,23
channel-122,667086,30130435,30130439,4
channel-0,4034073,30130448,30130459,11
channel-6994,1321633,30130454,30130469,15
channel-85077,58029,30130464,30130489,25
channel-750,679219,30130475,30130480,5
channel-75,843889,30130475,30130482,7
channel-0,4034074,30130482,30130495,13
channel-75,843890,30130483,30130490,7
channel-122,667087,30130485,30130488,3
channel-75,843891,30130485,30130495,10
channel-122,667088,30130485,30130488,3
channel-6994,1321634,30130486,30130496,10
channel-750,679220,30130488,30130510,22
channel-75,843892,30130491,30130503,12
channel-750,679221,30130492,30130502,10
channel-2,130504,30130495,30130504,9
channel-0,4034075,30130498,30130508,10
channel-75,843893,30130502,30130509,7
channel-122,667089,30130512,30130516,4
channel-91017,2590,30130514,30130521,7
channel-0,4034076,30130515,30130525,10
channel-0,4034077,30130522,30130534,12
channel-0,4034078,30130522,30130534,12
channel-89298,18441,30130529,30130537,8
channel-0,4034079,30130534,30130543,9
channel-216,93913,30130548,30130553,5
channel-750,679222,30130549,30130572,23
channel-91017,2591,30130552,30130562,10
channel-208,1488563,30130556,30130568,12
channel-0,4034080,30130562,30130571,9
channel-208,1488564,30130566,30130579,13
channel-2188,43279,30130567,30130605,38
channel-874,292042,30130574,30130579,5
channel-75,843894,30130574,30130581,7
channel-0,4034081,30130576,30130584,8
channel-0,4034082,30130578,30130589,11
channel-1,407781,30130579,30130614,35
channel-0,4034083,30130583,30130589,6
channel-94814,3636,30130583,30130599,16
channel-216,93914,30130584,30130588,4
channel-208,1488565,30130585,30130596,11
channel-6994,1321635,30130589,30130600,11
channel-208,1488566,30130590,30130600,10
channel-0,4034084,30130594,30130603,9
channel-6994,1321636,30130608,30130620,12
channel-75,843895,30130609,30130616,7
channel-6994,1321637,30130609,30130620,11
channel-750,679223,30130613,30130635,22
channel-89321,19210,30130615,30130623,8
channel-0,4034085,30130616,30130646,30
channel-783,104064,30130623,30130628,5
channel-320,119024,30130633,30130656,23
channel-75,843896,30130633,30130643,10
channel-75,843897,30130633,30130643,10
channel-6994,1321638,30130633,30130646,13
channel-259,314039,30130646,30130653,7
channel-75,843898,30130654,30130667,13
channel-75,843899,30130656,30130667,11
channel-75,843900,30130657,30130667,10
channel-0,4034086,30130659,30130669,10
channel-208,1488567,30130666,30130677,11
channel-75,843901,30130667,30130675,8
channel-75,843902,30130678,30130686,8
channel-208,1488568,30130686,30130696,10
channel-0,4034087,30130690,30130700,10
channel-208,1488569,30130690,30130701,11
channel-750,679224,30130691,30130714,23
channel-750,679225,30130703,30130716,13
channel-75,843903,30130710,30130720,10
channel-0,4034088,30130720,30130732,12
channel-75,843904,30130721,30130727,6
channel-94814,3637,30130723,30130736,13
channel-0,4034089,30130727,30130737,10
channel-750,679226,30130728,30130741,13
channel-326,536832,30130739,30130744,5
channel-750,679227,30130750,30130772,22
channel-208,1488570,30130751,30130760,9
channel-75,843905,30130755,30130761,6
channel-2188,43280,30130758,30130764,6
channel-216,93915,30130759,30130763,4
channel-326,536833,30130762,30130783,21
channel-750,679228,30130771,30130782,11
channel-0,4034090,30130776,30130784,8
channel-1,407782,30130783,30130793,10
channel-6994,1321639,30130787,30130793,6
channel-75,843906,30130792,30130802,10
channel-6994,1321640,30130793,30130814,21
channel-0,4034091,30130810,30130819,9
channel-75,843907,30130819,30130829,10
channel-750,679229,30130826,30130849,23
channel-412,64327,30130826,30130836,10
channel-122,667090,30130827,30130831,4
channel-750,679230,30130832,30130841,9
channel-6994,1321641,30130834,30130861,27
channel-0,4034092,30130837,30130848,11
channel-326,536834,30130846,30130867,21
channel-75,843908,30130846,30130853,7
channel-85077,58030,30130857,30130879,22
channel-6994,1321642,30130863,30130888,25
channel-85077,58031,30130865,30130879,14
channel-75,843909,30130866,30130878,12
channel-122,667091,30130867,30130870,3
channel-750,679231,30130868,30130879,11
channel-750,679232,30130872,30130895,23
channel-6787,166488,30130876,30130879,3
channel-750,679233,30130880,30130893,13
channel-73755,5803,30130887,30130899,12
channel-750,679234,30130894,30130915,21
channel-75,843910,30130896,30130906,10
channel-783,104065,30130903,30130911,8
channel-750,679235,30130914,30130931,17
channel-0,4034093,30130916,30130928,12
channel-0,4034094,30130922,30130931,9
channel-85077,58032,30130925,30130939,14
channel-2188,43281,30130926,30130931,5
channel-75,843911,30130931,30130939,8
channel-750,679236,30130934,30130948,14
channel-0,4034095,30130936,30130945,9
channel-6787,166489,30130940,30130944,4
channel-0,4034096,30130942,30130970,28
channel-75,843912,30130942,30130950,8
channel-122,667092,30130942,30130945,3
channel-6994,1321643,30130946,30130958,12
channel-184,137301,30130954,30130969,15
channel-750,679237,30130955,30130978,23
channel-75,843913,30130959,30130967,8
channel-75,843914,30130962,30130972,10
channel-122,667093,30130973,30130976,3
channel-750,679238,30130974,30130984,10
channel-0,4034097,30130980,30130992,12
channel-750,679239,30130981,30130986,5
channel-216,93916,30130982,30130986,4
channel-76971,12177,30130982,30131003,21
channel-75,843915,30130986,30130994,8
channel-19774,345465,30130992,30131003,11
channel-0,4034098,30130997,30131006,9
channel-326,536835,30131002,30131009,7
channel-6994,1321644,30131007,30131023,16
channel-750,679240,30131011,30131034,23
channel-0,4034099,30131013,30131022,9
channel-750,679241,30131035,30131046,11
channel-122,667094,30131036,30131039,3
channel-0,4034100,30131046,30131055,9
channel-76971,12178,30131047,30131058,11
channel-6994,1321645,30131047,30131059,12
channel-122,667095,30131048,30131052,4
channel-75,843916,30131055,30131066,11
channel-0,4034101,30131066,30131100,34
channel-85077,58033,30131066,30131088,22
channel-0,4034102,30131073,30131085,12
channel-75,843917,30131076,30131084,8
channel-1279,67078,30131076,30131088,12
channel-85077,58034,30131076,30131088,12
channel-750,679242,30131077,30131103,26
channel-122,667096,30131087,30131100,13
channel-874,292043,30131088,30131095,7
channel-0,4034103,30131089,30131100,11
channel-251,85061,30131090,30131100,10
channel-75,843918,30131097,30131104,7
channel-0,4034104,30131097,30131105,8
channel-1,407783,30131098,30131125,27
channel-75,843919,30131098,30131104,6
channel-0,4034105,30131099,30131105,6
channel-42,1489669,30131100,30131109,9
channel-750,679243,30131102,30131134,32
channel-326,536836,30131103,30131261,158
channel-326,536837,30131103,30131261,158
channel-326,536838,30131103,30131261,158
channel-326,536839,30131103,30131261,158
channel-326,536840,30131103,30131261,158
channel-208,1488571,30131103,30131111,8
channel-75,843920,30131108,30131119,11
channel-85077,58035,30131115,30131141,26
channel-42,1489670,30131119,30131136,17
channel-92956,185,30131123,30131132,9
channel-122,667097,30131123,30131126,3
channel-199,132242,30131124,30131137,13
channel-75,843921,30131128,30131137,9
channel-0,4034106,30131135,30131145,10
channel-0,4034107,30131138,30131145,7
channel-750,679244,30131142,30131162,20
channel-0,4034108,30131142,30131149,7
channel-75,843922,30131145,30131155,10
channel-326,536841,30131146,30131154,8
channel-0,4034109,30131153,30131163,10
channel-2,130505,30131157,30131165,8
channel-0,4034110,30131166,30131177,11
channel-0,4034111,30131169,30131181,12
channel-6994,1321646,30131171,30131184,13
channel-1429,140581,30131186,30131198,12
channel-0,4034112,30131189,30131199,10
channel-6994,1321647,30131190,30131200,10
channel-89298,18442,30131196,30131204,8
channel-75,843923,30131196,30131204,8
channel-6994,1321648,30131197,30131210,13
channel-750,679245,30131199,30131219,20
channel-320,119025,30131210,30131223,13
channel-42,1489671,30131211,30131219,8
channel-73755,5804,30131212,30131220,8
channel-6994,1321649,30131221,30131237,16
channel-75,843924,30131224,30131231,7
channel-75,843925,30131227,30131234,7
channel-208,1488572,30131228,30131241,13
channel-6994,1321650,30131232,30131258,26
channel-122,667098,30131233,30131236,3
channel-75,843926,30131243,30131251,8
channel-122,667099,30131244,30131247,3
channel-42,1489672,30131244,30131255,11
channel-750,679246,30131253,30131258,5
channel-208,1488573,30131254,30131262,8
channel-88,466901,30131255,30131273,18
channel-750,679247,30131259,30131264,5
channel-6994,1321651,30131262,30131277,15
channel-75,843927,30131263,30131272,9
channel-75,843928,30131268,30131276,8
channel-0,4034113,30131270,30131282,12
channel-75,843929,30131275,30131282,7
channel-6994,1321652,30131276,30131287,11
channel-412,64328,30131278,30131292,14
channel-6994,1321653,30131280,30131310,30
channel-0,4034114,30131285,30131296,11
channel-6994,1321654,30131286,30131315,29
channel-75,843930,30131291,30131299,8
channel-750,679248,30131296,30131303,7
channel-42,1489673,30131298,30131308,10
channel-6994,1321655,30131299,30131341,42
channel-6994,1321656,30131300,30131315,15
channel-750,679249,30131302,30131311,9
channel-19774,345466,30131310,30131320,10
channel-75,843931,30131311,30131323,12
channel-122,667100,30131312,30131316,4
channel-412,64329,30131315,30131331,16
channel-39535,10282,30131315,30131522,207
channel-75,843932,30131317,30131328,11
channel-6994,1321657,30131320,30131331,11
channel-0,4034115,30131321,30131329,8
channel-122,667101,30131322,30131326,4
channel-19774,345467,30131323,30131335,12
channel-0,4034116,30131325,30131346,21
channel-6787,166490,30131335,30131339,4
channel-0,4034117,30131344,30131371,27
channel-75,843933,30131346,30131352,6
channel-6994,1321658,30131347,30131393,46
channel-0,4034118,30131348,30131360,12
channel-122,667102,30131350,30131354,4
channel-0,4034119,30131364,30131374,10
channel-750,679250,30131366,30131383,17
channel-75,843934,30131376,30131382,6
channel-85077,58036,30131377,30131385,8
channel-0,4034120,30131380,30131389,9
channel-75,843935,30131394,30131401,7
channel-326,536842,30131404,30131412,8
channel-476,11792,30131405,30131418,13
channel-122,667103,30131407,30131412,5
channel-216,93917,30131410,30131413,3
channel-6994,1321659,30131416,30131426,10
channel-75,843936,30131419,30131428,9
channel-88,466902,30131426,30131438,12
channel-0,4034121,30131429,30131439,10
channel-0,4034122,30131430,30131439,9
channel-75,843937,30131434,30131441,7
channel-259,314040,30131444,30131449,5
channel-0,4034123,30131447,30131460,13
channel-75,843938,30131449,30131458,9
channel-6994,1321660,30131451,30131465,14
channel-0,4034124,30131454,30131488,34
channel-326,536843,30131458,30131472,14
channel-122,667104,30131462,30131466,4
channel-75,843939,30131463,30131471,8
channel-75,843940,30131463,30131471,8
channel-0,4034125,30131466,30131474,8
channel-75,843941,30131483,30131489,6
channel-208,1488574,30131483,30131492,9
channel-1,407784,30131487,30131510,23
channel-0,4034126,30131495,30131508,13
channel-122,667105,30131499,30131503,4
channel-0,4034127,30131502,30131514,12
channel-750,679251,30131504,30131510,6
channel-0,4034128,30131513,30131523,10
channel-208,1488575,30131516,30131527,11
channel-75,843942,30131517,30131525,8
channel-21113,25231,30131520,30131528,8
channel-6994,1321661,30131520,30131530,10
channel-0,4034129,30131521,30131534,13
channel-6994,1321662,30131534,30131544,10
channel-0,4034130,30131534,30131546,12
channel-122,667106,30131538,30131541,3
channel-0,4034131,30131540,30131549,9
channel-750,679252,30131543,30131547,4
channel-6994,1321663,30131550,30131611,61
channel-6994,1321664,30131554,30131568,14
channel-47,198621,30131561,30131572,11
channel-0,4034132,30131561,30131587,26
channel-0,4034133,30131562,30131572,10
channel-91017,2593,30131562,30131570,8
channel-750,679253,30131565,30131571,6
channel-6994,1321665,30131584,30131601,17
channel-0,4034134,30131586,30131593,7
channel-184,137302,30131587,30131603,16
channel-42,1489674,30131588,30131596,8
channel-199,132243,30131590,30131598,8
channel-0,4034135,30131601,30131613,12
channel-75,843943,30131605,30131613,8
channel-6994,1321666,30131605,30131617,12
channel-75,843944,30131605,30131613,8
channel-0,4034136,30131618,30131628,10
channel-0,4034137,30131628,30131650,22
channel-75,843945,30131628,30131636,8
channel-0,4034138,30131629,30131650,21
channel-75,843946,30131633,30131641,8
channel-1,407785,30131644,30131671,27
channel-75,843947,30131654,30131659,5
channel-75,843948,30131656,30131660,4
channel-208,1488576,30131658,30131669,11
channel-208,1488577,30131659,30131669,10
channel-208,1488578,30131659,30131669,10
channel-75,843949,30131660,30131668,8
channel-750,679254,30131663,30131668,5
channel-2188,43282,30131667,30131673,6
channel-75,843950,30131671,30131680,9
channel-0,4034139,30131691,30131702,11
channel-75,843951,30131700,30131708,8
channel-0,4034140,30131705,30131718,13
channel-0,4034141,30131706,30131718,12
channel-750,679255,30131708,30131718,10
channel-42,1489675,30131719,30131727,8
channel-85077,58037,30131721,30131749,28
channel-85077,58038,30131725,30131749,24
channel-492,20098,30131727,30131737,10
channel-0,4034142,30131739,30131763,24
channel-0,4034143,30131744,30131752,8
channel-75,843952,30131746,30131758,12
channel-750,679256,30131752,30131756,4
channel-750,679257,30131752,30131766,14
channel-229,54923,30131754,30131767,13
channel-0,4034144,30131763,30131775,12
channel-199,132244,30131763,30131774,11
channel-21113,25232,30131763,30131770,7
channel-750,679258,30131764,30131772,8
channel-75,843953,30131764,30131772,8
channel-0,4034145,30131767,30131780,13
channel-750,679259,30131768,30131779,11
channel-199,132245,30131769,30131779,10
channel-21113,25233,30131773,30131781,8
channel-0,4034146,30131778,30131803,25
channel-0,4034147,30131783,30131794,11
channel-19774,345468,30131787,30131796,9
channel-6994,1321667,30131790,30131802,12
