channel_id,sequence,send_height,ack_height,block_delay
channel-72,516539,30397018,30397062,44
channel-85077,61542,30397023,30397032,9
channel-750,686154,30397041,30397053,12
channel-750,686155,30397042,30397046,4
channel-750,686156,30397043,30397053,10
channel-251,85320,30397053,30397064,11
channel-208,1491457,30397053,30397063,10
channel-750,686157,30397054,30397059,5
channel-208,1491458,30397055,30397067,12
channel-115,20448,30397056,30397067,11
channel-75,845527,30397059,30397065,6
channel-750,686158,30397062,30397086,24
channel-208,1491459,30397062,30397072,10
channel-0,4041262,30397066,30397083,17
channel-782,310331,30397066,30397074,8
channel-750,686159,30397066,30397073,7
channel-0,4041263,30397068,30397083,15
channel-0,4041264,30397068,30397083,15
channel-642,126585,30397068,30397085,17
channel-91017,2972,30397073,30397085,12
channel-750,686160,30397077,30397093,16
channel-0,4041265,30397081,30397093,12
channel-874,293828,30397088,30397093,5
channel-750,686161,30397109,30397114,5
channel-98451,146,30397115,30397128,13
channel-91017,2973,30397128,30397140,12
channel-750,686162,30397129,30397133,4
channel-42,1490124,30397133,30397145,12
channel-0,4041266,30397133,30397145,12
channel-75,845528,30397143,30397149,6
channel-750,686163,30397143,30397153,10
channel-75016,4682,30397144,30397162,18
channel-320,119328,30397146,30397165,19
channel-874,293829,30397146,30397150,4
channel-6994,1326691,30397151,30397160,9
channel-874,293830,30397151,30397157,6
channel-208,1491460,30397153,30397164,11
channel-781,11388,30397164,30397170,6
channel-0,4041267,30397166,30397185,19
channel-208,1491461,30397171,30397183,12
channel-750,686164,30397177,30397181,4
channel-750,686165,30397183,30397191,8
channel-874,293831,30397183,30397187,4
channel-6994,1326692,30397199,30397209,10
channel-874,293832,30397205,30397212,7
channel-75,845529,30397212,30397219,7
channel-0,4041268,30397220,30397228,8
channel-0,4041269,30397221,30397231,10
channel-19774,346280,30397222,30397233,11
channel-750,686166,30397222,30397235,13
channel-874,293833,30397222,30397228,6
channel-750,686167,30397225,30397239,14
channel-208,1491462,30397225,30397236,11
channel-1429,140866,30397228,30397236,8
channel-750,686168,30397228,30397243,15
channel-750,686169,30397231,30397265,34
channel-750,686170,30397231,30397241,10
channel-750,686171,30397235,30397253,18
channel-750,686172,30397235,30397244,9
channel-874,293834,30397235,30397240,5
channel-874,293835,30397240,30397250,10
channel-89298,18801,30397240,30397250,10
channel-122,668582,30397241,30397245,4
channel-782,310332,30397246,30397253,7
channel-874,293836,30397250,30397256,6
channel-184,137481,30397252,30397262,10
channel-6994,1326693,30397255,30397264,9
channel-874,293837,30397262,30397273,11
channel-750,686173,30397263,30397267,4
channel-6994,1326694,30397264,30397273,9
channel-0,4041270,30397275,30397293,18
channel-6994,1326695,30397285,30397298,13
channel-750,686174,30397297,30397301,4
channel-204,670898,30397299,30397307,8
channel-75,845530,30397302,30397307,5
channel-6994,1326696,30397302,30397308,6
channel-874,293838,30397305,30397308,3
channel-85077,61543,30397307,30397330,23
channel-326,538712,30397307,30397313,6
channel-208,1491463,30397322,30397335,13
channel-88,467281,30397323,30397432,109
channel-6994,1326697,30397326,30397336,10
channel-88,467282,30397329,30397432,103
channel-750,686175,30397330,30397337,7
channel-6994,1326698,30397331,30397339,8
channel-0,4041271,30397335,30397347,12
channel-750,686176,30397337,30397341,4
channel-874,293839,30397339,30397346,7
channel-88,467283,30397343,30397417,74
channel-85077,61544,30397343,30397354,11
channel-750,686177,30397344,30397367,23
channel-750,686178,30397347,30397359,12
channel-0,4041272,30397348,30397357,9
channel-15464,2669,30397350,30397362,12
channel-208,1491464,30397359,30397369,10
channel-88,467284,30397362,30397432,70
channel-750,686179,30397365,30397368,3
channel-750,686180,30397369,30397380,11
channel-750,686181,30397372,30397379,7
channel-88,467285,30397376,30397432,56
channel-874,293840,30397379,30397383,4
channel-122,668583,30397390,30397392,2
channel-874,293841,30397392,30397398,6
channel-92956,246,30397396,30397407,11
channel-204,670899,30397397,30397406,9
channel-0,4041273,30397398,30397415,17
channel-750,686182,30397402,30397416,14
channel-199,133112,30397402,30397411,9
channel-750,686183,30397402,30397414,12
channel-6994,1326699,30397407,30397418,11
channel-874,293842,30397414,30397419,5
channel-750,686184,30397418,30397423,5
channel-0,4041274,30397424,30397441,17
channel-6994,1326700,30397426,30397439,13
channel-6994,1326701,30397428,30397439,11
channel-85077,61545,30397429,30397441,12
channel-122,668584,30397431,30397435,4
channel-4,167114,30397434,30397447,13
channel-199,133113,30397436,30397445,9
channel-85077,61546,30397439,30397449,10
channel-72,516540,30397441,30397490,49
channel-199,133114,30397449,30397459,10
channel-874,293843,30397460,30397465,5
channel-750,686185,30397465,30397470,5
channel-6994,1326702,30397467,30397477,10
channel-199,133115,30397474,30397484,10
channel-750,686186,30397475,30397482,7
channel-6994,1326703,30397475,30397483,8
channel-6994,1326704,30397478,30397488,10
channel-19774,346281,30397478,30397488,10
channel-122,668585,30397478,30397480,2
channel-6994,1326705,30397479,30397492,13
channel-750,686187,30397480,30397485,5
channel-169,117535,30397482,30397511,29
channel-6994,1326706,30397483,30397492,9
channel-874,293844,30397494,30397499,5
channel-750,686188,30397497,30397502,5
channel-143,128522,30397502,30397514,12
channel-98451,147,30397506,30397523,17
channel-6994,1326707,30397514,30397529,15
channel-87,182918,30397523,30397562,39
channel-750,686189,30397528,30397534,6
channel-98130,85,30397532,30397548,16
channel-783,104472,30397532,30397539,7
channel-750,686190,30397533,30397538,5
channel-874,293845,30397534,30397540,6
channel-75,845531,30397545,30397552,7
channel-85077,61547,30397552,30397575,23
channel-184,137482,30397564,30397573,9
channel-874,293846,30397566,30397569,3
channel-750,686191,30397569,30397581,12
channel-0,4041275,30397569,30397581,12
channel-750,686192,30397569,30397580,11
channel-88,467286,30397573,30397588,15
channel-782,310333,30397588,30397596,8
channel-874,293847,30397602,30397607,5
channel-122,668587,30397640,30397644,4
channel-874,293848,30397644,30397658,14
channel-326,538713,30397648,30397655,7
channel-122,668588,30397658,30397663,5
channel-42,1490125,30397669,30397676,7
channel-750,686193,30397670,30397680,10
channel-208,1491465,30397672,30397683,11
channel-782,310334,30397676,30397683,7
channel-750,686194,30397677,30397703,26
channel-750,686195,30397678,30397688,10
channel-750,686196,30397679,30397690,11
channel-199,133116,30397680,30397688,8
channel-6994,1326708,30397682,30397694,12
channel-1429,140867,30397684,30397694,10
channel-750,686197,30397690,30397694,4
channel-874,293849,30397691,30397698,7
channel-326,538714,30397694,30397703,9
channel-750,686198,30397696,30397715,19
channel-750,686199,30397697,30397709,12
channel-750,686200,30397707,30397718,11
channel-259,314525,30397707,30397713,6
channel-0,4041276,30397710,30397740,30
channel-750,686201,30397710,30397721,11
channel-750,686202,30397711,30397725,14
channel-750,686203,30397721,30397726,5
channel-750,686204,30397723,30397738,15
channel-208,1491466,30397732,30397744,12
channel-750,686205,30397733,30397744,11
channel-122,668590,30397734,30397738,4
channel-6994,1326709,30397736,30397744,8
channel-750,686206,30397737,30397746,9
channel-750,686207,30397738,30397746,8
channel-750,686208,30397739,30397752,13
channel-750,686209,30397744,30397753,9
channel-750,686210,30397747,30397762,15
channel-122,668591,30397756,30397762,6
channel-750,686211,30397757,30397770,13
channel-750,686212,30397759,30397770,11
channel-750,686213,30397773,30397777,4
channel-750,686214,30397778,30397793,15
channel-251,85321,30397779,30397785,6
channel-79703,4472,30397780,30397791,11
channel-750,686215,30397781,30397788,7
channel-750,686216,30397785,30397793,8
channel-750,686217,30397795,30397807,12
channel-326,538715,30397799,30397804,5
channel-874,293850,30397801,30397810,9
channel-6994,1326710,30397811,30397821,10
channel-0,4041277,30397812,30397825,13
channel-98451,148,30397816,30397827,11
channel-208,1491467,30397821,30397830,9
channel-0,4041278,30397826,30397839,13
channel-0,4041279,30397826,30397839,13
channel-2188,43980,30397826,30397831,5
channel-750,686218,30397827,30397862,35
channel-0,4041280,30397835,30397855,20
channel-750,686219,30397835,30397849,14
channel-750,686220,30397836,30397848,12
channel-6994,1326711,30397839,30397853,14
channel-750,686221,30397854,30397863,9
channel-91017,2974,30397857,30397957,100
channel-750,686222,30397868,30397893,25
channel-4,167115,30397886,30397898,12
channel-115,20449,30397887,30397897,10
channel-750,686223,30397891,30397897,6
channel-750,686224,30397897,30397901,4
channel-750,686225,30397899,30397910,11
channel-0,4041281,30397900,30397936,36
channel-89321,19624,30397902,30397914,12
channel-208,1491468,30397904,30397915,11
channel-750,686226,30397905,30397915,10
channel-412,64713,30397906,30397914,8
channel-4,167116,30397907,30397916,9
channel-92956,247,30397916,30397931,15
channel-89321,19625,30397926,30397934,8
channel-750,686227,30397931,30397955,24
channel-122,668593,30397941,30397945,4
channel-750,686228,30397941,30397957,16
channel-143,128523,30397943,30397963,20
channel-6994,1326712,30397944,30397956,12
channel-6994,1326713,30397953,30397967,14
channel-4,167117,30397954,30397963,9
channel-122,668594,30397965,30397969,4
channel-750,686229,30397967,30397978,11
channel-92956,248,30397974,30397987,13
channel-122,668595,30397974,30397978,4
channel-6994,1326714,30397975,30397996,21
channel-85077,61548,30397982,30397991,9
channel-122,668596,30397986,30397990,4
channel-750,686230,30397992,30398003,11
channel-750,686231,30397993,30398015,22
channel-782,310335,30397995,30398002,7
channel-208,1491469,30397996,30398003,7
channel-750,686232,30398001,30398013,12
channel-750,686233,30398003,30398020,17
channel-122,668597,30398005,30398009,4
channel-750,686234,30398007,30398020,13
channel-85077,61549,30398009,30398029,20
channel-6994,1326715,30398023,30398033,10
channel-199,133117,30398030,30398041,11
channel-750,686235,30398034,30398038,4
channel-85077,61550,30398038,30398049,11
channel-522,40462,30398043,30398055,12
channel-0,4041282,30398051,30398060,9
channel-6994,1326716,30398053,30398063,10
channel-0,4041283,30398057,30398070,13
channel-750,686236,30398060,30398091,31
channel-0,4041284,30398064,30398078,14
channel-750,686237,30398064,30398068,4
channel-750,686238,30398072,30398078,6
channel-750,686239,30398073,30398092,19
channel-6994,1326717,30398078,30398088,10
channel-144,86723,30398085,30398095,10
channel-6994,1326718,30398088,30398103,15
channel-750,686240,30398089,30398101,12
channel-750,686241,30398093,30398108,15
channel-750,686242,30398093,30398098,5
channel-750,686243,30398094,30398110,16
channel-0,4041285,30398098,30398113,15
channel-750,686244,30398098,30398110,12
channel-326,538716,30398100,30398108,8
channel-750,686245,30398101,30398116,15
channel-750,686246,30398104,30398114,10
channel-6994,1326719,30398105,30398116,11
channel-146,20039,30398105,30398117,12
channel-75,845532,30398108,30398115,7
channel-0,4041286,30398110,30398122,12
channel-199,133118,30398115,30398125,10
channel-19774,346282,30398118,30398130,12
channel-92956,249,30398119,30398132,13
channel-750,686247,30398119,30398148,29
channel-750,686248,30398119,30398129,10
channel-750,686249,30398120,30398142,22
channel-0,4041287,30398120,30398156,36
channel-208,1491470,30398120,30398130,10
channel-750,686250,30398121,30398134,13
channel-0,4041288,30398122,30398132,10
channel-38946,124467,30398123,30398145,22
channel-122,668598,30398125,30398128,3
channel-750,686251,30398128,30398139,11
channel-89321,19626,30398128,30398149,21
channel-6994,1326720,30398131,30398145,14
channel-750,686252,30398134,30398139,5
channel-750,686253,30398135,30398142,7
channel-750,686254,30398137,30398142,5
channel-750,686255,30398146,30398174,28
channel-750,686256,30398146,30398157,11
channel-750,686257,30398147,30398161,14
channel-750,686258,30398150,30398163,13
channel-0,4041289,30398153,30398166,13
channel-208,1491471,30398156,30398168,12
channel-750,686259,30398157,30398173,16
channel-89321,19627,30398165,30398189,24
channel-85077,61551,30398166,30398175,9
channel-6994,1326721,30398169,30398179,10
channel-0,4041290,30398171,30398180,9
channel-6994,1326722,30398171,30398184,13
channel-750,686260,30398171,30398185,14
channel-0,4041291,30398171,30398180,9
channel-750,686261,30398174,30398185,11
channel-89321,19628,30398177,30398184,7
channel-750,686262,30398179,30398191,12
channel-750,686263,30398179,30398211,32
channel-6994,1326723,30398180,30398193,13
channel-76971,12276,30398181,30398199,18
channel-6994,1326724,30398186,30398198,12
channel-750,686264,30398186,30398191,5
channel-750,686265,30398188,30398199,11
channel-750,686266,30398189,30398195,6
channel-750,686267,30398191,30398200,9
channel-89298,18802,30398199,30398216,17
channel-89321,19629,30398200,30398208,8
channel-95,331609,30398201,30398220,19
channel-113,301424,30398202,30398341,139
channel-750,686268,30398202,30398214,12
channel-750,686269,30398205,30398216,11
channel-0,4041292,30398205,30398224,19
channel-750,686270,30398212,30398218,6
channel-0,4041293,30398216,30398227,11
channel-750,686271,30398216,30398221,5
channel-85077,61552,30398217,30398227,10
channel-122,668599,30398224,30398227,3
channel-19774,346283,30398226,30398238,12
channel-0,4041294,30398227,30398234,7
channel-122,668600,30398227,30398231,4
channel-750,686272,30398236,30398259,23
channel-0,4041295,30398241,30398258,17
channel-75755,5565,30398251,30398264,13
channel-6994,1326725,30398258,30398266,8
channel-122,668601,30398262,30398264,2
channel-6994,1326726,30398268,30398712,444
channel-0,4041296,30398270,30398282,12
channel-85077,61553,30398273,30398284,11
channel-199,133119,30398274,30398284,10
channel-750,686273,30398275,30398281,6
channel-199,133120,30398282,30398293,11
channel-208,1491472,30398286,30398295,9
channel-0,4041297,30398286,30398305,19
channel-750,686274,30398287,30398310,23
channel-0,4041298,30398289,30398305,16
channel-6994,1326727,30398300,30398313,13
channel-750,686275,30398302,30398317,15
channel-320,119329,30398302,30398337,35
channel-85077,61554,30398302,30398322,20
channel-750,686276,30398303,30398308,5
channel-85077,61555,30398303,30398322,19
channel-85077,61556,30398306,30398317,11
channel-750,686277,30398309,30398318,9
channel-85077,61557,30398310,30398322,12
channel-85077,61558,30398311,30398324,13
channel-750,686278,30398314,30398318,4
channel-6994,1326728,30398317,30398325,8
channel-750,686279,30398323,30398327,4
channel-340,3217,30398326,30398335,9
channel-0,4041299,30398326,30398338,12
channel-122,668602,30398326,30398330,4
channel-750,686280,30398328,30398351,23
channel-89321,19630,30398329,30398341,12
channel-85077,61559,30398338,30398347,9
channel-750,686281,30398354,30398359,5
channel-0,4041300,30398369,30398386,17
channel-6994,1326729,30398377,30398391,14
channel-750,686282,30398377,30398391,14
channel-750,686283,30398390,30398411,21
channel-85186,865,30398390,30398401,11
channel-19774,346284,30398403,30398411,8
channel-42,1490126,30398406,30398420,14
channel-85077,61560,30398410,30398421,11
channel-412,64714,30398412,30398423,11
channel-0,4041301,30398412,30398432,20
channel-208,1491473,30398415,30398425,10
channel-750,686284,30398417,30398423,6
channel-6897,5662,30398422,30398428,6
channel-19774,346285,30398432,30398442,10
channel-85077,61561,30398433,30398444,11
channel-0,4041302,30398441,30398452,11
channel-750,686285,30398445,30398470,25
channel-89321,19631,30398447,30398460,13
channel-259,314526,30398448,30398454,6
channel-85077,61562,30398451,30398461,10
channel-19774,346286,30398452,30398461,9
channel-75,845533,30398452,30398460,8
channel-750,686286,30398456,30398468,12
channel-85077,61563,30398463,30398475,12
channel-750,686287,30398465,30398477,12
channel-6994,1326730,30398468,30398477,9
channel-94814,3830,30398468,30398484,16
channel-0,4041303,30398471,30398483,12
channel-89298,18803,30398477,30398486,9
channel-0,4041304,30398493,30398504,11
channel-85077,61564,30398496,30398504,8
channel-6994,1326731,30398503,30398514,11
channel-208,1491474,30398504,30398512,8
channel-216,94369,30398504,30398575,71
channel-2494,32007,30398507,30398518,11
channel-6994,1326732,30398508,30398519,11
channel-750,686288,30398509,30398524,15
channel-85077,61565,30398511,30398520,9
channel-750,686289,30398513,30398539,26
channel-340,3218,30398516,30398524,8
channel-19774,346287,30398524,30398534,10
channel-199,133121,30398525,30398536,11
channel-85077,61566,30398525,30398537,12
channel-85077,61567,30398529,30398540,11
channel-85077,61568,30398531,30398549,18
channel-208,1491475,30398543,30398554,11
channel-5,184426,30398550,30398563,13
channel-0,4041305,30398550,30398568,18
channel-0,4041306,30398557,30398577,20
channel-42,1490127,30398561,30398566,5
channel-750,686290,30398567,30398582,15
channel-750,686291,30398573,30398595,22
channel-19774,346288,30398577,30398586,9
channel-199,133122,30398577,30398588,11
channel-122,668604,30398582,30398586,4
channel-85077,61569,30398587,30398597,10
channel-85077,61570,30398590,30398607,17
channel-122,668605,30398590,30398594,4
channel-6994,1326733,30398597,30398605,8
channel-782,310336,30398599,30398604,5
channel-6994,1326734,30398599,30398611,12
channel-6994,1326735,30398612,30398621,9
channel-750,686292,30398613,30398649,36
channel-85077,61571,30398613,30398621,8
channel-89298,18804,30398613,30398623,10
channel-143,128524,30398622,30398639,17
channel-750,686293,30398626,30398648,22
channel-6994,1326736,30398639,30398649,10
channel-0,4041307,30398641,30398659,18
channel-85077,61572,30398643,30398651,8
channel-85077,61573,30398645,30398654,9
channel-750,686294,30398657,30398667,10
channel-85077,61574,30398659,30398668,9
channel-19774,346289,30398664,30398677,13
channel-6994,1326737,30398664,30398674,10
channel-783,104473,30398674,30398685,11
channel-85077,61575,30398678,30398685,7
channel-0,4041308,30398681,30398688,7
channel-251,85322,30398683,30398691,8
channel-0,4041309,30398687,30398702,15
channel-0,4041310,30398688,30398702,14
channel-6994,1326738,30398688,30398698,10
channel-6994,1326739,30398690,30398707,17
channel-750,686295,30398690,30398695,5
channel-6994,1326740,30398693,30398703,10
channel-750,686296,30398695,30398722,27
channel-0,4041311,30398696,30398708,12
channel-750,686297,30398696,30398701,5
channel-750,686298,30398700,30398710,10
channel-208,1491476,30398705,30398717,12
channel-4,167118,30398707,30398717,10
channel-19774,346290,30398708,30398721,13
channel-6994,1326741,30398709,30398721,12
channel-750,686299,30398709,30398724,15
channel-750,686300,30398712,30398723,11
channel-750,686301,30398715,30398728,13
channel-1,408864,30398722,30398733,11
channel-6994,1326742,30398722,30398734,12
channel-6994,1326743,30398727,30398740,13
channel-122,668606,30398727,30398733,6
channel-750,686302,30398730,30398754,24
channel-750,686303,30398730,30398764,34
channel-122,668607,30398731,30398737,6
channel-0,4041312,30398733,30398752,19
channel-750,686304,30398733,30398748,15
channel-89298,18805,30398734,30398747,13
channel-0,4041313,30398735,30398752,17
channel-38946,124468,30398735,30398758,23
channel-750,686305,30398737,30398754,17
channel-750,686306,30398740,30398755,15
channel-750,686307,30398745,30398754,9
channel-0,4041314,30398747,30398771,24
channel-320,119330,30398749,30398794,45
channel-750,686308,30398750,30398764,14
channel-750,686309,30398751,30398764,13
channel-85077,61576,30398754,30398763,9
channel-750,686310,30398756,30398768,12
channel-208,1491477,30398762,30398773,11
channel-750,686311,30398765,30398774,9
channel-750,686312,30398767,30398790,23
channel-1,408865,30398769,30398777,8
channel-6994,1326744,30398771,30398781,10
channel-6994,1326745,30398779,30398791,12
channel-0,4041315,30398779,30398806,27
channel-85077,61577,30398779,30398787,8
channel-750,686313,30398780,30398795,15
channel-783,104474,30398783,30398790,7
channel-750,686314,30398791,30398796,5
channel-1,408866,30398804,30398828,24
channel-6994,1326746,30398808,30398817,9
channel-6994,1326747,30398810,30398826,16
channel-412,64715,30398811,30398818,7
channel-122,668608,30398816,30398820,4
channel-750,686315,30398817,30398828,11
channel-216,94370,30398819,30398950,131
channel-750,686316,30398830,30398841,11
channel-208,1491478,30398835,30398847,12
channel-750,686317,30398837,30398853,16
channel-750,686318,30398838,30398871,33
channel-750,686319,30398863,30398874,11
channel-6994,1326748,30398865,30398875,10
channel-750,686320,30398868,30398878,10
channel-6994,1326749,30398870,30398879,9
channel-92956,250,30398871,30398886,15
channel-750,686321,30398872,30398882,10
channel-750,686322,30398878,30398890,12
channel-208,1491479,30398878,30398888,10
channel-750,686323,30398883,30398889,6
channel-6994,1326750,30398885,30398894,9
channel-6994,1326751,30398893,30398904,11
channel-85077,61578,30398899,30398907,8
channel-750,686324,30398902,30398926,24
channel-750,686325,30398929,30398933,4
channel-19774,346291,30398936,30398948,12
channel-750,686326,30398938,30398948,10
channel-122,668609,30398942,30398947,5
channel-0,4041316,30398946,30398956,10
channel-92956,251,30398947,30398956,9
channel-0,4041317,30398948,30398957,9
channel-0,4041318,30398949,30398957,8
channel-76971,12277,30398949,30398973,24
channel-750,686327,30398951,30398956,5
channel-38946,124469,30398955,30398965,10
channel-6994,1326752,30398956,30398966,10
channel-0,4041319,30398960,30398977,17
channel-782,310337,30398963,30398968,5
channel-6994,1326753,30398964,30398974,10
channel-750,686328,30398965,30398977,12
channel-750,686329,30398968,30399004,36
channel-208,1491480,30398969,30398978,9
channel-1429,140868,30398970,30398981,11
channel-6994,1326754,30398973,30398983,10
channel-0,4041320,30398976,30398987,11
channel-259,314527,30398978,30398985,7
channel-750,686330,30398979,30398984,5
channel-1,408867,30398983,30398997,14
channel-6994,1326755,30398987,30398997,10
channel-750,686331,30398995,30399000,5
channel-6994,1326756,30398997,30399006,9
channel-216,94371,30399000,30399096,96
channel-0,4041321,30399000,30399012,12
channel-750,686332,30399004,30399019,15
channel-259,314528,30399004,30399010,6
channel-208,1491481,30399009,30399020,11
channel-750,686333,30399009,30399014,5
channel-6994,1326757,30399010,30399021,11
channel-0,4041322,30399013,30399025,12
channel-113,301425,30399016,30399072,56
channel-208,1491482,30399025,30399035,10
channel-750,686334,30399034,30399039,5
channel-199,133123,30399035,30399047,12
channel-750,686335,30399038,30399061,23
channel-38946,124470,30399046,30399066,20
channel-148,16106,30399046,30399055,9
channel-750,686336,30399055,30399070,15
channel-0,4041323,30399059,30399071,12
channel-19774,346292,30399061,30399074,13
channel-0,4041324,30399062,30399076,14
channel-750,686337,30399064,30399070,6
channel-122,668610,30399070,30399074,4
channel-199,133124,30399071,30399081,10
channel-0,4041325,30399072,30399090,18
channel-6994,1326758,30399074,30399082,8
channel-6994,1326759,30399075,30399087,12
channel-208,1491483,30399075,30399085,10
channel-750,686338,30399076,30399086,10
channel-750,686339,30399076,30399081,5
channel-750,686340,30399085,30399090,5
channel-750,686341,30399089,30399104,15
channel-750,686342,30399107,30399121,14
channel-19774,346293,30399108,30399123,15
channel-208,1491484,30399108,30399116,8
channel-750,686343,30399110,30399121,11
channel-19774,346294,30399110,30399123,13
channel-750,686344,30399116,30399141,25
channel-750,686345,30399125,30399141,16
channel-750,686346,30399134,30399151,17
channel-750,686347,30399151,30399162,11
channel-208,1491485,30399152,30399166,14
channel-143,128525,30399154,30399166,12
channel-750,686348,30399156,30399161,5
channel-750,686349,30399160,30399167,7
channel-42,1490128,30399165,30399174,9
channel-6994,1326760,30399169,30399178,9
channel-6994,1326761,30399169,30399178,9
channel-750,686350,30399173,30399196,23
channel-750,686351,30399175,30399185,10
channel-38946,124471,30399180,30399198,18
channel-6994,1326762,30399182,30399191,9
channel-75,845534,30399184,30399191,7
channel-750,686352,30399190,30399202,12
channel-750,686353,30399191,30399202,11
channel-89321,19632,30399192,30399203,11
channel-0,4041326,30399193,30399206,13
channel-85077,61579,30399195,30399206,11
channel-750,686354,30399198,30399209,11
channel-75,845535,30399200,30399207,7
channel-750,686355,30399201,30399210,9
channel-750,686356,30399201,30399209,8
channel-6994,1326763,30399205,30399215,10
channel-208,1491486,30399205,30399213,8
channel-750,686357,30399206,30399210,4
channel-750,686358,30399206,30399210,4
channel-0,4041327,30399207,30399223,16
channel-0,4041328,30399210,30399223,13
channel-1,408868,30399213,30399221,8
channel-6994,1326764,30399223,30399235,12
channel-750,686359,30399224,30399234,10
channel-750,686360,30399225,30399234,9
channel-6994,1326765,30399235,30399244,9
channel-750,686361,30399240,30399247,7
channel-750,686362,30399245,30399259,14
channel-208,1491487,30399248,30399259,11
channel-4,167119,30399256,30399265,9
channel-750,686363,30399265,30399287,22
channel-88,467287,30399266,30399292,26
channel-199,133125,30399273,30399286,13
channel-750,686364,30399273,30399283,10
channel-144,86724,30399274,30399290,16
channel-750,686365,30399276,30399289,13
channel-750,686366,30399276,30399286,10
channel-6994,1326766,30399279,30399291,12
channel-122,668611,30399286,30399289,3
channel-6994,1326767,30399288,30399298,10
channel-0,4041329,30399289,30399297,8
channel-19774,346295,30399290,30399299,9
channel-199,133126,30399294,30399306,12
channel-750,686367,30399294,30399307,13
channel-208,1491488,30399295,30399307,12
channel-750,686368,30399298,30399313,15
channel-1279,67166,30399300,30399316,16
channel-750,686369,30399308,30399313,5
channel-144,86725,30399314,30399327,13
channel-326,538717,30399317,30399323,6
channel-85077,61580,30399317,30399328,11
channel-750,686370,30399326,30399330,4
channel-1,408869,30399332,30399343,11
channel-199,133127,30399341,30399351,10
channel-750,686371,30399349,30399366,17
channel-320,119331,30399357,30399380,23
channel-750,686372,30399357,30399373,16
channel-750,686373,30399358,30399369,11
channel-75,845536,30399363,30399372,9
channel-750,686374,30399365,30399389,24
channel-208,1491489,30399365,30399375,10
channel-750,686375,30399368,30399381,13
channel-2494,32008,30399374,30399384,10
channel-320,119332,30399377,30399404,27
channel-412,64716,30399377,30399389,12
channel-750,686376,30399379,30399396,17
channel-5,184427,30399380,30399390,10
channel-1279,67167,30399380,30399391,11
channel-6994,1326768,30399381,30399391,10
channel-88,467288,30399386,30399408,22
channel-75755,5566,30399391,30399404,13
channel-750,686377,30399391,30399396,5
channel-750,686378,30399397,30399423,26
channel-750,686379,30399399,30399404,5
channel-6994,1326769,30399404,30399412,8
channel-750,686380,30399406,30399431,25
channel-0,4041330,30399408,30399431,23
channel-0,4041331,30399414,30399427,13
channel-1279,67168,30399415,30399443,28
channel-0,4041332,30399416,30399500,84
channel-0,4041333,30399433,30399439,6
channel-208,1491490,30399437,30399449,12
channel-750,686381,30399439,30399456,17
channel-6994,1326770,30399456,30399465,9
channel-0,4041334,30399458,30399467,9
channel-750,686382,30399458,30399474,16
channel-750,686383,30399463,30399496,33
channel-750,686384,30399463,30399468,5
channel-750,686385,30399470,30399484,14
channel-208,1491491,30399473,30399483,10
channel-2186,40821,30399473,30399494,21
channel-750,686386,30399477,30399488,11
channel-750,686387,30399483,30399488,5
channel-85077,61581,30399483,30399493,10
channel-1279,67169,30399495,30399508,13
channel-412,64717,30399496,30399506,10
channel-6994,1326771,30399496,30399506,10
channel-122,668612,30399497,30399501,4
channel-326,538718,30399500,30399509,9
channel-216,94372,30399507,30399605,98
channel-750,686388,30399510,30399520,10
channel-85077,61582,30399515,30399523,8
channel-208,1491492,30399521,30399532,11
channel-38946,124472,30399521,30399539,18
channel-6994,1326772,30399528,30399541,13
channel-783,104475,30399529,30399535,6
channel-1279,67170,30399531,30399547,16
channel-0,4041335,30399531,30399542,11
channel-750,686389,30399532,30399537,5
channel-208,1491493,30399542,30399554,12
channel-6994,1326773,30399542,30399554,12
channel-750,686390,30399554,30399558,4
channel-750,686391,30399563,30399586,23
channel-750,686392,30399569,30399575,6
channel-208,1491494,30399569,30399577,8
channel-208,1491495,30399572,30399583,11
channel-2188,43981,30399574,30399578,4
channel-144,86726,30399576,30399587,11
channel-6994,1326774,30399581,30399590,9
channel-85077,61583,30399585,30399592,7
channel-6994,1326775,30399587,30399600,13
channel-6994,1326776,30399591,30399600,9
channel-208,1491496,30399595,30399608,13
channel-2188,43982,30399599,30399605,6
channel-0,4041336,30399599,30399611,12
channel-750,686393,30399601,30399607,6
channel-6994,1326777,30399611,30399623,12
channel-143,128526,30399625,30399639,14
channel-750,686394,30399629,30399634,5
channel-750,686395,30399630,30399635,5
channel-750,686396,30399633,30399643,10
channel-750,686397,30399635,30399655,20
channel-412,64718,30399637,30399643,6
channel-6994,1326778,30399637,30399644,7
channel-85077,61584,30399646,30399657,11
channel-208,1491497,30399647,30399657,10
channel-89321,19633,30399649,30399672,23
channel-208,1491498,30399649,30399663,14
channel-0,4041337,30399651,30399669,18
channel-94814,3831,30399660,30399675,15
channel-38946,124473,30399661,30399906,245
channel-216,94373,30399662,30399770,108
channel-750,686398,30399663,30399668,5
channel-2188,43983,30399672,30399676,4
channel-6994,1326779,30399678,30399691,13
channel-0,4041338,30399681,30399712,31
channel-208,1491499,30399698,30399711,13
channel-522,40463,30399702,30399715,13
channel-6994,1326780,30399708,30399719,11
channel-0,4041339,30399741,30399758,17
channel-216,94374,30399746,30399812,66
channel-89321,19634,30399775,30399785,10
channel-750,686399,30399804,30399809,5
channel-85077,61585,30399815,30399820,5
channel-208,1491500,30399824,30399836,12
channel-6994,1326781,30399834,30399844,10
channel-0,4041340,30399841,30399851,10
channel-199,133128,30399847,30399855,8
channel-122,668613,30399865,30399869,4
channel-199,133129,30399868,30399877,9
channel-199,133130,30399899,30399909,10
channel-0,4041341,30399909,30399924,15
channel-412,64719,30399915,30399925,10
channel-0,4041342,30399940,30399963,23
channel-6994,1326782,30399941,30399952,11
channel-122,668614,30399943,30399947,4
channel-750,686400,30399946,30399950,4
channel-0,4041343,30399955,30399968,13
channel-199,133131,30399959,30399968,9
channel-38946,124474,30399981,30399999,18
channel-208,1491501,30399985,30399999,14
channel-75755,5567,30399986,30399996,10
channel-412,64720,30399989,30400000,11
channel-85077,61586,30399990,30400000,10
channel-208,1491502,30399996,30400008,12
channel-259,314529,30399996,30400002,6
channel-412,64721,30400002,30400013,11
channel-75,845537,30400005,30400011,6
channel-72,516541,30400009,30400041,32
channel-326,538719,30400016,30400043,27
channel-412,64722,30400016,30400033,17
channel-750,686401,30400018,30400032,14
channel-75030,1176,30400019,30400029,10
channel-750,686402,30400033,30400041,8
channel-208,1491503,30400033,30400046,13
channel-0,4041344,30400036,30400055,19
channel-0,4041345,30400038,30400055,17
channel-412,64723,30400043,30400054,11
channel-0,4041346,30400044,30400055,11
channel-412,64724,30400046,30400058,12
channel-326,538720,30400050,30400063,13
channel-412,64725,30400055,30400062,7
channel-19774,346296,30400056,30400062,6
channel-6787,166890,30400057,30400062,5
channel-208,1491504,30400058,30400068,10
channel-874,293851,30400061,30400067,6
channel-750,686403,30400062,30400069,7
channel-0,4041347,30400062,30400073,11
channel-0,4041348,30400071,30400104,33
channel-75,845538,30400072,30400077,5
channel-85077,61587,30400072,30400082,10
channel-0,4041349,30400073,30400082,9
channel-750,686404,30400077,30400093,16
channel-1429,140869,30400083,30400095,12
channel-89321,19635,30400084,30400094,10
channel-6994,1326783,30400089,30400098,9
channel-6994,1326784,30400100,30400113,13
channel-412,64726,30400104,30400116,12
channel-6994,1326785,30400112,30400121,9
channel-0,4041350,30400113,30400126,13
channel-19774,346297,30400120,30400132,12
channel-199,133132,30400122,30400133,11
channel-0,4041351,30400126,30400137,11
channel-0,4041352,30400130,30400141,11
channel-75,845539,30400131,30400138,7
channel-1429,140870,30400139,30400148,9
channel-874,293852,30400155,30400164,9
channel-122,668615,30400158,30400168,10
channel-6994,1326786,30400167,30400179,12
channel-0,4041353,30400172,30400206,34
channel-874,293853,30400173,30400178,5
channel-122,668616,30400176,30400179,3
channel-0,4041354,30400188,30400206,18
channel-6994,1326787,30400206,30400216,10
channel-326,538721,30400206,30400211,5
channel-92956,252,30400214,30400228,14
channel-750,686405,30400216,30400221,5
channel-326,538722,30400216,30400222,6
channel-6994,1326788,30400217,30400230,13
channel-0,4041355,30400225,30400238,13
channel-6994,1326789,30400243,30400250,7
channel-0,4041356,30400249,30400289,40
channel-208,1491505,30400258,30400270,12
channel-6994,1326790,30400260,30400271,11
channel-208,1491506,30400266,30400278,12
channel-208,1491507,30400267,30400287,20
channel-326,538723,30400274,30400283,9
channel-6994,1326791,30400277,30400289,12
channel-89321,19636,30400286,30400298,12
channel-6994,1326792,30400288,30400305,17
channel-122,668617,30400290,30400293,3
channel-750,686406,30400291,30400295,4
channel-208,1491508,30400295,30400305,10
channel-782,310338,30400298,30400312,14
channel-19774,346298,30400299,30400308,9
channel-750,686407,30400333,30400337,4
channel-89321,19637,30400341,30400365,24
channel-259,314530,30400346,30400352,6
channel-1,408870,30400349,30400360,11
channel-0,4041357,30400352,30400366,14
channel-6994,1326793,30400373,30400384,11
channel-122,668618,30400376,30400380,4
channel-0,4041358,30400376,30400387,11
channel-216,94375,30400382,30400471,89
channel-19774,346299,30400384,30400397,13
channel-6994,1326794,30400387,30400396,9
channel-85077,61588,30400396,30400405,9
channel-199,133133,30400402,30400426,24
channel-0,4041359,30400403,30400416,13
channel-6994,1326795,30400428,30400438,10
channel-208,1491509,30400430,30400439,9
channel-208,1491510,30400433,30400444,11
channel-6994,1326796,30400437,30400447,10
channel-85077,61589,30400437,30400447,10
channel-85077,61590,30400446,30400461,15
channel-85077,61591,30400448,30400459,11
channel-85077,61592,30400448,30400459,11
channel-85077,61593,30400454,30400464,10
channel-6994,1326797,30400466,30400478,12
channel-750,686408,30400483,30400496,13
channel-6994,1326798,30400486,30400494,8
channel-0,4041360,30400487,30400502,15
channel-199,133134,30400489,30400502,13
channel-75,845540,30400492,30400499,7
channel-0,4041361,30400512,30400525,13
channel-208,1491511,30400513,30400522,9
channel-6994,1326799,30400522,30400532,10
channel-6994,1326800,30400524,30400536,12
channel-199,133135,30400524,30400535,11
channel-1,408871,30400533,30400544,11
channel-6994,1326801,30400537,30400545,8
channel-6994,1326802,30400539,30400550,11
channel-750,686409,30400542,30400549,7
channel-122,668620,30400545,30400549,4
channel-259,314531,30400547,30400558,11
channel-340,3219,30400549,30400561,12
channel-85077,61594,30400550,30400559,9
channel-259,314532,30400553,30400560,7
channel-874,293854,30400554,30400577,23
channel-6787,166891,30400554,30400560,6
channel-94814,3832,30400555,30400567,12
channel-0,4041362,30400568,30400585,17
channel-208,1491512,30400574,30400585,11
channel-208,1491513,30400576,30400585,9
channel-19774,346300,30400576,30400585,9
channel-0,4041363,30400587,30400598,11
channel-2188,43984,30400590,30400594,4
channel-89321,19638,30400591,30400608,17
channel-85077,61595,30400594,30400605,11
channel-750,686410,30400604,30400617,13
channel-208,1491514,30400609,30400621,12
channel-0,4041364,30400609,30400619,10
channel-750,686411,30400612,30400719,107
channel-320,119333,30400616,30400634,18
channel-0,4041365,30400621,30400650,29
channel-750,686412,30400621,30400626,5
channel-6994,1326803,30400632,30400642,10
channel-6994,1326804,30400637,30400647,10
channel-199,133136,30400641,30400657,16
channel-0,4041366,30400650,30400661,11
channel-750,686413,30400657,30400679,22
channel-0,4041367,30400659,30400676,17
channel-1,408872,30400659,30400673,14
channel-122,668622,30400675,30400678,3
channel-6994,1326805,30400676,30400685,9
channel-208,1491515,30400680,30400689,9
channel-750,686414,30400682,30400686,4
channel-1429,140871,30400683,30400695,12
channel-0,4041368,30400709,30400723,14
channel-6994,1326806,30400709,30400722,13
channel-0,4041369,30400712,30400723,11
channel-750,686415,30400713,30400741,28
channel-208,1491516,30400713,30400724,11
channel-1429,140872,30400716,30400730,14
channel-199,133137,30400720,30400731,11
channel-0,4041370,30400733,30400745,12
channel-208,1491517,30400735,30400748,13
channel-199,133138,30400735,30400745,10
channel-216,94376,30400745,30400827,82
channel-199,133139,30400746,30400754,8
channel-19774,346301,30400754,30400764,10
channel-208,1491518,30400756,30400765,9
channel-6994,1326807,30400758,30400767,9
channel-0,4041371,30400777,30400785,8
channel-199,133140,30400779,30400787,8
channel-199,133141,30400779,30400787,8
channel-199,133142,30400785,30400796,11
channel-6994,1326808,30400785,30400796,11
channel-85077,61596,30400788,30400798,10
channel-122,668623,30400789,30400793,4
channel-85077,61597,30400798,30400810,12
channel-75,845541,30400798,30400805,7
channel-6994,1326809,30400808,30400820,12
channel-0,4041372,30400814,30400825,11
channel-750,686416,30400815,30400837,22
channel-6994,1326810,30400815,30400825,10
channel-199,133143,30400820,30400828,8
channel-85077,61598,30400821,30400830,9
channel-199,133144,30400825,30400837,12
channel-6994,1326811,30400836,30400845,9
channel-92956,253,30400841,30400855,14
channel-216,94377,30400844,30400933,89
channel-199,133145,30400847,30400858,11
channel-412,64727,30400847,30400857,10
channel-94814,3833,30400850,30400860,10
channel-326,538724,30400858,30400865,7
channel-6994,1326812,30400868,30400877,9
channel-750,686417,30400868,30400878,10
channel-750,686418,30400872,30400876,4
channel-6994,1326813,30400874,30400882,8
channel-199,133146,30400880,30400888,8
channel-750,686419,30400883,30400897,14
channel-6994,1326814,30400885,30400893,8
channel-199,133147,30400887,30400897,10
channel-750,686420,30400889,30400899,10
channel-6994,1326815,30400898,30400909,11
channel-122,668624,30400908,30400912,4
channel-6994,1326816,30400916,30400928,12
channel-0,4041373,30400916,30400928,12
channel-750,686421,30400924,30400941,17
channel-199,133148,30400940,30400949,9
channel-6994,1326817,30400940,30400951,11
channel-216,94378,30400940,30401017,77
channel-750,686422,30400940,30400956,16
channel-6994,1326818,30400940,30400951,11
channel-122,668625,30400940,30400944,4
channel-85077,61599,30400945,30400957,12
channel-6994,1326819,30400946,30400957,11
channel-75,845542,30400953,30400960,7
channel-199,133149,30400964,30400971,7
channel-750,686423,30400969,30401011,42
channel-75755,5568,30400976,30400985,9
channel-0,4041374,30400977,30400986,9
channel-750,686424,30400983,30400999,16
channel-122,668626,30400983,30400986,3
channel-750,686425,30400991,30401001,10
channel-208,1491519,30400993,30401002,9
channel-98451,149,30400994,30401008,14
channel-208,1491520,30401003,30401016,13
channel-208,1491521,30401011,30401021,10
channel-750,686426,30401011,30401016,5
channel-6994,1326820,30401017,30401025,8
channel-2188,43985,30401020,30401024,4
channel-216,94379,30401024,30401049,25
channel-75,845543,30401024,30401033,9
channel-783,104476,30401024,30401412,388
channel-2188,43986,30401024,30401029,5
channel-19774,346302,30401024,30401035,11
channel-2,130722,30401025,30401035,10
channel-750,686427,30401035,30401061,26
channel-874,293855,30401057,30401062,5
channel-0,4041375,30401065,30401076,11
channel-75,845544,30401078,30401083,5
channel-6994,1326821,30401078,30401086,8
channel-0,4041376,30401081,30401099,18
channel-19774,346303,30401082,30401093,11
channel-6994,1326822,30401087,30401098,11
channel-750,686428,30401093,30401098,5
channel-92956,254,30401097,30401107,10
channel-199,133150,30401099,30401113,14
channel-6994,1326823,30401106,30401115,9
channel-85791,3795,30401115,30401121,6
channel-0,4041377,30401115,30401125,10
channel-6994,1326824,30401120,30401129,9
channel-0,4041378,30401124,30401136,12
channel-79180,3380,30401128,30401136,8
channel-259,314533,30401129,30401136,7
channel-208,1491522,30401132,30401144,12
channel-208,1491523,30401133,30401144,11
channel-750,686429,30401136,30401142,6
channel-0,4041379,30401142,30401148,6
channel-6994,1326825,30401146,30401157,11
channel-874,293856,30401156,30401163,7
channel-259,314534,30401164,30401169,5
channel-199,133151,30401170,30401188,18
channel-199,133152,30401176,30401188,12
channel-199,133153,30401189,30401196,7
channel-19774,346304,30401194,30401198,4
channel-6994,1326826,30401196,30401207,11
channel-4,167120,30401197,30401209,12
channel-750,686430,30401201,30401209,8
channel-85077,61600,30401203,30401213,10
channel-199,133154,30401211,30401221,10
channel-208,1491524,30401220,30401231,11
channel-75,845545,30401223,30401233,10
channel-767,14402,30401228,30401241,13
channel-750,686431,30401229,30401239,10
channel-208,1491525,30401233,30401245,12
channel-85791,3796,30401252,30401257,5
channel-6994,1326827,30401262,30401270,8
channel-1429,140873,30401272,30401283,11
channel-6994,1326828,30401272,30401283,11
channel-2,130723,30401277,30401283,6
channel-85077,61601,30401278,30401287,9
channel-199,133155,30401279,30401289,10
channel-208,1491526,30401279,30401288,9
channel-122,668627,30401289,30401291,2
channel-750,686432,30401290,30401295,5
channel-750,686433,30401298,30401315,17
channel-20082,9923,30401298,30401308,10
channel-6994,1326829,30401300,30401312,12
channel-199,133156,30401303,30401314,11
channel-522,40464,30401303,30401318,15
channel-92956,255,30401311,30401321,10
channel-0,4041380,30401316,30401327,11
channel-122,668628,30401316,30401319,3
channel-0,4041381,30401319,30401332,13
channel-208,1491527,30401323,30401333,10
channel-1429,140874,30401331,30401341,10
channel-0,4041382,30401335,30401348,13
channel-91017,2975,30401336,30401348,12
channel-6994,1326830,30401338,30401348,10
channel-750,686434,30401340,30401359,19
channel-1,408873,30401355,30401365,10
channel-0,4041383,30401355,30401360,5
channel-783,104477,30401362,30401376,14
channel-5,184428,30401369,30401378,9
channel-6994,1326831,30401372,30401383,11
channel-750,686435,30401376,30401381,5
channel-199,133157,30401376,30401385,9
channel-199,133158,30401380,30401390,10
channel-208,1491528,30401384,30401394,10
channel-783,104478,30401388,30401395,7
channel-874,293857,30401389,30401395,6
channel-208,1491529,30401389,30401399,10
channel-6787,166892,30401397,30401401,4
channel-95,331610,30401399,30401412,13
channel-122,668629,30401401,30401406,5
channel-0,4041384,30401402,30401413,11
channel-0,4041385,30401404,30401418,14
channel-6994,1326832,30401411,30401420,9
channel-199,133159,30401411,30401423,12
channel-6994,1326833,30401413,30401425,12
channel-874,293858,30401423,30401431,8
channel-783,104479,30401438,30401445,7
channel-6994,1326834,30401442,30401452,10
channel-6994,1326835,30401443,30401452,9
channel-6994,1326836,30401450,30401459,9
channel-208,1491530,30401451,30401459,8
channel-0,4041386,30401459,30401471,12
channel-874,293859,30401462,30401469,7
channel-6994,1326837,30401464,30401476,12
channel-6994,1326838,30401471,30401481,10
channel-0,4041387,30401477,30401492,15
channel-6994,1326839,30401479,30401490,11
channel-6994,1326840,30401480,30401490,10
channel-85077,61602,30401480,30401489,9
channel-6994,1326841,30401487,30401497,10
channel-6994,1326842,30401491,30401501,10
channel-75,845546,30401492,30401497,5
channel-88,467289,30401497,30401514,17
channel-0,4041388,30401499,30401510,11
channel-750,686436,30401502,30401507,5
channel-0,4041389,30401502,30401515,13
channel-750,686437,30401506,30401511,5
channel-6994,1326843,30401515,30401525,10
channel-0,4041390,30401518,30401531,13
channel-92956,256,30401522,30401535,13
channel-199,133160,30401525,30401536,11
channel-0,4041391,30401525,30401535,10
channel-6994,1326844,30401529,30401539,10
channel-38946,124475,30401531,30401540,9
channel-232,49240,30401539,30401550,11
channel-6994,1326845,30401558,30401568,10
channel-0,4041392,30401564,30401577,13
channel-42,1490129,30401567,30401578,11
channel-199,133161,30401575,30401583,8
channel-6994,1326846,30401581,30401590,9
channel-199,133162,30401585,30401601,16
channel-6994,1326847,30401585,30401599,14
channel-750,686438,30401586,30401600,14
channel-0,4041393,30401587,30401600,13
channel-6994,1326848,30401616,30401627,11
channel-0,4041394,30401624,30401635,11
channel-199,133163,30401640,30401649,9
channel-6994,1326849,30401642,30401651,9
channel-208,1491531,30401690,30401699,9
channel-0,4041395,30401692,30401701,9
channel-750,686439,30401695,30401699,4
channel-1,408874,30401697,30401710,13
channel-98451,150,30401709,30401717,8
channel-208,1491532,30401709,30401717,8
channel-0,4041396,30401715,30401737,22
channel-199,133164,30401737,30401748,11
channel-750,686440,30401738,30401745,7
channel-6994,1326850,30401738,30401749,11
channel-199,133165,30401765,30401777,12
channel-6994,1326851,30401770,30401780,10
channel-6994,1326852,30401780,30401792,12
channel-6994,1326853,30401784,30401793,9
channel-208,1491533,30401785,30401797,12
channel-89321,19639,30401789,30401799,10
channel-874,293860,30401794,30401800,6
channel-143,128527,30401794,30401804,10
channel-6994,1326854,30401795,30401806,11
channel-6994,1326855,30401795,30401806,11
channel-6994,1326856,30401817,30401829,12
channel-0,4041397,30401820,30401829,9
channel-208,1491534,30401821,30401834,13
channel-199,133166,30401821,30401831,10
channel-6994,1326857,30401827,30401837,10
channel-0,4041398,30401827,30401839,12
channel-750,686441,30401828,30401864,36
channel-208,1491535,30401834,30401844,10
channel-6994,1326858,30401837,30401846,9
channel-782,310339,30401854,30401860,6
channel-750,686442,30401855,30401860,5
channel-85791,3797,30401860,30401865,5
channel-6994,1326859,30401862,30401876,14
channel-782,310340,30401867,30401873,6
channel-199,133167,30401873,30401882,9
channel-6994,1326860,30401874,30401887,13
channel-6994,1326861,30401884,30401897,13
channel-6994,1326862,30401885,30401897,12
channel-6994,1326863,30401885,30401897,12
channel-6994,1326864,30401893,30401904,11
channel-0,4041399,30401896,30401920,24
channel-1575,15215,30401897,30401908,11
channel-0,4041400,30401898,30401909,11
channel-6994,1326865,30401899,30401908,9
channel-782,310341,30401900,30401909,9
channel-750,686443,30401912,30401921,9
channel-75,845547,30401914,30401920,6
channel-6994,1326866,30401914,30401925,11
channel-6994,1326867,30401917,30401929,12
channel-199,133168,30401920,30401951,31
channel-6994,1326868,30401921,30401929,8
channel-199,133169,30401921,30401927,6
channel-6994,1326869,30401931,30401943,12
channel-199,133170,30401936,30401951,15
channel-0,4041401,30401936,30401961,25
channel-6994,1326870,30401940,30401952,12
channel-199,133171,30401942,30401969,27
channel-6994,1326871,30401943,30401962,19
channel-113,301426,30401943,30402008,65
channel-199,133172,30401943,30401955,12
channel-85077,61603,30401947,30401957,10
channel-6994,1326872,30401953,30401962,9
channel-0,4041402,30401954,30401966,12
channel-750,686444,30401955,30401960,5
channel-1,408875,30401956,30401968,12
channel-208,1491536,30401959,30401968,9
channel-208,1491537,30401959,30401968,9
channel-6994,1326873,30401962,30401972,10
channel-208,1491538,30401966,30401975,9
channel-6994,1326874,30401966,30401975,9
channel-208,1491539,30401969,30401975,6
channel-2186,40822,30401971,30401985,14
channel-0,4041403,30401971,30401994,23
channel-208,1491540,30401972,30401984,12
channel-91017,2976,30401974,30401984,10
channel-184,137483,30401975,30401986,11
channel-6994,1326875,30401981,30401994,13
channel-0,4041404,30401987,30401999,12
channel-143,128528,30401987,30402002,15
channel-208,1491541,30401988,30401999,11
channel-208,1491542,30401990,30402003,13
channel-85077,61604,30401998,30402009,11
channel-85077,61605,30402001,30402009,8
channel-91017,2977,30402006,30402021,15
channel-85077,61606,30402007,30402019,12
channel-184,137484,30402007,30402023,16
channel-208,1491543,30402008,30402021,13
channel-85077,61607,30402012,30402022,10
channel-0,4041405,30402012,30402030,18
channel-320,119334,30402021,30402037,16
channel-0,4041406,30402023,30402034,11
channel-91017,2978,30402029,30402039,10
channel-6994,1326876,30402030,30402048,18
channel-1,408876,30402033,30402047,14
channel-19774,346305,30402043,30402054,11
channel-750,686445,30402044,30402049,5
channel-6994,1326877,30402044,30402059,15
channel-208,1491544,30402047,30402060,13
channel-0,4041407,30402049,30402068,19
channel-1,408877,30402052,30402064,12
channel-6994,1326878,30402053,30402063,10
channel-208,1491545,30402064,30402075,11
channel-750,686446,30402065,30402079,14
channel-0,4041408,30402066,30402079,13
channel-6994,1326879,30402066,30402079,13
channel-6994,1326880,30402066,30402079,13
channel-750,686447,30402068,30402073,5
channel-91017,2979,30402069,30402080,11
channel-2494,32009,30402075,30402088,13
channel-19774,346306,30402083,30402092,9
channel-0,4041409,30402083,30402106,23
channel-208,1491546,30402084,30402095,11
channel-75,845548,30402085,30402093,8
channel-6994,1326881,30402085,30402098,13
channel-6994,1326882,30402090,30402103,13
channel-2188,43987,30402094,30402103,9
channel-1,408878,30402094,30402109,15
channel-6994,1326883,30402102,30402112,10
channel-208,1491547,30402104,30402113,9
channel-0,4041410,30402109,30402118,9
channel-6994,1326884,30402112,30402120,8
channel-91017,2980,30402112,30402125,13
channel-98451,151,30402115,30402127,12
channel-208,1491548,30402115,30402126,11
channel-750,686448,30402120,30402131,11
channel-1,408879,30402121,30402140,19
channel-750,686449,30402124,30402134,10
channel-0,4041411,30402126,30402149,23
channel-85077,61608,30402134,30402141,7
channel-122,668630,30402134,30402138,4
channel-199,133173,30402137,30402145,8
channel-6994,1326885,30402137,30402147,10
channel-6994,1326886,30402137,30402147,10
channel-98451,152,30402140,30402151,11
channel-91017,2981,30402144,30402154,10
channel-184,137485,30402145,30402154,9
channel-1,408880,30402149,30402157,8
channel-750,686450,30402151,30402164,13
channel-874,293861,30402151,30402156,5
channel-208,1491549,30402151,30402161,10
channel-6994,1326887,30402151,30402167,16
channel-91017,2982,30402156,30402172,16
channel-6994,1326888,30402157,30402167,10
channel-6994,1326889,30402161,30402172,11
channel-1,408881,30402162,30402174,12
channel-0,4041412,30402167,30402193,26
channel-92956,257,30402178,30402189,11
channel-6994,1326890,30402180,30402189,9
channel-208,1491550,30402180,30402193,13
channel-0,4041413,30402181,30402189,8
channel-6994,1326891,30402192,30402204,12
channel-0,4041414,30402196,30402208,12
channel-199,133174,30402204,30402212,8
channel-6994,1326892,30402204,30402213,9
channel-0,4041415,30402207,30402231,24
channel-85077,61609,30402208,30402218,10
channel-874,293862,30402214,30402222,8
channel-122,668631,30402216,30402219,3
channel-85077,61610,30402217,30402226,9
channel-0,4041416,30402219,30402247,28
channel-6994,1326893,30402230,30402239,9
channel-6994,1326894,30402235,30402244,9
channel-4,167121,30402246,30402258,12
channel-0,4041417,30402248,30402271,23
channel-6994,1326895,30402266,30402275,9
channel-85077,61611,30402266,30402275,9
channel-143,128529,30402267,30402303,36
channel-122,668632,30402275,30402398,123
channel-874,293863,30402276,30402284,8
channel-6994,1326896,30402277,30402290,13
channel-6994,1326897,30402278,30402290,12
channel-208,1491551,30402280,30402289,9
channel-75,845549,30402284,30402293,9
channel-750,686451,30402285,30402291,6
channel-0,4041418,30402286,30402307,21
channel-251,85323,30402287,30402301,14
channel-208,1491552,30402289,30402299,10
channel-208,1491553,30402290,30402304,14
channel-4,167122,30402291,30402304,13
channel-208,1491554,30402291,30402304,13
channel-557,52046,30402298,30402306,8
channel-1,408882,30402300,30402313,13
channel-92956,258,30402301,30402313,12
channel-87,182919,30402303,30402366,63
channel-208,1491555,30402311,30402322,11
channel-750,686452,30402315,30402319,4
channel-874,293864,30402316,30402321,5
channel-199,133175,30402317,30402327,10
channel-208,1491556,30402319,30402330,11
channel-0,4041419,30402320,30402338,18
channel-0,4041420,30402321,30402347,26
channel-6787,166893,30402325,30402328,3
channel-75016,4683,30402325,30402354,29
channel-85077,61612,30402327,30402336,9
channel-0,4041421,30402333,30402355,22
channel-208,1491557,30402334,30402344,10
channel-85077,61613,30402334,30402344,10
channel-251,85324,30402336,30402345,9
channel-2188,43988,30402338,30402343,5
channel-6994,1326898,30402338,30402348,10
channel-208,1491558,30402338,30402348,10
channel-199,133176,30402345,30402354,9
channel-122,668633,30402346,30402350,4
channel-199,133177,30402347,30402354,7
channel-874,293865,30402350,30402359,9
channel-750,686453,30402351,30402356,5
channel-2188,43989,30402351,30402356,5
channel-750,686454,30402352,30402364,12
channel-750,686455,30402353,30402368,15
channel-85077,61614,30402355,30402365,10
channel-6994,1326899,30402366,30402378,12
channel-208,1491559,30402369,30402379,10
channel-1,408883,30402371,30402382,11
channel-259,314535,30402379,30402386,7
channel-2188,43990,30402382,30402386,4
channel-6994,1326900,30402382,30402391,9
channel-85077,61615,30402384,30402394,10
channel-208,1491560,30402386,30402397,11
channel-85077,61616,30402386,30402397,11
channel-85077,61617,30402392,30402411,19
channel-85077,61618,30402397,30402407,10
channel-85077,61619,30402398,30402407,9
channel-199,133178,30402398,30402408,10
channel-216,94380,30402400,30402449,49
channel-750,686456,30402410,30402420,10
channel-6994,1326901,30402415,30402426,11
channel-6994,1326902,30402416,30402426,10
channel-0,4041422,30402420,30402428,8
channel-6994,1326903,30402424,30402437,13
channel-85077,61620,30402426,30402435,9
channel-89321,19640,30402428,30402437,9
channel-75,845550,30402430,30402437,7
channel-6994,1326904,30402440,30402451,11
channel-143,128530,30402441,30402473,32
channel-6994,1326905,30402444,30402456,12
channel-750,686457,30402446,30402453,7
channel-6994,1326906,30402448,30402460,12
channel-750,686458,30402448,30402460,12
channel-199,133179,30402452,30402460,8
channel-0,4041423,30402455,30402488,33
channel-750,686459,30402456,30402478,22
channel-199,133180,30402460,30402469,9
channel-199,133181,30402462,30402474,12
channel-6994,1326907,30402462,30402473,11
channel-208,1491561,30402467,30402477,10
channel-6994,1326908,30402468,30402480,12
channel-199,133182,30402468,30402481,13
channel-750,686460,30402471,30402486,15
channel-750,686461,30402480,30402490,10
channel-6994,1326909,30402483,30402492,9
channel-199,133183,30402484,30402492,8
channel-750,686462,30402488,30402493,5
channel-6994,1326910,30402492,30402523,31
channel-6994,1326911,30402498,30402510,12
channel-208,1491562,30402501,30402514,13
channel-85077,61621,30402506,30402516,10
channel-750,686463,30402513,30402518,5
channel-85077,61622,30402514,30402524,10
channel-6994,1326912,30402516,30402528,12
channel-750,686464,30402519,30402524,5
channel-750,686465,30402531,30402536,5
channel-143,128531,30402534,30402565,31
channel-88,467290,30402535,30402546,11
channel-750,686466,30402538,30402545,7
channel-1,408884,30402543,30402548,5
channel-750,686467,30402546,30402574,28
channel-750,686468,30402546,30402557,11
channel-85077,61623,30402546,30402556,10
channel-0,4041424,30402547,30402573,26
channel-6994,1326913,30402551,30402562,11
channel-6994,1326914,30402552,30402562,10
channel-750,686469,30402558,30402563,5
channel-0,4041425,30402561,30402573,12
channel-259,314536,30402563,30402569,6
channel-199,133184,30402565,30402573,8
channel-0,4041426,30402567,30402577,10
channel-2,130724,30402570,30402580,10
channel-6994,1326915,30402573,30402584,11
channel-750,686470,30402574,30402589,15
channel-750,686471,30402574,30402585,11
channel-199,133185,30402577,30402586,9
channel-8,43471,30402577,30402595,18
channel-750,686472,30402580,30402590,10
channel-750,686473,30402581,30402586,5
channel-320,119335,30402593,30402607,14
channel-208,1491563,30402595,30402605,10
channel-98451,155,30402597,30402608,11
channel-0,4041427,30402599,30402607,8
channel-92956,259,30402607,30402616,9
channel-91017,2983,30402610,30402619,9
channel-199,133186,30402611,30402622,11
channel-750,686474,30402615,30402639,24
channel-412,64728,30402628,30402638,10
channel-91017,2984,30402630,30402688,58
channel-6994,1326916,30402634,30402649,15
channel-199,133187,30402634,30402645,11
channel-6994,1326917,30402639,30402649,10
channel-6994,1326918,30402639,30402649,10
channel-750,686475,30402639,30402645,6
channel-85077,61624,30402645,30402655,10
channel-2,130725,30402647,30402658,11
channel-6994,1326919,30402656,30402665,9
channel-6994,1326920,30402657,30402667,10
channel-6994,1326921,30402657,30402667,10
channel-874,293866,30402674,30402685,11
channel-750,686476,30402677,30402688,11
channel-208,1491564,30402681,30402691,10
channel-199,133188,30402682,30402698,16
channel-750,686477,30402685,30402711,26
channel-767,14403,30402685,30402695,10
channel-326,538725,30402685,30402695,10
channel-750,686478,30402688,30402703,15
channel-85077,61625,30402689,30402699,10
channel-113,301428,30402695,30402746,51
channel-750,686479,30402704,30402711,7
channel-6994,1326922,30402706,30402713,7
channel-208,1491565,30402715,30402729,14
channel-113,301429,30402715,30402775,60
channel-0,4041428,30402716,30402727,11
channel-143,128532,30402717,30402746,29
channel-184,137486,30402725,30402738,13
channel-199,133189,30402732,30402757,25
channel-750,686480,30402734,30402740,6
channel-0,4041429,30402740,30402749,9
channel-0,4041430,30402740,30402749,9
channel-874,293867,30402744,30402748,4
channel-85077,61626,30402747,30402756,9
channel-113,301430,30402748,30402781,33
channel-750,686481,30402756,30402769,13
channel-0,4041431,30402757,30402768,11
channel-0,4041432,30402762,30402773,11
channel-0,4041433,30402763,30402773,10
channel-85077,61627,30402763,30402773,10
channel-6994,1326923,30402764,30402774,10
channel-6994,1326924,30402769,30402778,9
channel-750,686482,30402777,30402801,24
channel-0,4041434,30402782,30402793,11
channel-6994,1326925,30402783,30402792,9
channel-199,133190,30402788,30402800,12
channel-750,686483,30402791,30402803,12
channel-750,686484,30402792,30402805,13
channel-75,845551,30402796,30402802,6
channel-750,686485,30402805,30402819,14
channel-199,133191,30402806,30402814,8
channel-208,1491566,30402810,30402823,13
channel-0,4041435,30402811,30402822,11
channel-91017,2985,30402819,30402854,35
channel-148,16107,30402819,30402827,8
channel-6994,1326926,30402819,30402829,10
channel-91017,2986,30402822,30402833,11
channel-1,408885,30402827,30402840,13
channel-0,4041436,30402827,30402836,9
channel-6994,1326927,30402834,30402844,10
channel-6994,1326928,30402843,30402854,11
channel-122,668634,30402844,30402847,3
channel-259,314537,30402844,30402849,5
channel-6994,1326929,30402849,30402859,10
channel-750,686486,30402858,30402870,12
channel-750,686487,30402859,30402891,32
channel-6994,1326930,30402860,30402874,14
channel-208,1491567,30402860,30402870,10
channel-2494,32010,30402867,30402879,12
channel-6994,1326931,30402869,30402882,13
channel-750,686488,30402873,30402878,5
channel-122,668635,30402881,30402885,4
channel-6994,1326932,30402891,30402900,9
channel-75,845552,30402900,30402906,6
channel-85077,61628,30402912,30402924,12
channel-6994,1326933,30402915,30402924,9
channel-750,686489,30402925,30402949,24
channel-19774,346307,30402928,30402941,13
channel-0,4041437,30402929,30402956,27
channel-199,133192,30402938,30402948,10
channel-750,686490,30402939,30402943,4
channel-320,119336,30402939,30402949,10
channel-6994,1326934,30402944,30402956,12
channel-6994,1326935,30402968,30402983,15
channel-6994,1326936,30402973,30402983,10
channel-750,686491,30402976,30402983,7
channel-750,686492,30402982,30402987,5
channel-6994,1326937,30402990,30403004,14
channel-1,408886,30402995,30403008,13
channel-75,845553,30402996,30403002,6
channel-6994,1326938,30402996,30403004,8
channel-750,686493,30403009,30403035,26
channel-750,686494,30403017,30403033,16
channel-6994,1326939,30403022,30403033,11
channel-6994,1326940,30403040,30403052,12
channel-6994,1326941,30403044,30403056,12
channel-38946,124476,30403048,30403058,10
channel-92956,260,30403048,30403063,15
channel-208,1491568,30403048,30403059,11
channel-782,310342,30403054,30403066,12
channel-199,133193,30403058,30403070,12
channel-750,686495,30403073,30403091,18
channel-6994,1326942,30403074,30403091,17
channel-6994,1326943,30403084,30403096,12
channel-0,4041438,30403090,30403101,11
channel-199,133194,30403096,30403123,27
channel-750,686496,30403100,30403113,13
channel-6994,1326944,30403107,30403118,11
channel-6994,1326945,30403110,30403123,13
channel-75,845554,30403119,30403127,8
channel-750,686497,30403119,30403133,14
channel-6994,1326946,30403121,30403132,11
channel-750,686498,30403124,30403155,31
channel-6994,1326947,30403124,30403137,13
channel-199,133195,30403125,30403155,30
channel-6994,1326948,30403129,30403141,12
channel-6787,166894,30403133,30403138,5
channel-208,1491569,30403135,30403147,12
channel-6994,1326949,30403139,30403149,10
channel-6994,1326950,30403139,30403149,10
channel-6994,1326951,30403139,30403149,10
channel-326,538726,30403139,30403144,5
channel-199,133196,30403143,30403172,29
channel-0,4041439,30403145,30403157,12
channel-199,133197,30403149,30403160,11
channel-199,133198,30403151,30403177,26
channel-2,130726,30403152,30403161,9
channel-6994,1326952,30403156,30403170,14
channel-0,4041440,30403167,30403188,21
channel-2,130727,30403170,30403182,12
channel-750,686499,30403172,30403177,5
channel-320,119337,30403177,30403200,23
channel-750,686500,30403183,30403196,13
channel-750,686501,30403184,30403211,27
channel-0,4041441,30403188,30403198,10
channel-208,1491570,30403191,30403201,10
channel-6897,5663,30403191,30403206,15
channel-750,686502,30403201,30403211,10
channel-6994,1326953,30403201,30403213,12
channel-6994,1326954,30403207,30403218,11
channel-0,4041442,30403209,30403219,10
channel-199,133199,30403211,30403221,10
channel-750,686503,30403212,30403217,5
channel-2,130728,30403219,30403233,14
channel-6994,1326955,30403224,30403238,14
channel-208,1491571,30403227,30403239,12
channel-199,133200,30403228,30403241,13
channel-1279,67171,30403228,30403240,12
channel-0,4041443,30403244,30403255,11
channel-6994,1326956,30403244,30403255,11
channel-208,1491572,30403247,30403261,14
channel-208,1491573,30403252,30403265,13
channel-6994,1326957,30403273,30403282,9
channel-6994,1326958,30403276,30403287,11
channel-6994,1326959,30403276,30403287,11
channel-6994,1326960,30403279,30403291,12
channel-0,4041444,30403280,30403289,9
channel-6994,1326961,30403287,30403299,12
channel-750,686504,30403301,30403327,26
channel-72,516542,30403305,30403349,44
channel-115,20450,30403315,30403329,14
channel-0,4041445,30403324,30403333,9
channel-6994,1326962,30403328,30403337,9
channel-89321,19641,30403342,30403371,29
channel-750,686505,30403345,30403355,10
channel-750,686506,30403345,30403355,10
channel-750,686507,30403345,30403355,10
channel-750,686508,30403345,30403355,10
channel-750,686509,30403345,30403349,4
channel-750,686510,30403345,30403349,4
channel-6994,1326963,30403348,30403363,15
channel-6994,1326964,30403348,30403363,15
channel-0,4041446,30403350,30403363,13
channel-0,4041447,30403351,30403363,12
channel-6994,1326965,30403352,30403364,12
channel-750,686511,30403353,30403358,5
channel-208,1491574,30403359,30403368,9
channel-326,538727,30403363,30403368,5
channel-75,845555,30403366,30403375,9
channel-0,4041448,30403367,30403382,15
channel-750,686512,30403370,30403393,23
channel-0,4041449,30403370,30403382,12
channel-0,4041450,30403375,30403386,11
channel-6994,1326966,30403382,30403391,9
channel-6994,1326967,30403391,30403405,14
channel-6994,1326968,30403399,30403411,12
channel-750,686513,30403399,30403404,5
channel-750,686514,30403404,30403410,6
channel-199,133201,30403409,30403418,9
channel-6994,1326969,30403409,30403422,13
channel-6994,1326970,30403410,30403422,12
channel-750,686515,30403424,30403436,12
channel-750,686516,30403428,30403434,6
channel-874,293868,30403429,30403435,6
channel-6994,1326971,30403432,30403443,11
channel-208,1491575,30403432,30403443,11
channel-750,686517,30403433,30403438,5
channel-6994,1326972,30403434,30403443,9
channel-874,293869,30403441,30403447,6
channel-6994,1326973,30403448,30403459,11
channel-6994,1326974,30403452,30403464,12
channel-6994,1326975,30403452,30403464,12
channel-750,686518,30403452,30403466,14
channel-750,686519,30403453,30403476,23
channel-750,686520,30403455,30403462,7
channel-750,686521,30403461,30403468,7
channel-6994,1326976,30403466,30403478,12
channel-4,167123,30403468,30403481,13
channel-199,133202,30403473,30403483,10
channel-208,1491576,30403473,30403483,10
channel-6994,1326977,30403474,30403486,12
channel-0,4041451,30403489,30403502,13
channel-6994,1326978,30403489,30403501,12
channel-750,686522,30403489,30403499,10
channel-6994,1326979,30403492,30403506,14
channel-6994,1326980,30403497,30403510,13
channel-6994,1326981,30403502,30403510,8
channel-6994,1326982,30403524,30403532,8
channel-6994,1326983,30403529,30403542,13
channel-2188,43991,30403529,30403534,5
channel-6994,1326984,30403531,30403551,20
channel-6994,1326985,30403539,30403551,12
channel-115,20451,30403542,30403554,12
channel-6994,1326986,30403549,30403560,11
channel-0,4041452,30403559,30403569,10
channel-19774,346308,30403569,30403579,10
channel-1,408887,30403571,30403580,9
channel-89321,19642,30403574,30403581,7
channel-0,4041453,30403575,30403584,9
channel-199,133203,30403579,30403587,8
channel-6994,1326987,30403582,30403590,8
channel-6994,1326988,30403583,30403590,7
channel-2188,43992,30403587,30403592,5
channel-85077,61629,30403587,30403598,11
channel-6994,1326989,30403589,30403601,12
channel-1279,67172,30403589,30403599,10
channel-88,467291,30403593,30403612,19
channel-6994,1326990,30403599,30403613,14
channel-0,4041454,30403609,30403620,11
channel-6994,1326991,30403614,30403624,10
channel-85077,61630,30403616,30403628,12
channel-6994,1326992,30403616,30403629,13
channel-0,4041455,30403616,30403625,9
channel-2188,43993,30403618,30403622,4
channel-6994,1326993,30403620,30403633,13
channel-6994,1326994,30403623,30403633,10
channel-208,1491577,30403626,30403634,8
channel-85077,61631,30403626,30403636,10
channel-750,686523,30403628,30403632,4
channel-0,4041456,30403630,30403639,9
channel-0,4041457,30403646,30403656,10
channel-6994,1326995,30403650,30403663,13
channel-19774,346309,30403652,30403662,10
channel-6994,1326996,30403656,30403667,11
channel-6994,1326997,30403672,30403684,12
channel-6994,1326998,30403680,30403689,9
channel-85077,61632,30403688,30403701,13
channel-85077,61633,30403690,30403703,13
channel-6994,1326999,30403691,30403705,14
channel-750,686524,30403705,30403710,5
channel-6994,1327000,30403708,30403716,8
channel-85077,61634,30403709,30403717,8
channel-0,4041458,30403710,30403719,9
channel-85077,61635,30403710,30403720,10
channel-6994,1327001,30403714,30403724,10
channel-326,538728,30403717,30403743,26
channel-0,4041459,30403718,30403729,11
channel-89321,19643,30403719,30403725,6
channel-199,133204,30403722,30403746,24
channel-199,133205,30403725,30403737,12
channel-0,4041460,30403730,30403764,34
channel-115,20452,30403730,30403743,13
channel-89321,19644,30403730,30403743,13
channel-199,133206,30403761,30403770,9
channel-6994,1327002,30403769,30403777,8
channel-204,670900,30403769,30403845,76
channel-6994,1327003,30403776,30403789,13
channel-6994,1327004,30403777,30403789,12
channel-750,686525,30403784,30403801,17
channel-6994,1327005,30403794,30403805,11
channel-85077,61636,30403805,30403815,10
channel-6994,1327006,30403807,30403819,12
channel-6994,1327007,30403809,30403819,10
channel-6994,1327008,30403819,30403827,8
channel-6994,1327009,30403819,30403827,8
channel-6994,1327010,30403819,30403827,8
channel-85077,61637,30403836,30403846,10
channel-6994,1327011,30403837,30403850,13
channel-6994,1327012,30403846,30403864,18
channel-6994,1327013,30403848,30403864,16
channel-89321,19645,30403849,30403858,9
channel-6994,1327014,30403850,30403868,18
channel-6994,1327015,30403855,30403868,13
channel-88,467292,30403855,30403868,13
channel-6994,1327016,30403856,30403868,12
channel-19774,346310,30403859,30403867,8
channel-6994,1327017,30403864,30403873,9
channel-6994,1327018,30403871,30403881,10
channel-6994,1327019,30403877,30403886,9
channel-199,133207,30403879,30403889,10
channel-79241,954,30403879,30403892,13
channel-6994,1327020,30403880,30403891,11
channel-89321,19646,30403883,30403891,8
channel-6994,1327021,30403885,30403895,10
channel-75,845556,30403895,30403902,7
channel-1424,7374,30403898,30403910,12
channel-89321,19647,30403911,30403923,12
channel-0,4041461,30403917,30403931,14
channel-6994,1327022,30403931,30403944,13
channel-0,4041462,30403932,30403942,10
channel-0,4041463,30403933,30403949,16
channel-6994,1327023,30403935,30403966,31
channel-6994,1327024,30403939,30403949,10
channel-6994,1327025,30403941,30403979,38
channel-6994,1327026,30403942,30403953,11
channel-6994,1327027,30403953,30403965,12
channel-6994,1327028,30403953,30403965,12
channel-208,1491578,30403954,30403962,8
channel-6994,1327029,30403959,30403970,11
channel-0,4041464,30403961,30403973,12
channel-6994,1327030,30403961,30403970,9
channel-85077,61638,30403961,30403972,11
channel-85077,61639,30403983,30403993,10
channel-0,4041465,30403990,30403998,8
channel-94814,3834,30403992,30404000,8
channel-19774,346311,30403992,30403999,7
channel-0,4041466,30403993,30404000,7
channel-0,4041467,30403995,30404006,11
channel-199,133208,30403998,30404007,9
channel-208,1491579,30404014,30404025,11
channel-98451,159,30404024,30404038,14
channel-6994,1327031,30404028,30404039,11
channel-0,4041468,30404030,30404041,11
channel-0,4041469,30404039,30404062,23
channel-6994,1327032,30404042,30404049,7
channel-6994,1327033,30404042,30404049,7
channel-199,133209,30404043,30404055,12
channel-0,4041470,30404044,30404053,9
channel-6994,1327034,30404046,30404059,13
channel-326,538729,30404046,30404077,31
channel-0,4041471,30404055,30404067,12
channel-208,1491580,30404058,30404070,12
channel-6994,1327035,30404060,30404073,13
channel-6994,1327036,30404074,30404129,55
channel-0,4041472,30404090,30404101,11
channel-6787,166895,30404091,30404095,4
channel-6994,1327037,30404097,30404106,9
channel-6994,1327038,30404097,30404106,9
channel-750,686526,30404098,30404102,4
channel-6994,1327039,30404101,30404111,10
channel-6994,1327040,30404112,30404125,13
channel-38946,124477,30404113,30404134,21
channel-199,133210,30404115,30404123,8
channel-6994,1327041,30404117,30404129,12
channel-6994,1327042,30404132,30404142,10
channel-0,4041473,30404135,30404146,11
channel-6994,1327043,30404142,30404151,9
channel-6994,1327044,30404144,30404155,11
channel-782,310343,30404146,30404156,10
channel-1429,140875,30404154,30404162,8
channel-6994,1327045,30404154,30404164,10
channel-0,4041474,30404160,30404178,18
channel-208,1491581,30404161,30404172,11
channel-6994,1327046,30404162,30404175,13
channel-8945,17768,30404162,30404174,12
channel-208,1491582,30404165,30404176,11
channel-6994,1327047,30404168,30404179,11
channel-326,538730,30404171,30404192,21
channel-750,686527,30404171,30404188,17
channel-88,467293,30404173,30404186,13
channel-6994,1327048,30404177,30404190,13
channel-6994,1327049,30404183,30404194,11
channel-0,4041475,30404185,30404194,9
channel-216,94382,30404193,30404278,85
channel-0,4041476,30404198,30404226,28
channel-6994,1327050,30404198,30404209,11
channel-19774,346312,30404205,30404216,11
channel-0,4041477,30404209,30404221,12
channel-6994,1327051,30404211,30404222,11
channel-122,668636,30404213,30404216,3
channel-199,133211,30404213,30404225,12
channel-208,1491583,30404214,30404224,10
channel-208,1491584,30404216,30404224,8
channel-1,408888,30404217,30404232,15
channel-19774,346313,30404232,30404241,9
channel-0,4041478,30404232,30404241,9
channel-199,133212,30404238,30404252,14
channel-0,4041479,30404239,30404249,10
channel-0,4041480,30404241,30404264,23
channel-0,4041481,30404245,30404264,19
channel-85077,61640,30404246,30404254,8
channel-6994,1327052,30404247,30404257,10
channel-85077,61641,30404251,30404261,10
channel-6994,1327053,30404253,30404262,9
channel-0,4041482,30404254,30404264,10
channel-6994,1327054,30404257,30404282,25
channel-199,133213,30404258,30404270,12
channel-85077,61642,30404263,30404272,9
channel-6994,1327055,30404264,30404277,13
channel-199,133214,30404264,30404275,11
channel-85077,61643,30404273,30404282,9
channel-6994,1327056,30404278,30404287,9
channel-0,4041483,30404278,30404303,25
channel-199,133215,30404287,30404304,17
channel-0,4041484,30404287,30404299,12
channel-6994,1327057,30404291,30404301,10
channel-19774,346314,30404291,30404302,11
channel-6994,1327058,30404291,30404301,10
channel-0,4041485,30404293,30404303,10
channel-75,845557,30404299,30404305,6
channel-85077,61644,30404300,30404307,7
channel-6994,1327059,30404303,30404313,10
channel-199,133216,30404304,30404312,8
channel-750,686528,30404304,30404307,3
channel-6787,166896,30404307,30404311,4
channel-0,4041486,30404313,30404324,11
channel-6994,1327060,30404316,30404329,13
channel-0,4041487,30404316,30404343,27
channel-6994,1327061,30404317,30404329,12
channel-6994,1327062,30404320,30404333,13
channel-85077,61645,30404320,30404330,10
channel-750,686529,30404326,30404331,5
channel-0,4041488,30404331,30404352,21
channel-199,133217,30404332,30404342,10
channel-750,686530,30404335,30404361,26
channel-6994,1327063,30404338,30404350,12
channel-85077,61646,30404341,30404351,10
channel-89321,19648,30404344,30404353,9
channel-750,686531,30404352,30404362,10
channel-0,4041489,30404354,30404382,28
channel-6994,1327064,30404357,30404383,26
channel-326,538731,30404364,30404384,20
channel-85077,61647,30404367,30404378,11
channel-0,4041490,30404372,30404382,10
channel-199,133218,30404373,30404385,12
channel-19774,346315,30404379,30404391,12
channel-320,119338,30404380,30404393,13
channel-6994,1327065,30404387,30404406,19
channel-94814,3835,30404390,30404397,7
channel-0,4041491,30404393,30404415,22
channel-19774,346316,30404393,30404401,8
channel-1,408889,30404394,30404405,11
channel-0,4041492,30404397,30404410,13
channel-6994,1327066,30404397,30404406,9
channel-19774,346317,30404401,30404411,10
channel-208,1491585,30404401,30404412,11
channel-6994,1327067,30404403,30404415,12
channel-38946,124478,30404408,30404419,11
channel-6994,1327068,30404411,30404417,6
channel-89321,19649,30404415,30404431,16
channel-2494,32011,30404416,30404428,12
channel-326,538732,30404420,30404452,32
channel-874,293870,30404420,30404428,8
channel-0,4041493,30404423,30404433,10
channel-2,130729,30404426,30404439,13
channel-750,686532,30404428,30404432,4
channel-0,4041494,30404433,30404455,22
channel-2188,43994,30404434,30404440,6
channel-21113,25384,30404435,30404444,9
channel-326,538733,30404436,30404442,6
channel-326,538734,30404436,30404442,6
channel-326,538735,30404436,30404442,6
channel-326,538736,30404436,30404442,6
channel-326,538737,30404436,30404442,6
channel-326,538738,30404436,30404442,6
channel-326,538739,30404436,30404442,6
channel-326,538740,30404436,30404442,6
channel-522,40465,30404466,30404475,9
channel-0,4041495,30404473,30404483,10
channel-0,4041496,30404473,30404493,20
channel-8945,17769,30404474,30404483,9
channel-750,686533,30404475,30404484,9
channel-782,310344,30404478,30404485,7
channel-750,686534,30404482,30404491,9
channel-199,133219,30404482,30404491,9
channel-88,467294,30404483,30404503,20
channel-750,686535,30404488,30404502,14
channel-750,686536,30404489,30404500,11
channel-122,668637,30404494,30404498,4
channel-750,686537,30404496,30404515,19
channel-6994,1327069,30404500,30404512,12
channel-94814,3836,30404503,30404512,9
channel-88,467295,30404505,30404521,16
channel-0,4041497,30404509,30404534,25
channel-85077,61648,30404510,30404520,10
channel-91017,2987,30404510,30404523,13
channel-89321,19650,30404512,30404520,8
channel-0,4041498,30404516,30404529,13
channel-750,686538,30404519,30404523,4
channel-326,538741,30404534,30404543,9
channel-6994,1327070,30404535,30404551,16
channel-0,4041499,30404544,30404557,13
channel-75,845558,30404544,30404551,7
channel-0,4041500,30404555,30404567,12
channel-0,4041501,30404560,30404585,25
channel-750,686539,30404561,30404566,5
channel-208,1491586,30404577,30404587,10
channel-0,4041502,30404597,30404609,12
channel-6994,1327071,30404600,30407705,3105
channel-0,4041503,30404604,30404623,19
channel-6994,1327072,30404606,30404616,10
channel-199,133220,30404610,30404620,10
channel-259,314538,30404616,30404623,7
channel-0,4041504,30404627,30404638,11
channel-122,668638,30404634,30404638,4
channel-0,4041505,30404646,30404657,11
channel-94814,3837,30404657,30404668,11
channel-199,133221,30404657,30404668,11
channel-208,1491587,30404658,30404667,9
channel-199,133222,30404661,30404673,12
channel-73755,5874,30404668,30404677,9
channel-6994,1327073,30404669,30404679,10
channel-2188,43995,30404681,30404685,4
channel-38946,124479,30404682,30404703,21
channel-199,133223,30404694,30404705,11
channel-6994,1327074,30404696,30404705,9
channel-208,1491588,30404696,30404705,9
channel-143,128533,30404700,30404713,13
channel-229,55078,30404702,30404713,11
channel-2188,43996,30404705,30404709,4
channel-0,4041506,30404719,30404736,17
channel-208,1491589,30404725,30404734,9
channel-6994,1327075,30404736,30404743,7
channel-0,4041507,30404746,30404757,11
channel-5,184429,30404746,30404759,13
channel-199,133224,30404752,30404762,10
channel-6994,1327076,30404779,30404787,8
channel-6994,1327077,30404782,30404791,9
channel-38946,124480,30404793,30404802,9
channel-0,4041508,30404811,30404823,12
channel-0,4041509,30404818,30404828,10
channel-750,686540,30404823,30404828,5
channel-8945,17770,30404828,30404836,8
channel-6994,1327078,30404832,30404839,7
channel-6994,1327079,30404832,30404839,7
channel-19774,346318,30404832,30404839,7
channel-750,686541,30404834,30404839,5
channel-259,314539,30404836,30404843,7
channel-0,4041510,30404839,30404851,12
channel-259,314540,30404849,30404856,7
channel-750,686542,30404853,30404858,5
channel-6994,1327080,30404856,30404866,10
channel-6994,1327081,30404858,30404871,13
channel-6994,1327082,30404864,30404878,14
channel-89321,19651,30404867,30404878,11
channel-89321,19652,30404886,30404893,7
channel-199,133225,30404886,30404897,11
channel-199,133226,30404887,30404897,10
channel-199,133227,30404895,30404906,11
channel-6994,1327083,30404896,30404908,12
channel-184,137487,30404899,30404908,9
channel-6994,1327084,30404907,30404916,9
channel-8945,17771,30404908,30404932,24
channel-199,133228,30404924,30404933,9
channel-750,686543,30404925,30404930,5
channel-8945,17772,30404927,30404947,20
channel-750,686544,30404929,30404939,10
channel-259,314541,30404930,30404936,6
channel-0,4041511,30404932,30404943,11
channel-6994,1327085,30404933,30404944,11
channel-199,133229,30404942,30404957,15
channel-750,686545,30404947,30404952,5
channel-750,686546,30404947,30404965,18
channel-2186,40823,30404947,30404961,14
channel-8945,17773,30404950,30404960,10
channel-6994,1327086,30404950,30404958,8
channel-750,686547,30404958,30404965,7
channel-8945,17774,30404970,30404979,9
channel-6994,1327087,30404973,30404986,13
channel-750,686548,30404973,30404977,4
channel-783,104480,30404976,30404984,8
channel-874,293871,30404976,30404982,6
channel-6994,1327088,30404978,30404990,12
channel-750,686549,30404978,30404988,10
channel-0,4041512,30404979,30404989,10
channel-6994,1327089,30404984,30404995,11
channel-6994,1327090,30404986,30405010,24
channel-750,686550,30404986,30404993,7
channel-0,4041513,30404987,30405000,13
channel-8945,17775,30404994,30405001,7
channel-750,686551,30405000,30405020,20
channel-6994,1327091,30405000,30405010,10
channel-750,686552,30405000,30405020,20
channel-8945,17776,30405001,30405036,35
channel-19774,346319,30405014,30405026,12
channel-89321,19653,30405030,30405040,10
channel-6994,1327092,30405035,30405045,10
channel-208,1491590,30405035,30405049,14
channel-6994,1327093,30405035,30405045,10
channel-6994,1327094,30405037,30405049,12
channel-0,4041514,30405043,30405054,11
channel-259,314542,30405044,30405051,7
channel-8945,17777,30405050,30405059,9
channel-208,1491591,30405058,30405071,13
channel-0,4041515,30405059,30405072,13
channel-208,1491592,30405059,30405071,12
channel-0,4041516,30405064,30405070,6
channel-0,4041517,30405064,30405075,11
channel-89321,19654,30405068,30405076,8
channel-340,3220,30405070,30405077,7
channel-208,1491593,30405071,30405081,10
channel-85791,3798,30405071,30405076,5
channel-2186,40824,30405071,30405087,16
channel-143,128534,30405072,30405080,8
channel-320,119339,30405075,30405093,18
channel-874,293872,30405084,30405092,8
channel-208,1491594,30405087,30405097,10
channel-122,668639,30405090,30405093,3
channel-750,686553,30405090,30405100,10
channel-0,4041518,30405090,30405099,9
channel-6994,1327095,30405100,30405138,38
channel-2188,43997,30405104,30405109,5
channel-199,133230,30405104,30405116,12
channel-750,686554,30405104,30405110,6
channel-6994,1327096,30405107,30405119,12
channel-0,4041519,30405108,30405119,11
channel-0,4041520,30405109,30405119,10
channel-208,1491595,30405113,30405121,8
channel-6994,1327097,30405122,30405133,11
channel-208,1491596,30405125,30405136,11
channel-2494,32012,30405127,30405136,9
channel-2188,43998,30405128,30405132,4
channel-0,4041521,30405144,30405152,8
channel-6994,1327098,30405148,30405159,11
channel-75,845559,30405152,30405161,9
channel-89321,19655,30405159,30405170,11
channel-0,4041522,30405162,30405173,11
channel-750,686555,30405162,30405166,4
channel-6994,1327099,30405165,30405210,45
channel-0,4041523,30405173,30405183,10
channel-6994,1327100,30405180,30405191,11
channel-259,314543,30405182,30405190,8
channel-89321,19656,30405185,30405199,14
channel-6994,1327101,30405188,30405200,12
channel-6994,1327102,30405206,30405215,9
channel-0,4041524,30405208,30405219,11
channel-72,516543,30405212,30405248,36
channel-6994,1327103,30405224,30405237,13
channel-750,686556,30405229,30405234,5
channel-6994,1327104,30405233,30405264,31
channel-1,408890,30405236,30405245,9
channel-0,4041525,30405242,30405254,12
channel-0,4041526,30405243,30405254,11
channel-2188,43999,30405243,30405248,5
channel-0,4041527,30405249,30405262,13
channel-750,686557,30405249,30405253,4
channel-0,4041528,30405252,30405262,10
channel-208,1491597,30405255,30405264,9
channel-6897,5664,30405258,30405266,8
channel-750,686558,30405266,30405274,8
channel-0,4041529,30405266,30405275,9
channel-2188,44000,30405267,30405271,4
channel-0,4041530,30405271,30405278,7
channel-199,133231,30405273,30405306,33
channel-6994,1327105,30405285,30405331,46
channel-0,4041531,30405287,30405298,11
channel-38946,124481,30405297,30405319,22
channel-0,4041532,30405301,30405314,13
channel-6994,1327106,30405310,30405320,10
channel-38946,124482,30405314,30405334,20
channel-38946,124483,30405320,30405346,26
channel-0,4041533,30405326,30405336,10
channel-38946,124484,30405329,30405355,26
channel-874,293873,30405331,30405336,5
channel-6994,1327107,30405332,30405343,11
channel-42,1490130,30405333,30405340,7
channel-2188,44001,30405337,30405341,4
channel-6994,1327108,30405352,30405393,41
channel-38946,124485,30405357,30405369,12
channel-6994,1327109,30405360,30405371,11
channel-38946,124486,30405396,30405414,18
channel-208,1491598,30405400,30405413,13
channel-6994,1327110,30405409,30405446,37
channel-0,4041534,30405409,30405419,10
channel-38946,124487,30405411,30405428,17
channel-122,668640,30405421,30405430,9
channel-89321,19657,30405426,30405440,14
channel-38946,124488,30405426,30405448,22
channel-38946,124489,30405430,30405457,27
channel-208,1491599,30405434,30405444,10
channel-326,538742,30405446,30405453,7
channel-76971,12278,30405446,30405474,28
channel-122,668641,30405451,30405455,4
channel-750,686559,30405454,30405467,13
channel-122,668642,30405460,30405463,3
channel-38946,124490,30405462,30405474,12
channel-208,1491600,30405469,30405480,11
channel-208,1491601,30405486,30405498,12
channel-4,167124,30405490,30405503,13
channel-208,1491602,30405492,30405503,11
channel-6994,1327111,30405498,30405509,11
channel-122,668643,30405515,30405518,3
channel-2188,44002,30405526,30405530,4
channel-1,408891,30405527,30405541,14
channel-72,516544,30405534,30405572,38
channel-208,1491603,30405540,30405552,12
channel-6994,1327112,30405541,30405553,12
channel-0,4041535,30405559,30405570,11
channel-326,538743,30405563,30405569,6
channel-1279,67173,30405565,30405863,298
channel-750,686560,30405587,30405592,5
channel-113,301431,30405597,30405621,24
channel-6994,1327113,30405602,30405615,13
channel-6994,1327114,30405602,30405615,13
channel-0,4041536,30405612,30405633,21
channel-326,538744,30405614,30405621,7
channel-42,1490131,30405623,30405634,11
channel-89321,19658,30405624,30405639,15
channel-199,133232,30405634,30405644,10
channel-89321,19659,30405635,30405643,8
channel-208,1491604,30405638,30405647,9
channel-750,686561,30405646,30405651,5
channel-208,1491605,30405656,30405665,9
channel-0,4041537,30405667,30405681,14
channel-750,686562,30405672,30405683,11
channel-750,686563,30405676,30405692,16
channel-122,668644,30405678,30405682,4
channel-94814,3838,30405679,30405690,11
channel-199,133233,30405717,30405731,14
channel-522,40466,30405724,30405739,15
channel-75755,5569,30405730,30405741,11
channel-208,1491606,30405772,30405780,8
channel-326,538745,30405773,30405779,6
channel-0,4041538,30405774,30405783,9
channel-208,1491607,30405776,30405785,9
channel-199,133234,30405790,30405801,11
channel-199,133235,30405793,30405801,8
channel-199,133236,30405807,30405820,13
channel-6994,1327115,30405807,30405816,9
channel-0,4041539,30405812,30405823,11
channel-0,4041540,30405823,30405831,8
channel-6994,1327116,30405830,30405841,11
channel-6994,1327117,30405833,30405844,11
channel-0,4041541,30405840,30405851,11
channel-19774,346320,30405841,30405849,8
channel-750,686564,30405845,30405850,5
channel-0,4041542,30405846,30405856,10
channel-6994,1327118,30405855,30405863,8
channel-19774,346321,30405856,30405864,8
channel-782,310345,30405860,30405874,14
channel-6994,1327119,30405872,30405881,9
channel-89321,19660,30405872,30405891,19
channel-208,1491608,30405878,30405890,12
channel-19774,346322,30405879,30405894,15
channel-89321,19661,30405890,30405927,37
channel-782,310346,30405891,30405897,6
channel-750,686565,30405893,30405897,4
channel-6994,1327120,30405894,30405903,9
channel-75,845560,30405895,30405902,7
channel-6994,1327121,30405895,30405952,57
channel-85077,61649,30405896,30405907,11
channel-6994,1327122,30405897,30405922,25
channel-259,314544,30405899,30405905,6
channel-75016,4684,30405909,30406777,868
channel-19774,346323,30405910,30405920,10
channel-19774,346324,30405911,30405920,9
channel-85077,61650,30405917,30405927,10
channel-75,845561,30405917,30405923,6
channel-326,538746,30405925,30405930,5
channel-874,293874,30405926,30405933,7
channel-750,686566,30405934,30405939,5
channel-0,4041543,30405936,30405963,27
channel-782,310347,30405940,30405944,4
channel-0,4041544,30405941,30405963,22
channel-750,686567,30405949,30405955,6
channel-326,538747,30405950,30405964,14
channel-19774,346325,30405952,30405961,9
channel-750,686568,30405952,30405957,5
channel-75,845562,30405960,30405967,7
channel-6994,1327123,30405960,30405999,39
channel-89298,18806,30405966,30405976,10
channel-199,133237,30405967,30405978,11
channel-208,1491609,30405969,30405980,11
channel-750,686569,30405971,30405986,15
channel-2188,44003,30405973,30405978,5
channel-199,133238,30405973,30405982,9
channel-750,686570,30405977,30405982,5
channel-19774,346326,30405984,30405991,7
channel-326,538748,30405987,30405993,6
channel-89298,18807,30406000,30406009,9
channel-874,293875,30406004,30406009,5
channel-19774,346327,30406004,30406014,10
channel-208,1491610,30406006,30406015,9
channel-782,310348,30406010,30406017,7
channel-208,1491611,30406013,30406023,10
channel-6994,1327124,30406022,30406056,34
channel-6994,1327125,30406024,30406071,47
channel-750,686571,30406039,30406052,13
channel-6994,1327126,30406039,30406051,12
channel-2188,44004,30406041,30406046,5
channel-72,516545,30406044,30406100,56
channel-19774,346328,30406045,30406057,12
channel-326,538749,30406056,30406066,10
channel-750,686572,30406060,30406070,10
channel-85077,61651,30406068,30406079,11
channel-750,686573,30406071,30406076,5
channel-199,133239,30406071,30406079,8
channel-85077,61652,30406079,30406088,9
channel-6994,1327127,30406084,30406123,39
channel-85077,61653,30406087,30406098,11
channel-6994,1327128,30406090,30406101,11
channel-0,4041545,30406094,30406116,22
channel-6994,1327129,30406104,30406113,9
channel-0,4041546,30406106,30406116,10
channel-0,4041547,30406107,30406132,25
channel-94814,3839,30406110,30406123,13
channel-143,128535,30406110,30406123,13
channel-767,14404,30406114,30406123,9
channel-0,4041548,30406118,30406128,10
channel-208,1491612,30406118,30406125,7
channel-122,668645,30406119,30406123,4
channel-216,94383,30406121,30406165,44
channel-199,133240,30406121,30406128,7
channel-874,293876,30406131,30406137,6
channel-767,14405,30406132,30406140,8
channel-216,94384,30406136,30406165,29
channel-89298,18808,30406140,30406149,9
channel-72,516546,30406140,30406166,26
channel-91017,2988,30406141,30406206,65
channel-6994,1327130,30406148,30406201,53
channel-6994,1327131,30406151,30406162,11
channel-38946,124493,30406159,30406207,48
channel-204,670901,30406165,30406377,212
channel-750,686574,30406168,30406174,6
channel-326,538750,30406181,30406187,6
channel-6994,1327132,30406194,30406205,11
channel-782,310349,30406196,30406200,4
channel-6994,1327133,30406199,30406209,10
channel-6994,1327134,30406202,30406212,10
channel-208,1491613,30406217,30406227,10
channel-6994,1327135,30406220,30406261,41
channel-782,310350,30406221,30406227,6
channel-1411,1993,30406223,30406232,9
channel-750,686575,30406227,30406245,18
channel-750,686576,30406230,30406235,5
channel-750,686577,30406239,30406251,12
channel-0,4041549,30406261,30406272,11
channel-6994,1327136,30406261,30406273,12
channel-0,4041550,30406262,30406272,10
channel-874,293877,30406267,30406272,5
channel-199,133241,30406272,30406297,25
channel-6994,1327137,30406277,30406333,56
channel-208,1491614,30406293,30406304,11
channel-199,133242,30406296,30406328,32
channel-750,686578,30406300,30406305,5
channel-208,1491615,30406314,30406323,9
channel-2188,44005,30406320,30406324,4
channel-208,1491616,30406321,30406331,10
channel-122,668646,30406327,30406330,3
channel-199,133243,30406330,30406342,12
channel-208,1491617,30406340,30406350,10
channel-6994,1327138,30406351,30406388,37
channel-6994,1327139,30406352,30406370,18
channel-19774,346329,30406364,30406375,11
channel-6994,1327140,30406368,30406379,11
channel-199,133244,30406370,30406379,9
channel-750,686579,30406370,30406381,11
channel-19774,346330,30406379,30406388,9
channel-0,4041551,30406385,30406397,12
channel-0,4041552,30406391,30406402,11
channel-199,133245,30406392,30406402,10
channel-0,4041553,30406392,30406402,10
channel-208,1491618,30406394,30406407,13
channel-6994,1327141,30406405,30406416,11
channel-85077,61654,30406407,30406415,8
channel-89298,18809,30406413,30406425,12
channel-0,4041554,30406413,30406426,13
channel-6994,1327142,30406422,30406434,12
channel-750,686580,30406428,30406433,5
channel-208,1491619,30406435,30406446,11
channel-89298,18810,30406442,30406453,11
channel-750,686581,30406448,30406453,5
channel-208,1491620,30406458,30406466,8
channel-122,668647,30406465,30406484,19
channel-750,686582,30406482,30406501,19
channel-89321,19662,30406506,30406517,11
channel-1,408892,30406506,30406517,11
channel-750,686583,30406513,30406518,5
channel-216,94385,30406516,30406587,71
channel-6994,1327143,30406521,30406530,9
channel-199,133246,30406525,30406538,13
channel-122,668648,30406532,30406536,4
channel-122,668649,30406549,30406552,3
channel-6994,1327144,30406569,30406581,12
channel-0,4041555,30406569,30406581,12
channel-122,668650,30406572,30406576,4
channel-326,538751,30406577,30406582,5
channel-6994,1327145,30406578,30406591,13
channel-0,4041556,30406587,30406617,30
channel-208,1491621,30406591,30406604,13
channel-89321,19663,30406593,30406608,15
channel-122,668651,30406594,30406598,4
channel-38946,124494,30406595,30406606,11
channel-73755,5875,30406615,30406620,5
channel-750,686584,30406619,30406623,4
channel-874,293878,30406619,30406625,6
channel-750,686585,30406623,30406641,18
channel-208,1491622,30406626,30406636,10
channel-750,686586,30406628,30406633,5
channel-199,133247,30406639,30406645,6
channel-42,1490132,30406641,30406646,5
channel-0,4041557,30406641,30406650,9
channel-750,686587,30406641,30406645,4
channel-85077,61655,30406644,30406654,10
channel-750,686588,30406649,30406665,16
channel-19774,346331,30406666,30406676,10
channel-122,668652,30406696,30406700,4
channel-199,133248,30406704,30406713,9
channel-0,4041558,30406709,30406721,12
channel-208,1491623,30406729,30406738,9
channel-326,538752,30406731,30406746,15
channel-326,538753,30406736,30406746,10
channel-6994,1327146,30406740,30406774,34
channel-0,4041559,30406763,30406771,8
channel-85077,61656,30406765,30406774,9
channel-85077,61657,30406770,30406780,10
channel-2186,40825,30406770,30406799,29
channel-38946,124496,30406771,30406793,22
channel-38946,124497,30406789,30406807,18
channel-750,686589,30406799,30406803,4
channel-72,516547,30406800,30406847,47
channel-326,538754,30406801,30406807,6
channel-6994,1327147,30406804,30406843,39
channel-19774,346332,30406804,30406814,10
channel-122,668653,30406805,30406808,3
channel-750,686590,30406805,30406809,4
channel-326,538755,30406806,30406814,8
channel-85077,61658,30406807,30406814,7
channel-122,668654,30406811,30406814,3
channel-874,293879,30406815,30406820,5
channel-874,293880,30406818,30406827,9
channel-6994,1327148,30406827,30406857,30
channel-199,133249,30406827,30406836,9
channel-0,4041560,30406837,30406851,14
channel-208,1491624,30406839,30406849,10
channel-6994,1327149,30406848,30406858,10
channel-208,1491625,30406849,30406858,9
channel-874,293881,30406865,30406871,6
channel-72,516548,30406866,30406895,29
channel-6994,1327150,30406870,30406916,46
channel-85077,61659,30406876,30406885,9
channel-750,686591,30406879,30406884,5
channel-85077,61660,30406882,30406891,9
channel-208,1491626,30406893,30406900,7
channel-6994,1327151,30406894,30406901,7
channel-750,686592,30406894,30406897,3
channel-208,1491627,30406897,30406903,6
channel-85077,61661,30406900,30406910,10
channel-208,1491628,30406900,30406913,13
channel-1575,15216,30406900,30406909,9
channel-0,4041561,30406908,30406920,12
channel-0,4041562,30406913,30406944,31
channel-21113,25385,30406931,30406937,6
channel-6994,1327152,30406938,30406980,42
channel-750,686593,30406950,30406956,6
channel-750,686594,30406953,30406958,5
channel-750,686595,30406956,30406962,6
channel-874,293882,30406970,30406981,11
channel-6994,1327153,30406982,30406993,11
channel-208,1491629,30406992,30407003,11
channel-6994,1327154,30407002,30407045,43
channel-2188,44006,30407007,30407012,5
channel-259,314545,30407012,30407020,8
channel-208,1491630,30407025,30407036,11
channel-6994,1327155,30407025,30407036,11
channel-6787,166897,30407038,30407043,5
channel-89298,18811,30407039,30407050,11
channel-4,167125,30407047,30407056,9
channel-1,408893,30407062,30407074,12
channel-2494,32013,30407062,30407074,12
channel-6994,1327156,30407068,30407100,32
channel-326,538756,30407076,30407083,7
channel-199,133250,30407079,30407089,10
channel-2494,32014,30407080,30407093,13
channel-0,4041563,30407083,30407096,13
channel-782,310352,30407090,30407102,12
channel-750,686596,30407094,30407098,4
channel-208,1491631,30407098,30407110,12
channel-6994,1327157,30407100,30407109,9
channel-143,128536,30407124,30407153,29
channel-0,4041564,30407125,30407141,16
channel-259,314546,30407127,30407134,7
channel-38946,124498,30407133,30407147,14
channel-1424,7375,30407135,30407143,8
channel-216,94386,30407149,30407266,117
channel-326,538757,30407150,30407155,5
channel-750,686597,30407158,30407178,20
channel-75,845563,30407159,30407166,7
channel-750,686598,30407160,30407178,18
channel-0,4041565,30407173,30407186,13
channel-6994,1327158,30407177,30407191,14
channel-199,133251,30407186,30407196,10
channel-6994,1327159,30407193,30407203,10
channel-89298,18812,30407196,30407206,10
channel-208,1491632,30407198,30407208,10
channel-0,4041566,30407199,30407213,14
channel-0,4041567,30407202,30407213,11
channel-251,85325,30407202,30407212,10
channel-208,1491633,30407205,30407217,12
channel-208,1491634,30407217,30407226,9
channel-216,94387,30407225,30407555,330
channel-199,133252,30407244,30407250,6
channel-750,686599,30407248,30407263,15
channel-0,4041568,30407248,30407258,10
channel-85077,61662,30407253,30407264,11
channel-326,538758,30407255,30407260,5
channel-0,4041569,30407266,30407277,11
channel-0,4041570,30407266,30407277,11
channel-199,133253,30407278,30407288,10
channel-750,686600,30407284,30407305,21
channel-0,4041571,30407285,30407298,13
channel-72,516549,30407285,30407336,51
channel-122,668655,30407301,30407304,3
channel-122,668656,30407304,30407308,4
channel-85077,61663,30407306,30407316,10
channel-1429,140876,30407307,30407319,12
channel-6994,1327160,30407327,30407338,11
channel-6994,1327161,30407328,30407338,10
channel-88,467296,30407336,30407349,13
channel-874,293883,30407340,30407348,8
channel-0,4041572,30407355,30407368,13
channel-208,1491635,30407363,30407374,11
channel-750,686601,30407370,30407378,8
channel-6994,1327162,30407372,30407381,9
channel-0,4041573,30407382,30407397,15
channel-91017,2989,30407383,30407440,57
channel-750,686602,30407384,30407398,14
channel-122,668657,30407391,30407395,4
channel-750,686603,30407394,30407399,5
channel-6994,1327163,30407404,30407417,13
channel-0,4041574,30407408,30407418,10
channel-2494,32015,30407414,30407423,9
channel-75,845564,30407416,30407421,5
channel-782,310353,30407417,30407423,6
channel-750,686604,30407426,30407433,7
channel-38946,124499,30407431,30407440,9
channel-6994,1327164,30407445,30407458,13
channel-2188,44007,30407468,30407473,5
channel-204,670902,30407477,30407486,9
channel-750,686605,30407487,30407498,11
channel-92956,261,30407488,30407499,11
channel-199,133254,30407500,30407510,10
channel-782,310354,30407513,30407520,7
channel-750,686606,30407513,30407527,14
channel-1575,15217,30407514,30407521,7
channel-750,686607,30407527,30407535,8
channel-98451,160,30407532,30407547,15
channel-6994,1327165,30407537,30407546,9
channel-6994,1327166,30407540,30407552,12
channel-88,467297,30407548,30407661,113
channel-19774,346333,30407552,30407560,8
channel-229,55079,30407554,30407564,10
channel-326,538759,30407555,30407560,5
channel-72,516550,30407565,30407597,32
channel-750,686608,30407577,30407581,4
channel-92956,262,30407586,30407594,8
channel-85077,61664,30407595,30407605,10
channel-6994,1327167,30407598,30407608,10
channel-0,4041575,30407601,30407615,14
channel-73755,5876,30407603,30407612,9
channel-85077,61665,30407604,30407613,9
channel-199,133255,30407612,30407622,10
channel-412,64729,30407616,30407624,8
channel-122,668658,30407619,30407623,4
channel-0,4041576,30407622,30407634,12
channel-208,1491636,30407644,30407653,9
channel-122,668659,30407646,30407650,4
channel-750,686609,30407652,30407663,11
channel-165,71500,30407668,30407692,24
channel-0,4041577,30407671,30407681,10
channel-143,128537,30407672,30407681,9
channel-199,133256,30407681,30407692,11
channel-0,4041578,30407688,30407700,12
channel-2188,44008,30407707,30407712,5
channel-122,668660,30407707,30407710,3
channel-5,184430,30407714,30407725,11
channel-75755,5570,30407717,30407729,12
channel-0,4041579,30407723,30407731,8
channel-6994,1327168,30407730,30407738,8
channel-0,4041580,30407733,30407744,11
channel-750,686610,30407740,30407746,6
channel-75755,5571,30407749,30407757,8
channel-326,538760,30407752,30407757,5
channel-143,128538,30407763,30407772,9
channel-750,686611,30407765,30407778,13
channel-0,4041581,30407767,30407777,10
channel-1,408894,30407774,30407792,18
channel-0,4041582,30407782,30407795,13
channel-75755,5572,30407782,30407793,11
channel-750,686612,30407785,30407795,10
channel-750,686613,30407789,30407809,20
channel-75016,4685,30407815,30407840,25
channel-75755,5573,30407819,30407830,11
channel-199,133257,30407821,30407832,11
channel-0,4041583,30407822,30407833,11
channel-6994,1327169,30407822,30407832,10
channel-199,133258,30407825,30407836,11
channel-0,4041584,30407836,30407847,11
channel-1575,15218,30407838,30407849,11
channel-326,538761,30407843,30407851,8
channel-89321,19664,30407846,30407855,9
channel-6994,1327170,30407846,30407854,8
channel-0,4041585,30407850,30407874,24
channel-6994,1327171,30407851,30407871,20
channel-750,686614,30407854,30407864,10
channel-75755,5574,30407854,30407865,11
channel-1,408895,30407856,30407872,16
channel-0,4041586,30407857,30407870,13
channel-199,133259,30407858,30407866,8
channel-199,133260,30407880,30407889,9
channel-75755,5575,30407881,30407892,11
channel-259,314547,30407882,30407888,6
channel-0,4041587,30407888,30407897,9
channel-1424,7376,30407892,30407905,13
channel-38946,124500,30407894,30407911,17
channel-750,686615,30407906,30407913,7
channel-208,1491637,30407922,30407934,12
channel-6994,1327172,30407934,30407956,22
channel-6994,1327173,30407938,30407946,8
channel-85077,61666,30407950,30407960,10
channel-88,467298,30407953,30407976,23
channel-85077,61667,30407966,30407977,11
channel-85077,61668,30407967,30407980,13
channel-88,467299,30407970,30407983,13
channel-85077,61669,30407978,30407989,11
channel-750,686616,30407991,30408012,21
channel-85077,61670,30407997,30408017,20
channel-1575,15219,30408006,30408014,8
channel-85077,61671,30408009,30408017,8
channel-85077,61672,30408012,30408020,8
channel-6994,1327174,30408019,30408028,9
channel-1,408896,30408024,30408035,11
channel-208,1491638,30408033,30408044,11
channel-6994,1327175,30408034,30408048,14
channel-6787,166898,30408037,30408041,4
channel-0,4041588,30408046,30408055,9
channel-750,686617,30408048,30408061,13
channel-750,686618,30408051,30408057,6
channel-326,538762,30408056,30408062,6
channel-0,4041589,30408071,30408083,12
channel-208,1491639,30408078,30408091,13
channel-326,538763,30408083,30408090,7
channel-42,1490133,30408084,30408094,10
channel-92956,263,30408088,30408099,11
channel-115,20453,30408090,30408101,11
channel-199,133261,30408094,30408119,25
channel-19774,346334,30408094,30408107,13
channel-208,1491640,30408099,30408109,10
channel-1279,67174,30408104,30408114,10
channel-6994,1327176,30408114,30408126,12
channel-208,1491641,30408122,30408136,14
channel-0,4041590,30408132,30408139,7
channel-42,1490134,30408136,30408139,3
channel-199,133262,30408139,30408149,10
channel-874,293884,30408144,30408150,6
channel-6994,1327177,30408147,30408157,10
channel-208,1491642,30408160,30408170,10
channel-750,686619,30408163,30408170,7
channel-42,1490135,30408169,30408177,8
channel-208,1491643,30408173,30408184,11
channel-42,1490136,30408182,30408189,7
channel-75,845565,30408184,30408191,7
channel-199,133263,30408188,30408204,16
channel-326,538764,30408199,30408206,7
channel-42,1490137,30408201,30408210,9
channel-208,1491644,30408202,30408211,9
channel-750,686620,30408204,30408208,4
channel-199,133264,30408212,30408222,10
channel-199,133265,30408213,30408222,9
channel-165,71501,30408231,30408242,11
channel-75,845566,30408235,30408243,8
channel-199,133266,30408253,30408264,11
channel-208,1491645,30408255,30408268,13
channel-326,538765,30408257,30408265,8
channel-326,538766,30408257,30408265,8
channel-42,1490138,30408264,30408273,9
channel-199,133267,30408271,30408283,12
channel-0,4041591,30408271,30408283,12
channel-199,133268,30408274,30408286,12
channel-42,1490139,30408278,30408287,9
channel-42,1490140,30408286,30408300,14
channel-85077,61673,30408295,30408305,10
channel-6787,166899,30408299,30408303,4
channel-199,133269,30408300,30408308,8
channel-208,1491646,30408307,30408319,12
channel-0,4041592,30408310,30408320,10
channel-750,686621,30408320,30408338,18
channel-208,1491647,30408322,30408332,10
channel-0,4041593,30408328,30408339,11
channel-42,1490141,30408334,30408340,6
channel-42,1490142,30408340,30408351,11
channel-208,1491648,30408341,30408352,11
channel-85077,61674,30408341,30408353,12
channel-0,4041594,30408352,30408366,14
channel-188,190609,30408357,30408370,13
channel-2188,44009,30408363,30408368,5
channel-199,133270,30408366,30408374,8
channel-340,3221,30408373,30408383,10
channel-146,20040,30408376,30408413,37
channel-326,538767,30408377,30408402,25
channel-0,4041595,30408378,30408388,10
channel-89321,19665,30408383,30408395,12
channel-750,686622,30408385,30408397,12
channel-6787,166900,30408386,30408391,5
channel-326,538768,30408398,30408403,5
channel-340,3222,30408398,30408406,8
channel-6994,1327178,30408404,30408415,11
channel-184,137488,30408407,30408416,9
channel-42,1490143,30408414,30408426,12
channel-208,1491649,30408418,30408429,11
channel-0,4041596,30408421,30408431,10
channel-42,1490144,30408429,30408439,10
channel-199,133271,30408429,30408441,12
channel-1,408897,30408431,30408445,14
channel-874,293885,30408434,30408442,8
channel-184,137489,30408436,30408448,12
channel-208,1491650,30408438,30408449,11
channel-642,126586,30408442,30408455,13
channel-208,1491651,30408444,30408453,9
channel-19774,346335,30408445,30408454,9
channel-750,686623,30408448,30408454,6
channel-6994,1327179,30408454,30408459,5
channel-208,1491652,30408454,30408459,5
channel-208,1491653,30408457,30408469,12
channel-874,293886,30408458,30408467,9
channel-184,137490,30408458,30408472,14
channel-199,133272,30408461,30408473,12
channel-85077,61675,30408462,30408475,13
channel-85077,61676,30408468,30408480,12
channel-184,137491,30408471,30408480,9
channel-6994,1327180,30408473,30408481,8
channel-208,1491654,30408474,30408485,11
channel-874,293887,30408478,30408485,7
channel-199,133273,30408478,30408503,25
channel-874,293888,30408478,30408485,7
channel-208,1491655,30408478,30408490,12
channel-1,408898,30408479,30408494,15
channel-6994,1327181,30408480,30408490,10
channel-42,1490145,30408481,30408489,8
channel-1424,7377,30408482,30408494,12
channel-208,1491656,30408485,30408494,9
channel-874,293889,30408485,30408491,6
channel-85077,61677,30408486,30408504,18
channel-208,1491657,30408486,30408498,12
channel-0,4041597,30408487,30408514,27
channel-1,408899,30408488,30408502,14
channel-2188,44010,30408490,30408495,5
channel-91017,2990,30408490,30408505,15
channel-85077,61678,30408491,30408512,21
channel-91017,2991,30408491,30408512,21
channel-6994,1327182,30408494,30408542,48
channel-42,1490146,30408495,30408502,7
channel-874,293890,30408496,30408503,7
channel-750,686624,30408498,30408503,5
channel-199,133274,30408500,30408513,13
channel-75016,4686,30408502,30408632,130
channel-199,133275,30408504,30408563,59
channel-208,1491658,30408509,30408522,13
channel-85077,61679,30408511,30408521,10
channel-75,845567,30408511,30408517,6
channel-143,128539,30408513,30408538,25
channel-42,1490147,30408514,30408520,6
channel-208,1491659,30408516,30408527,11
channel-874,293891,30408521,30408527,6
channel-208,1491660,30408532,30408539,7
channel-91017,2992,30408535,30408545,10
channel-750,686625,30408536,30408545,9
channel-184,137492,30408538,30408545,7
channel-232,49241,30408538,30408548,10
channel-89321,19666,30408540,30408545,5
channel-19774,346336,30408540,30408553,13
channel-874,293892,30408542,30408548,6
channel-208,1491661,30408548,30408560,12
channel-199,133276,30408550,30408563,13
channel-874,293893,30408555,30408560,5
channel-208,1491662,30408558,30408570,12
channel-85077,61680,30408560,30408570,10
channel-184,137493,30408563,30408572,9
channel-208,1491663,30408563,30408575,12
channel-2494,32016,30408565,30408577,12
channel-208,1491664,30408568,30408583,15
channel-85077,61681,30408583,30408592,9
channel-6994,1327183,30408585,30408635,50
channel-85077,61682,30408585,30408597,12
channel-6994,1327184,30408586,30408596,10
channel-1424,7378,30408595,30408604,9
channel-750,686626,30408596,30408605,9
channel-95,331611,30408597,30408618,21
channel-750,686627,30408602,30408621,19
channel-6994,1327185,30408606,30408623,17
channel-6994,1327186,30408607,30408635,28
channel-91017,2993,30408607,30408616,9
channel-208,1491665,30408608,30408621,13
channel-85077,61683,30408612,30408624,12
channel-122,668661,30408615,30408620,5
channel-6994,1327187,30408625,30408635,10
channel-199,133277,30408640,30408651,11
channel-1,408900,30408640,30408651,11
channel-208,1491666,30408640,30408651,11
channel-75016,4687,30408641,30408708,67
channel-6994,1327188,30408643,30408691,48
channel-42,1490148,30408645,30408656,11
channel-1,408901,30408648,30408660,12
channel-91017,2994,30408654,30408665,11
channel-143,128540,30408656,30408688,32
channel-122,668662,30408663,30408666,3
channel-42,1490149,30408666,30408672,6
channel-199,133278,30408668,30408678,10
channel-199,133279,30408668,30408678,10
channel-208,1491667,30408670,30408683,13
channel-42,1490150,30408672,30408686,14
channel-750,686628,30408673,30408683,10
channel-208,1491668,30408675,30408683,8
channel-216,94393,30408677,30408821,144
channel-0,4041598,30408686,30408695,9
channel-85791,3799,30408686,30408691,5
channel-6994,1327189,30408691,30408700,9
channel-199,133280,30408691,30408702,11
channel-0,4041599,30408696,30408705,9
channel-2188,44011,30408698,30408703,5
channel-42,1490151,30408699,30408706,7
channel-750,686629,30408702,30408719,17
channel-19774,346337,30408716,30408724,8
channel-208,1491669,30408716,30408729,13
channel-85077,61684,30408720,30408730,10
channel-199,133281,30408724,30408737,13
channel-2188,44012,30408728,30408733,5
channel-0,4041600,30408737,30408747,10
channel-94814,3840,30408737,30408748,11
channel-143,128541,30408742,30408772,30
channel-85077,61685,30408742,30408754,12
channel-1424,7379,30408742,30408751,9
channel-750,686630,30408751,30408775,24
channel-216,94394,30408752,30408969,217
channel-19774,346338,30408753,30408764,11
channel-6994,1327190,30408753,30408763,10
channel-6994,1327191,30408758,30408771,13
channel-2188,44013,30408761,30408765,4
channel-232,49242,30408763,30408775,12
channel-750,686631,30408775,30408787,12
channel-750,686632,30408777,30408785,8
channel-208,1491670,30408780,30408789,9
channel-0,4041601,30408780,30408792,12
channel-75,845568,30408784,30408791,7
channel-642,126587,30408794,30408806,12
channel-750,686633,30408796,30408801,5
channel-91017,2995,30408800,30408810,10
channel-874,293894,30408812,30408820,8
channel-208,1491671,30408813,30408827,14
channel-208,1491672,30408813,30408827,14
channel-750,686634,30408816,30408841,25
channel-85077,61686,30408819,30408829,10
channel-208,1491673,30408821,30408830,9
channel-42,1490152,30408827,30408834,7
channel-143,128542,30408827,30408835,8
channel-1,408902,30408827,30408844,17
channel-874,293895,30408827,30408833,6
channel-750,686635,30408828,30408842,14
channel-208,1491674,30408829,30408836,7
channel-1,408903,30408832,30408853,21
channel-874,293896,30408832,30408838,6
channel-259,314548,30408832,30408836,4
channel-85077,61687,30408833,30408851,18
channel-208,1491675,30408833,30408845,12
channel-88,467300,30408833,30408860,27
channel-19774,346339,30408834,30408842,8
channel-208,1491676,30408834,30408845,11
channel-85077,61688,30408834,30408845,11
channel-6994,1327192,30408835,30408844,9
channel-91017,2996,30408837,30408847,10
channel-85077,61689,30408838,30408848,10
channel-204,670903,30408838,30408846,8
channel-2188,44014,30408840,30408845,5
channel-874,293897,30408840,30408846,6
channel-251,85326,30408841,30408851,10
channel-326,538769,30408841,30408847,6
channel-75,845569,30408844,30408851,7
channel-6787,166901,30408847,30408853,6
channel-208,1491677,30408851,30408864,13
channel-1424,7380,30408851,30408864,13
channel-874,293898,30408854,30408861,7
channel-6994,1327193,30408854,30408866,12
channel-208,1491678,30408858,30408868,10
channel-208,1491679,30408860,30408874,14
channel-750,686636,30408862,30408872,10
channel-259,314549,30408864,30408874,10
channel-0,4041602,30408864,30408876,12
channel-750,686637,30408867,30408886,19
channel-143,128543,30408873,30408896,23
channel-19774,346340,30408877,30408887,10
channel-251,85327,30408877,30408886,9
channel-91017,2997,30408880,30408886,6
channel-6994,1327194,30408881,30408905,24
channel-642,126588,30408883,30408891,8
channel-750,686638,30408884,30408886,2
channel-874,293899,30408885,30408893,8
channel-199,133282,30408886,30408894,8
channel-4,167126,30408886,30408895,9
channel-85077,61690,30408886,30408894,8
channel-0,4041603,30408886,30408911,25
channel-208,1491680,30408886,30408895,9
channel-750,686639,30408891,30408920,29
channel-208,1491681,30408892,30408905,13
channel-208,1491682,30408892,30408905,13
channel-85077,61691,30408892,30408909,17
channel-91017,2998,30408892,30408904,12
channel-208,1491683,30408892,30408905,13
channel-750,686640,30408892,30408897,5
channel-2188,44015,30408895,30408899,4
channel-874,293900,30408896,30408902,6
channel-208,1491684,30408896,30408905,9
channel-208,1491685,30408897,30408909,12
channel-73755,5877,30408898,30408907,9
channel-85077,61692,30408900,30408911,11
channel-208,1491686,30408901,30408909,8
channel-98451,161,30408902,30408916,14
channel-6994,1327195,30408903,30408915,12
channel-85077,61693,30408904,30408915,11
channel-208,1491687,30408904,30408915,11
channel-750,686641,30408907,30408918,11
channel-216,94395,30408910,30408969,59
channel-199,133283,30408917,30408927,10
channel-122,668663,30408917,30408921,4
channel-85077,61694,30408919,30408930,11
channel-326,538770,30408921,30408928,7
channel-750,686642,30408923,30408928,5
channel-0,4041604,30408924,30408933,9
channel-208,1491688,30408926,30408938,12
channel-91017,2999,30408928,30408939,11
channel-85077,61695,30408928,30408938,10
channel-199,133284,30408929,30408940,11
channel-6994,1327196,30408929,30408940,11
channel-1575,15220,30408930,30408940,10
channel-1,408904,30408932,30408953,21
channel-874,293901,30408932,30408938,6
channel-208,1491689,30408934,30408947,13
channel-208,1491690,30408934,30408947,13
channel-199,133285,30408940,30408966,26
channel-874,293902,30408940,30408948,8
channel-208,1491691,30408940,30408952,12
channel-874,293903,30408941,30408948,7
channel-874,293904,30408941,30408948,7
channel-208,1491692,30408943,30408956,13
channel-208,1491693,30408944,30408956,12
channel-75,845570,30408944,30408952,8
channel-85077,61696,30408944,30408956,12
channel-750,686643,30408945,30408952,7
channel-4,167127,30408946,30408956,10
channel-251,85328,30408946,30408956,10
channel-2188,44016,30408951,30408956,5
channel-750,686644,30408952,30408986,34
channel-85077,61697,30408953,30408963,10
channel-642,126589,30408953,30408966,13
channel-208,1491694,30408953,30408966,13
channel-750,686645,30408955,30408964,9
channel-208,1491695,30408956,30408966,10
channel-750,686646,30408956,30408972,16
channel-750,686647,30408956,30408962,6
channel-75016,4688,30408958,30409211,253
channel-326,538771,30408958,30408971,13
channel-874,293905,30408964,30408972,8
channel-75,845571,30408967,30408975,8
channel-208,1491696,30408967,30408975,8
channel-91017,3000,30408972,30408982,10
channel-326,538772,30408972,30408975,3
channel-208,1491697,30408973,30408979,6
channel-122,668664,30408977,30408980,3
channel-750,686648,30408983,30409002,19
channel-91017,3001,30408984,30408996,12
channel-208,1491698,30408987,30408996,9
channel-259,314550,30408989,30408996,7
channel-0,4041605,30408990,30409015,25
channel-85077,61698,30408993,30409002,9
channel-19774,346341,30408995,30409008,13
channel-750,686649,30408999,30409005,6
channel-6994,1327197,30409002,30409013,11
channel-0,4041606,30409005,30409015,10
channel-0,4041607,30409007,30409015,8
channel-750,686650,30409017,30409042,25
channel-208,1491699,30409021,30409033,12
channel-750,686651,30409024,30409037,13
channel-750,686652,30409024,30409029,5
channel-199,133286,30409028,30409037,9
channel-89321,19667,30409029,30409076,47
channel-165,71502,30409030,30409038,8
channel-750,686653,30409032,30409037,5
channel-750,686654,30409038,30409049,11
channel-0,4041608,30409042,30409054,12
channel-326,538773,30409046,30409055,9
channel-2494,32017,30409047,30409058,11
channel-750,686655,30409049,30409063,14
channel-0,4041609,30409051,30409059,8
channel-0,4041610,30409054,30409063,9
channel-750,686656,30409057,30409064,7
channel-750,686657,30409059,30409063,4
channel-326,538774,30409063,30409069,6
channel-89321,19668,30409065,30409111,46
channel-750,686658,30409066,30409076,10
channel-750,686659,30409066,30409070,4
channel-208,1491700,30409069,30409081,12
channel-165,71503,30409069,30409078,9
channel-75,845572,30409072,30409079,7
channel-122,668665,30409073,30409077,4
channel-750,686660,30409073,30409088,15
channel-326,538775,30409076,30409081,5
channel-6994,1327198,30409076,30409086,10
channel-750,686661,30409084,30409110,26
channel-6994,1327199,30409093,30409117,24
channel-750,686662,30409093,30409097,4
channel-0,4041611,30409094,30409105,11
channel-208,1491701,30409096,30409109,13
channel-0,4041612,30409096,30409109,13
channel-750,686663,30409097,30409102,5
channel-0,4041613,30409117,30409130,13
channel-0,4041614,30409120,30409150,30
channel-208,1491702,30409120,30409130,10
channel-85077,61699,30409120,30409131,11
channel-208,1491703,30409121,30409130,9
channel-750,686664,30409121,30409125,4
channel-750,686665,30409124,30409130,6
channel-6994,1327200,30409125,30409148,23
channel-2188,44017,30409131,30409135,4
channel-750,686666,30409133,30409139,6
channel-0,4041615,30409134,30409144,10
channel-0,4041616,30409136,30409150,14
channel-750,686667,30409140,30409144,4
channel-19774,346342,30409140,30409148,8
channel-0,4041617,30409143,30409156,13
channel-750,686668,30409144,30409168,24
channel-750,686669,30409145,30409154,9
channel-85077,61700,30409147,30409155,8
channel-750,686670,30409148,30409154,6
channel-199,133287,30409156,30409167,11
channel-1,408905,30409158,30409173,15
channel-6994,1327201,30409161,30409184,23
channel-6994,1327202,30409163,30409175,12
channel-0,4041618,30409167,30409175,8
channel-0,4041619,30409167,30409175,8
channel-199,133288,30409183,30409194,11
channel-750,686671,30409184,30409189,5
channel-6994,1327203,30409185,30409195,10
channel-73755,5878,30409191,30409199,8
channel-326,538776,30409194,30409210,16
channel-208,1491704,30409201,30409210,9
channel-874,293906,30409201,30409206,5
channel-0,4041620,30409206,30409217,11
channel-85077,61701,30409208,30409220,12
channel-0,4041621,30409214,30409236,22
channel-208,1491705,30409220,30409233,13
channel-6994,1327204,30409221,30409231,10
channel-0,4041622,30409223,30409233,10
channel-0,4041623,30409224,30409236,12
channel-75755,5576,30409225,30409235,10
channel-0,4041624,30409225,30409236,11
channel-199,133289,30409227,30409238,11
channel-750,686672,30409230,30409242,12
channel-6994,1327205,30409233,30409245,12
channel-750,686673,30409238,30409254,16
channel-750,686674,30409241,30409251,10
channel-750,686675,30409244,30409255,11
channel-750,686676,30409244,30409255,11
channel-750,686677,30409244,30409254,10
channel-750,686678,30409245,30409258,13
channel-1429,140877,30409247,30409255,8
channel-42,1490153,30409248,30409253,5
channel-326,538777,30409251,30409273,22
channel-1,408906,30409251,30409267,16
channel-259,314551,30409252,30409259,7
channel-750,686679,30409252,30409263,11
channel-750,686680,30409255,30409270,15
channel-85077,61702,30409258,30409268,10
channel-0,4041625,30409261,30409272,11
channel-750,686681,30409263,30409275,12
channel-208,1491706,30409265,30409275,10
channel-750,686682,30409269,30409282,13
channel-0,4041626,30409270,30409281,11
channel-0,4041627,30409274,30409302,28
channel-750,686683,30409275,30409285,10
channel-0,4041628,30409275,30409286,11
channel-750,686684,30409276,30409281,5
channel-6994,1327206,30409277,30409289,12
channel-2494,32018,30409283,30409295,12
channel-750,686685,30409283,30409288,5
channel-2494,32019,30409283,30409295,12
channel-326,538778,30409285,30409298,13
channel-6994,1327207,30409285,30409309,24
channel-750,686686,30409288,30409294,6
channel-767,14406,30409294,30409306,12
channel-750,686687,30409294,30409314,20
channel-0,4041629,30409302,30409311,9
channel-750,686688,30409306,30409311,5
channel-750,686689,30409313,30409322,9
channel-326,538779,30409320,30409324,4
channel-6994,1327208,30409326,30409336,10
channel-89298,18813,30409334,30409342,8
channel-199,133290,30409335,30409351,16
channel-750,686690,30409343,30409368,25
channel-326,538781,30409357,30409417,60
channel-326,538782,30409357,30409448,91
channel-6994,1327209,30409364,30409374,10
channel-208,1491707,30409369,30409381,12
channel-79703,4473,30409377,30409393,16
channel-0,4041630,30409379,30409389,10
channel-326,538787,30409380,30409386,6
channel-750,686691,30409381,30409397,16
channel-199,133291,30409383,30409395,12
channel-750,686692,30409385,30409390,5
channel-19774,346343,30409388,30409401,13
channel-326,538788,30409399,30409408,9
channel-0,4041631,30409410,30409440,30
channel-750,686693,30409420,30409449,29
channel-122,668666,30409439,30409442,3
channel-6994,1327210,30409441,30409453,12
channel-73755,5879,30409449,30409458,9
channel-6994,1327211,30409456,30409466,10
channel-326,538789,30409458,30409463,5
channel-208,1491708,30409461,30409471,10
channel-750,686694,30409461,30409471,10
channel-326,538790,30409461,30409467,6
channel-6994,1327212,30409465,30409491,26
channel-326,538791,30409478,30409494,16
channel-0,4041632,30409488,30409512,24
channel-0,4041633,30409493,30409516,23
channel-6994,1327213,30409494,30409507,13
channel-1,408907,30409496,30409506,10
channel-75,845573,30409497,30409516,19
channel-75,845574,30409498,30409507,9
channel-6994,1327214,30409499,30409528,29
channel-6994,1327215,30409503,30409528,25
channel-0,4041634,30409507,30409516,9
channel-750,686695,30409507,30409524,17
channel-184,137494,30409519,30409541,22
channel-783,104481,30409532,30409539,7
channel-208,1491709,30409534,30409543,9
channel-0,4041635,30409534,30409543,9
channel-208,1491710,30409535,30409543,8
channel-6994,1327216,30409542,30409566,24
channel-0,4041636,30409550,30409583,33
channel-326,538792,30409552,30409558,6
channel-750,686696,30409555,30409561,6
channel-0,4041637,30409565,30409587,22
channel-208,1491711,30409567,30409576,9
channel-199,133292,30409570,30409581,11
channel-0,4041638,30409572,30409583,11
channel-6994,1327217,30409574,30409581,7
channel-0,4041639,30409576,30409587,11
channel-6994,1327218,30409584,30409609,25
channel-0,4041640,30409586,30409598,12
channel-6994,1327219,30409587,30409596,9
channel-326,538793,30409593,30409600,7
channel-75,845575,30409594,30409600,6
channel-216,94397,30409596,30409668,72
channel-22172,2624,30409596,30409603,7
channel-0,4041641,30409599,30409610,11
channel-19774,346344,30409600,30409609,9
channel-42,1490154,30409600,30409610,10
channel-0,4041642,30409605,30409621,16
channel-0,4041643,30409605,30409621,16
channel-94814,3841,30409608,30409620,12
channel-208,1491712,30409610,30409620,10
channel-0,4041644,30409613,30409625,12
channel-75,845576,30409615,30409621,6
channel-1,408908,30409624,30409634,10
channel-94814,3842,30409624,30409637,13
channel-0,4041645,30409624,30409636,12
channel-113,301432,30409629,30409676,47
channel-6994,1327220,30409633,30409662,29
channel-6994,1327221,30409644,30409655,11
channel-19774,346345,30409651,30409659,8
channel-0,4041646,30409654,30409674,20
channel-208,1491713,30409654,30409665,11
channel-750,686697,30409655,30409670,15
channel-75,845577,30409658,30409666,8
channel-208,1491714,30409659,30409668,9
channel-73,51350,30409660,30409671,11
channel-0,4041647,30409661,30409668,7
channel-750,686698,30409662,30409673,11
channel-85077,61703,30409668,30409679,11
channel-73,51351,30409668,30409680,12
channel-6994,1327222,30409671,30409681,10
channel-1,408909,30409674,30409687,13
channel-91017,3002,30409675,30409687,12
channel-122,668667,30409681,30409689,8
channel-73,51352,30409681,30409693,12
channel-0,4041648,30409688,30409711,23
channel-73,51353,30409693,30409702,9
channel-1,408910,30409693,30409703,10
channel-0,4041649,30409696,30409707,11
channel-199,133293,30409703,30409711,8
channel-874,293907,30409703,30409708,5
channel-4,167128,30409705,30409717,12
channel-19774,346346,30409708,30409722,14
channel-783,104482,30409708,30409717,9
channel-2,130730,30409709,30409722,13
channel-326,538794,30409709,30409715,6
channel-0,4041650,30409710,30409721,11
channel-73,51354,30409714,30409724,10
channel-19774,346347,30409715,30409728,13
channel-75,845578,30409715,30409723,8
channel-85077,61704,30409718,30409727,9
channel-6994,1327223,30409722,30409733,11
channel-19774,346348,30409722,30409732,10
channel-6994,1327224,30409723,30409733,10
channel-0,4041651,30409724,30409736,12
channel-122,668668,30409730,30409738,8
channel-750,686699,30409731,30409736,5
channel-4,167129,30409736,30409750,14
channel-73,51355,30409739,30409752,13
channel-85077,61705,30409740,30409751,11
channel-0,4041652,30409744,30409767,23
channel-181,13602,30409748,30409756,8
channel-73,51356,30409750,30409758,8
channel-73,51357,30409751,30409762,11
channel-326,538795,30409752,30409776,24
channel-199,133294,30409753,30409763,10
channel-6994,1327225,30409760,30409798,38
channel-73,51358,30409761,30409777,16
channel-326,538796,30409761,30409994,233
channel-326,538797,30409761,30409799,38
channel-326,538798,30409761,30409994,233
channel-326,538799,30409761,30409981,220
channel-326,538800,30409761,30409994,233
channel-326,538801,30409761,30409994,233
channel-326,538802,30409761,30409994,233
channel-98451,162,30409768,30409778,10
channel-208,1491715,30409771,30409783,12
channel-73,51359,30409773,30409785,12
channel-750,686700,30409774,30409785,11
channel-0,4041653,30409780,30409791,11
channel-199,133295,30409781,30409792,11
channel-0,4041654,30409783,30409809,26
channel-6994,1327226,30409788,30409798,10
channel-73,51360,30409801,30409810,9
channel-73,51361,30409803,30409815,12
channel-6994,1327227,30409819,30409840,21
channel-73,51362,30409821,30409829,8
channel-72,516551,30409825,30409868,43
channel-92956,264,30409828,30409840,12
channel-6994,1327229,30409828,30409838,10
channel-0,4041655,30409832,30409840,8
channel-6994,1327230,30409832,30409857,25
channel-73,51363,30409835,30409840,5
channel-750,686701,30409835,30409841,6
channel-0,4041656,30409835,30409842,7
channel-208,1491716,30409838,30409844,6
channel-73,51364,30409838,30409844,6
channel-19774,346349,30409854,30409864,10
channel-208,1491717,30409854,30409863,9
channel-73,51365,30409855,30409870,15
channel-72,516552,30409859,30409909,50
channel-6994,1327231,30409864,30409875,11
channel-6994,1327232,30409867,30409880,13
channel-73,51366,30409869,30409880,11
channel-122,668669,30409872,30409878,6
channel-1429,140878,30409872,30409904,32
channel-72,516553,30409874,30409909,35
channel-0,4041657,30409875,30409901,26
channel-750,686702,30409878,30409882,4
channel-88,467301,30409878,30409902,24
channel-6787,166902,30409880,30409885,5
channel-750,686703,30409882,30409887,5
channel-1429,140879,30409884,30409895,11
channel-73,51367,30409885,30409894,9
channel-1429,140880,30409886,30409895,9
channel-122,668670,30409892,30409896,4
channel-94814,3843,30409900,30409909,9
channel-73,51368,30409901,30409921,20
channel-143,128544,30409909,30409938,29
channel-1429,140881,30409911,30409923,12
channel-782,310355,30409914,30409922,8
channel-73,51369,30409917,30409929,12
channel-326,538803,30409917,30409923,6
channel-750,686704,30409919,30409923,4
channel-6994,1327234,30409921,30409927,6
channel-750,686705,30409921,30409926,5
channel-92956,265,30409926,30409939,13
channel-6994,1327235,30409926,30409935,9
channel-259,314552,30409926,30409933,7
channel-0,4041658,30409927,30409939,12
channel-874,293908,30409927,30409933,6
channel-208,1491718,30409927,30409941,14
channel-2,130731,30409930,30409943,13
channel-259,314553,30409935,30409942,7
channel-1429,140882,30409937,30409947,10
channel-259,314554,30409942,30409947,5
channel-72,516554,30409944,30409987,43
channel-2186,40826,30409944,30409973,29
channel-8945,17778,30409946,30409968,22
channel-208,1491719,30409948,30409958,10
channel-73,51370,30409954,30409969,15
channel-208,1491720,30409957,30409968,11
channel-6994,1327236,30409961,30409972,11
channel-326,538804,30409963,30410000,37
channel-326,538805,30409963,30410000,37
channel-326,538806,30409963,30410000,37
channel-326,538807,30409963,30410000,37
channel-326,538808,30409963,30410000,37
channel-326,538809,30409963,30410000,37
channel-750,686706,30409966,30409976,10
channel-208,1491721,30409969,30409978,9
channel-750,686707,30409973,30409987,14
channel-113,301433,30409973,30410016,43
channel-208,1491722,30409976,30409988,12
channel-2188,44018,30409983,30409990,7
channel-208,1491723,30409988,30409997,9
channel-4,167130,30409992,30410001,9
channel-874,293909,30409994,30410001,7
channel-6994,1327237,30409994,30410004,10
channel-208,1491724,30410000,30410009,9
channel-72,516555,30410010,30410056,46
channel-6994,1327238,30410019,30410028,9
channel-874,293910,30410025,30410032,7
channel-0,4041659,30410027,30410038,11
channel-783,104483,30410029,30410035,6
channel-0,4041660,30410044,30410051,7
channel-0,4041661,30410054,30410068,14
channel-6994,1327239,30410056,30410067,11
channel-874,293911,30410063,30410069,6
channel-0,4041662,30410065,30410079,14
channel-0,4041663,30410065,30410079,14
channel-0,4041664,30410067,30410079,12
channel-874,293912,30410068,30410090,22
channel-92956,266,30410073,30410082,9
channel-874,293913,30410078,30410083,5
channel-0,4041665,30410081,30410092,11
channel-0,4041666,30410082,30410092,10
channel-6994,1327240,30410091,30410100,9
