channel_id,sequence,send_height,ack_height,block_delay
channel-75,844805,30257000,30257007,7
channel-85077,59483,30257004,30257013,9
channel-750,681735,30257017,30257027,10
channel-0,4037240,30257019,30257030,11
channel-0,4037241,30257021,30257030,9
channel-782,310095,30257023,30257028,5
channel-122,667720,30257026,30257030,4
channel-208,1489638,30257027,30257041,14
channel-750,681736,30257027,30257042,15
channel-6994,1323312,30257039,30257053,14
channel-750,681737,30257045,30257059,14
channel-89298,18587,30257047,30257058,11
channel-750,681738,30257048,30257053,5
channel-0,4037242,30257051,30257059,8
channel-750,681739,30257062,30257069,7
channel-6994,1323313,30257062,30257071,9
channel-0,4037243,30257066,30257074,8
channel-85077,59484,30257070,30257079,9
channel-122,667721,30257072,30257088,16
channel-85077,59485,30257074,30257096,22
channel-6994,1323314,30257079,30257091,12
channel-85077,59486,30257082,30257094,12
channel-6994,1323315,30257083,30257097,14
channel-0,4037244,30257084,30257096,12
channel-6994,1323316,30257092,30257106,14
channel-85077,59487,30257094,30257105,11
channel-75,844806,30257099,30257106,7
channel-0,4037245,30257101,30257111,10
channel-89321,19361,30257106,30257117,11
channel-0,4037246,30257128,30257138,10
channel-2,130589,30257140,30257152,12
channel-0,4037247,30257152,30257162,10
channel-199,132581,30257166,30257176,10
channel-75,844807,30257176,30257183,7
channel-94814,3743,30257178,30257192,14
channel-750,681740,30257186,30257193,7
channel-0,4037248,30257194,30257203,9
channel-75,844808,30257198,30257206,8
channel-750,681741,30257209,30257219,10
channel-122,667722,30257214,30257217,3
channel-750,681742,30257236,30257241,5
channel-89298,18588,30257241,30257250,9
channel-6994,1323317,30257251,30257262,11
channel-0,4037249,30257251,30257261,10
channel-208,1489639,30257259,30257272,13
channel-208,1489640,30257260,30257272,12
channel-6994,1323318,30257260,30257272,12
channel-0,4037250,30257277,30257290,13
channel-6994,1323319,30257285,30257298,13
channel-0,4037251,30257300,30257309,9
channel-782,310096,30257306,30257312,6
channel-85077,59488,30257308,30257321,13
channel-6994,1323320,30257309,30257324,15
channel-6994,1323321,30257321,30257335,14
channel-1429,140687,30257323,30257331,8
channel-122,667723,30257324,30257327,3
channel-6994,1323322,30257325,30257335,10
channel-6994,1323323,30257327,30257341,14
channel-874,292735,30257327,30257336,9
channel-6994,1323324,30257336,30257346,10
channel-39535,10289,30257336,30257390,54
channel-750,681743,30257341,30257355,14
channel-750,681744,30257357,30257367,10
channel-89321,19362,30257360,30257390,30
channel-2,130590,30257371,30257381,10
channel-85077,59489,30257379,30257390,11
channel-85077,59490,30257385,30257395,10
channel-6994,1323325,30257398,30257410,12
channel-0,4037252,30257404,30257418,14
channel-208,1489641,30257425,30257437,12
channel-89298,18589,30257430,30257439,9
channel-208,1489642,30257440,30257451,11
channel-6787,166630,30257447,30257453,6
channel-208,1489643,30257471,30257478,7
channel-6994,1323326,30257473,30257483,10
channel-208,1489644,30257480,30257493,13
channel-208,1489645,30257482,30257493,11
channel-326,537534,30257489,30257496,7
channel-6994,1323327,30257499,30257511,12
channel-229,55006,30257538,30257549,11
channel-0,4037253,30257540,30257548,8
channel-750,681745,30257541,30257558,17
channel-19774,345789,30257546,30257555,9
channel-85077,59491,30257547,30257570,23
channel-75,844809,30257570,30257577,7
channel-1,408213,30257580,30257591,11
channel-21113,25296,30257588,30257598,10
channel-0,4037254,30257595,30257605,10
channel-122,667724,30257607,30257610,3
channel-874,292736,30257620,30257629,9
channel-0,4037255,30257637,30257650,13
channel-251,85169,30257645,30257658,13
channel-122,667725,30257659,30257663,4
channel-20082,9869,30257662,30257672,10
channel-6994,1323328,30257675,30257686,11
channel-251,85170,30257679,30257686,7
channel-6994,1323329,30257681,30257689,8
channel-6787,166631,30257682,30257686,4
channel-6994,1323330,30257711,30257724,13
channel-19774,345790,30257742,30257754,12
channel-750,681746,30257749,30257753,4
channel-0,4037256,30257750,30257758,8
channel-6994,1323331,30257758,30257768,10
channel-6994,1323332,30257763,30257773,10
channel-75,844810,30257769,30257779,10
channel-6994,1323333,30257780,30257793,13
channel-75,844811,30257782,30257788,6
channel-0,4037257,30257785,30257796,11
channel-0,4037258,30257793,30257800,7
channel-19774,345791,30257798,30257806,8
channel-208,1489646,30257802,30257811,9
channel-75,844812,30257805,30257812,7
channel-89321,19363,30257807,30257816,9
channel-204,670749,30257816,30304914,47098
channel-85077,59492,30257826,30257834,8
channel-19774,345792,30257833,30257844,11
channel-6994,1323334,30257834,30257846,12
channel-0,4037259,30257862,30257870,8
channel-750,681747,30257870,30257894,24
channel-750,681748,30257884,30257889,5
channel-204,670750,30257888,30257895,7
channel-326,537535,30257901,30257910,9
channel-750,681749,30257901,30257909,8
channel-874,292737,30257916,30257932,16
channel-165,71417,30257920,30257931,11
channel-122,667726,30257930,30257961,31
channel-874,292738,30257937,30257942,5
channel-51,20929,30257949,30257962,13
channel-75,844813,30257962,30257968,6
channel-6994,1323335,30257969,30257984,15
channel-6994,1323336,30257970,30257984,14
channel-6994,1323337,30257971,30257989,18
channel-4,166845,30257976,30258013,37
channel-0,4037260,30257978,30258001,23
channel-75,844814,30257981,30257988,7
channel-19774,345793,30257984,30257991,7
channel-4,166846,30257997,30258032,35
channel-85077,59493,30258008,30258015,7
channel-85077,59494,30258017,30258030,13
channel-75,844815,30258028,30258034,6
channel-122,667727,30258055,30258059,4
channel-75,844816,30258084,30258092,8
channel-75,844817,30258153,30258161,8
channel-85077,59495,30258158,30258169,11
channel-4,166847,30258161,30258188,27
channel-326,537536,30258161,30258172,11
channel-19774,345794,30258170,30258180,10
channel-6994,1323338,30258181,30258189,8
channel-75,844818,30258188,30258196,8
channel-75,844819,30258196,30258204,8
channel-6994,1323339,30258199,30258210,11
channel-6994,1323340,30258203,30258214,11
channel-320,119167,30258212,30258225,13
channel-208,1489647,30258213,30258224,11
channel-38946,124073,30258231,30258245,14
channel-208,1489648,30258235,30258244,9
channel-2494,31880,30258238,30258249,11
channel-6994,1323341,30258246,30258258,12
channel-6994,1323342,30258254,30258281,27
channel-0,4037261,30258257,30258267,10
channel-208,1489649,30258257,30258269,12
channel-38946,124074,30258262,30258277,15
channel-326,537537,30258265,30258278,13
channel-208,1489650,30258275,30258282,7
channel-0,4037262,30258294,30258303,9
channel-6994,1323343,30258299,30258322,23
channel-122,667728,30258308,30258311,3
channel-122,667729,30258312,30258314,2
channel-326,537538,30258328,30258349,21
channel-208,1489651,30258328,30258340,12
channel-750,681750,30258338,30258343,5
channel-750,681751,30258349,30258354,5
channel-0,4037263,30258355,30258365,10
channel-85077,59496,30258356,30258365,9
channel-6994,1323344,30258362,30258369,7
channel-4,166848,30258363,30258401,38
channel-122,667730,30258371,30258384,13
channel-204,670751,30258373,30258385,12
channel-6994,1323345,30258375,30258390,15
channel-208,1489652,30258375,30258385,10
channel-2186,40758,30258384,30258398,14
channel-0,4037264,30258388,30258397,9
channel-326,537539,30258391,30258407,16
channel-75,844820,30258391,30258400,9
channel-208,1489653,30258394,30258406,12
channel-204,670752,30258414,30258423,9
channel-6994,1323346,30258424,30258434,10
channel-6994,1323347,30258425,30258440,15
channel-85077,59497,30258441,30258449,8
channel-750,681752,30258446,30258450,4
channel-326,537540,30258452,30258468,16
channel-184,137394,30258452,30258465,13
channel-642,126486,30258455,30258527,72
channel-6994,1323348,30258459,30258470,11
channel-75,844821,30258483,30258490,7
channel-6994,1323349,30258494,30258505,11
channel-19774,345795,30258497,30258504,7
channel-85077,59498,30258500,30258518,18
channel-122,667731,30258506,30258510,4
channel-42,1489933,30258522,30258555,33
channel-85077,59499,30258524,30258554,30
channel-20082,9870,30258536,30258545,9
channel-6994,1323350,30258539,30258551,12
channel-750,681753,30258539,30258544,5
channel-6994,1323351,30258541,30258556,15
channel-6994,1323352,30258545,30258556,11
channel-326,537541,30258546,30258561,15
channel-0,4037265,30258549,30258557,8
channel-75,844822,30258549,30258555,6
channel-122,667732,30258551,30258554,3
channel-0,4037266,30258555,30258566,11
channel-85077,59500,30258557,30258566,9
channel-75,844823,30258563,30258572,9
channel-0,4037267,30258565,30258577,12
channel-89321,19364,30258571,30258583,12
channel-75,844824,30258574,30258581,7
channel-75,844825,30258586,30258592,6
channel-259,314205,30258590,30258597,7
channel-6994,1323353,30258607,30258619,12
channel-0,4037268,30258608,30258619,11
channel-4,166849,30258616,30258655,39
channel-75,844826,30258619,30258626,7
channel-6994,1323354,30258632,30258643,11
channel-750,681754,30258633,30258639,6
channel-0,4037269,30258638,30258650,12
channel-0,4037270,30258646,30258655,9
channel-6994,1323355,30258648,30258658,10
channel-122,667733,30258668,30258673,5
channel-0,4037271,30258674,30258685,11
channel-199,132582,30258679,30258690,11
channel-208,1489654,30258711,30258725,14
channel-251,85171,30258714,30258725,11
channel-75,844827,30258734,30258741,7
channel-4,166850,30258738,30258765,27
channel-326,537542,30258744,30258752,8
channel-19774,345796,30258754,30258762,8
channel-184,137395,30258755,30258763,8
channel-6994,1323356,30258758,30258774,16
channel-122,667734,30258766,30258771,5
channel-208,1489655,30258767,30258778,11
channel-75,844828,30258775,30258783,8
channel-0,4037272,30258814,30258823,9
channel-874,292739,30258817,30258823,6
channel-1575,15183,30258836,30258845,9
channel-75,844829,30258841,30258848,7
channel-1,408214,30258850,30258868,18
channel-85077,59501,30258857,30258866,9
channel-326,537543,30258859,30258864,5
channel-6787,166632,30258871,30258876,5
channel-0,4037273,30258874,30258884,10
channel-0,4037274,30258879,30258885,6
channel-2188,43538,30258899,30258903,4
channel-0,4037275,30258910,30258919,9
channel-750,681755,30258910,30258928,18
channel-75,844830,30258931,30258939,8
channel-79703,4410,30258932,30258944,12
channel-6994,1323357,30258939,30258951,12
channel-38946,124075,30258942,30258955,13
channel-2186,40759,30258945,30258959,14
channel-122,667735,30258955,30258958,3
channel-38946,124076,30258959,30258985,26
channel-122,667736,30258975,30258980,5
channel-326,537544,30258992,30258999,7
channel-0,4037276,30259000,30259023,23
channel-75,844831,30259002,30259010,8
channel-6994,1323358,30259005,30259020,15
channel-0,4037277,30259039,30259051,12
channel-89321,19365,30259051,30259059,8
channel-0,4037278,30259055,30259063,8
channel-204,670753,30259056,30259066,10
channel-204,670754,30259065,30259072,7
channel-2188,43539,30259106,30259111,5
channel-208,1489656,30259110,30259119,9
channel-6994,1323359,30259140,30259146,6
channel-750,681756,30259142,30259154,12
channel-2494,31881,30259147,30259163,16
channel-75,844832,30259151,30259159,8
channel-0,4037279,30259157,30259169,12
channel-259,314206,30259167,30259173,6
channel-122,667737,30259178,30259181,3
channel-1,408215,30259179,30259190,11
channel-42,1489934,30259188,30259195,7
channel-326,537545,30259189,30259198,9
channel-0,4037280,30259196,30259207,11
channel-42,1489935,30259200,30259213,13
channel-85077,59502,30259207,30259218,11
channel-0,4037281,30259237,30259242,5
channel-0,4037282,30259240,30259252,12
channel-0,4037283,30259246,30259257,11
channel-6787,166633,30259252,30259256,4
channel-6994,1323360,30259258,30259272,14
channel-6994,1323361,30259259,30259272,13
channel-1,408216,30259259,30259281,22
channel-2494,31882,30259262,30259271,9
channel-88,467070,30259266,30259287,21
channel-208,1489657,30259268,30259280,12
channel-326,537546,30259269,30259274,5
channel-326,537547,30259269,30259274,5
channel-326,537548,30259269,30259274,5
channel-326,537549,30259269,30259274,5
channel-326,537550,30259269,30259274,5
channel-326,537551,30259269,30259274,5
channel-326,537552,30259269,30259274,5
channel-75,844833,30259275,30259286,11
channel-1,408217,30259277,30259291,14
channel-750,681757,30259278,30259293,15
channel-0,4037284,30259295,30259307,12
channel-6994,1323362,30259299,30259309,10
channel-6994,1323363,30259329,30259342,13
channel-1,408218,30259331,30259352,21
channel-199,132583,30259334,30259344,10
channel-874,292740,30259350,30259356,6
channel-6994,1323364,30259365,30259376,11
channel-0,4037285,30259365,30259377,12
channel-208,1489658,30259375,30259385,10
channel-0,4037286,30259376,30259384,8
channel-122,667738,30259377,30259380,3
channel-6994,1323365,30259388,30259399,11
channel-6994,1323366,30259389,30259399,10
channel-19774,345797,30259393,30259404,11
channel-122,667739,30259410,30259414,4
channel-208,1489659,30259416,30259425,9
channel-0,4037287,30259421,30259433,12
channel-76971,12218,30259424,30259440,16
channel-6994,1323367,30259424,30259434,10
channel-85077,59503,30259429,30259452,23
channel-75,844834,30259439,30259444,5
channel-75,844835,30259442,30259450,8
channel-6994,1323368,30259449,30259460,11
channel-2,130591,30259455,30259466,11
channel-6787,166634,30259464,30259468,4
channel-38946,124077,30259464,30259477,13
channel-1,408219,30259477,30259495,18
channel-6994,1323369,30259483,30259492,9
channel-412,64457,30259488,30259496,8
channel-19774,345798,30259489,30259502,13
channel-199,132584,30259509,30259521,12
channel-767,14358,30259514,30259523,9
channel-326,537553,30259522,30259529,7
channel-73,51329,30259531,30259544,13
channel-0,4037288,30259533,30259544,11
channel-208,1489660,30259535,30259546,11
channel-6994,1323370,30259545,30259553,8
channel-75,844836,30259554,30259562,8
channel-326,537554,30259559,30259570,11
channel-5,184248,30259560,30259573,13
channel-6994,1323371,30259562,30259574,12
channel-0,4037289,30259562,30259574,12
channel-1,408220,30259564,30259585,21
channel-0,4037290,30259574,30259584,10
channel-0,4037291,30259580,30259591,11
channel-75,844837,30259601,30259608,7
channel-1,408221,30259619,30259632,13
channel-779,1170,30259623,30259656,33
channel-750,681758,30259631,30259637,6
channel-750,681759,30259638,30259647,9
channel-0,4037292,30259644,30259653,9
channel-0,4037293,30259668,30259674,6
channel-76971,12219,30259669,30259698,29
channel-6994,1323372,30259673,30259685,12
channel-122,667740,30259676,30259679,3
channel-199,132585,30259677,30259686,9
channel-642,126487,30259680,30259711,31
channel-208,1489661,30259698,30259705,7
channel-208,1489662,30259702,30259715,13
channel-122,667741,30259702,30259706,4
channel-85077,59504,30259710,30259719,9
channel-76971,12220,30259710,30259726,16
channel-6994,1323373,30259713,30259725,12
channel-0,4037294,30259730,30259744,14
channel-208,1489663,30259741,30259750,9
channel-6994,1323374,30259742,30259754,12
channel-20082,9871,30259743,30259752,9
channel-184,137396,30259744,30259754,10
channel-0,4037295,30259761,30259770,9
channel-20082,9872,30259766,30259777,11
channel-6994,1323375,30259794,30259803,9
channel-20082,9873,30259814,30259910,96
channel-208,1489664,30259820,30259829,9
channel-76971,12221,30259822,30259840,18
channel-6787,166635,30259823,30259827,4
channel-0,4037296,30259828,30259841,13
channel-216,94133,30259836,30259931,95
channel-122,667742,30259862,30259866,4
channel-199,132586,30259871,30259882,11
channel-1429,140688,30259879,30259888,9
channel-6787,166636,30259895,30259900,5
channel-89298,18590,30259896,30259904,8
channel-5,184249,30259900,30259908,8
channel-320,119168,30259905,30259937,32
channel-750,681760,30259905,30259910,5
channel-6994,1323376,30259931,30259941,10
channel-0,4037297,30259946,30259965,19
channel-750,681761,30259952,30259974,22
channel-122,667743,30259960,30259962,2
channel-216,94134,30259966,30260064,98
channel-4,166851,30259995,30260021,26
channel-6994,1323377,30260025,30260039,14
channel-0,4037298,30260036,30260048,12
channel-750,681762,30260047,30260052,5
channel-750,681763,30260054,30260060,6
channel-1,408222,30260059,30260072,13
channel-782,310097,30260074,30260078,4
channel-0,4037299,30260086,30260094,8
channel-75,844838,30260091,30260098,7
channel-75,844839,30260095,30260104,9
channel-0,4037300,30260097,30260109,12
channel-0,4037301,30260097,30260109,12
channel-89298,18591,30260103,30260111,8
channel-6787,166637,30260109,30260113,4
channel-750,681764,30260111,30260116,5
channel-0,4037302,30260111,30260125,14
channel-874,292741,30260118,30260129,11
channel-0,4037303,30260119,30260130,11
channel-6994,1323378,30260133,30260145,12
channel-122,667744,30260142,30260146,4
channel-6994,1323379,30260143,30260157,14
channel-0,4037304,30260154,30260162,8
channel-0,4037305,30260158,30260167,9
channel-6994,1323380,30260160,30260171,11
channel-750,681765,30260161,30260166,5
channel-0,4037306,30260192,30260204,12
channel-750,681766,30260192,30260196,4
channel-0,4037307,30260207,30260218,11
channel-0,4037308,30260207,30260218,11
channel-750,681767,30260211,30260216,5
channel-4,166852,30260212,30260239,27
channel-750,681768,30260212,30260216,4
channel-6994,1323381,30260229,30260239,10
channel-208,1489665,30260233,30260246,13
channel-122,667745,30260236,30260239,3
channel-89298,18592,30260239,30260249,10
channel-0,4037309,30260239,30260251,12
channel-0,4037310,30260257,30260269,12
channel-0,4037311,30260269,30260281,12
channel-0,4037312,30260281,30260292,11
channel-19774,345799,30260282,30260295,13
channel-0,4037313,30260300,30260310,10
channel-216,94135,30260302,30260385,83
channel-0,4037314,30260303,30260315,12
channel-0,4037315,30260304,30260315,11
channel-0,4037316,30260307,30260316,9
channel-199,132587,30260316,30260327,11
channel-6994,1323382,30260316,30260329,13
channel-2494,31883,30260317,30260330,13
channel-0,4037317,30260318,30260330,12
channel-85077,59505,30260322,30260329,7
channel-0,4037318,30260340,30260350,10
channel-42,1489936,30260341,30260350,9
channel-89298,18593,30260343,30260352,9
channel-216,94136,30260351,30260425,74
channel-6994,1323383,30260357,30260372,15
channel-0,4037319,30260359,30260370,11
channel-6994,1323384,30260363,30260376,13
channel-6994,1323385,30260375,30260384,9
channel-199,132588,30260377,30260387,10
channel-340,3162,30260377,30260389,12
channel-6994,1323386,30260377,30260390,13
channel-750,681769,30260380,30260393,13
channel-0,4037320,30260382,30260392,10
channel-259,314207,30260386,30260391,5
channel-320,119169,30260386,30260397,11
channel-199,132589,30260394,30260403,9
channel-750,681770,30260401,30260412,11
channel-122,667746,30260401,30260458,57
channel-750,681771,30260402,30260412,10
channel-6994,1323387,30260413,30260426,13
channel-6994,1323388,30260424,30260436,12
channel-1,408223,30260434,30260447,13
channel-42,1489937,30260437,30260509,72
channel-85077,59506,30260470,30260479,9
channel-0,4037321,30260470,30260481,11
channel-750,681772,30260472,30260481,9
channel-782,310098,30260490,30260495,5
channel-85077,59507,30260492,30260501,9
channel-208,1489666,30260504,30260516,12
channel-6787,166638,30260505,30260510,5
channel-0,4037322,30260507,30260520,13
channel-259,314208,30260517,30260522,5
channel-750,681773,30260524,30260537,13
channel-91017,2755,30260526,30260534,8
channel-42,1489938,30260532,30260540,8
channel-89298,18594,30260544,30260555,11
channel-750,681774,30260550,30260555,5
channel-91017,2756,30260554,30260563,9
channel-208,1489667,30260563,30260573,10
channel-750,681775,30260590,30260593,3
channel-6994,1323389,30260592,30260606,14
channel-75,844840,30260595,30260602,7
channel-91017,2757,30260595,30260606,11
channel-6994,1323390,30260600,30260614,14
channel-750,681776,30260602,30260611,9
channel-750,681777,30260625,30260633,8
channel-42,1489939,30260637,30260643,6
channel-85077,59508,30260642,30260652,10
channel-874,292742,30260642,30260647,5
channel-0,4037323,30260650,30260663,13
channel-208,1489668,30260663,30260675,12
channel-75,844841,30260663,30260671,8
channel-782,310099,30260666,30260674,8
channel-6994,1323391,30260681,30260695,14
channel-783,104198,30260682,30260690,8
channel-122,667747,30260685,30260689,4
channel-89298,18595,30260695,30260706,11
channel-874,292743,30260723,30260729,6
channel-6994,1323392,30260725,30260744,19
channel-97998,48,30260733,30260738,5
channel-122,667748,30260744,30260748,4
channel-122,667749,30260746,30260756,10
channel-0,4037324,30260747,30260763,16
channel-750,681778,30260752,30260769,17
channel-165,71418,30260763,30260947,184
channel-320,119170,30260767,30260779,12
channel-208,1489669,30260769,30260779,10
channel-216,94137,30260780,30260848,68
channel-6994,1323393,30260789,30260800,11
channel-326,537555,30260789,30260795,6
channel-6994,1323394,30260793,30260805,12
channel-750,681779,30260800,30260814,14
channel-6787,166639,30260805,30260807,2
channel-6994,1323395,30260809,30260823,14
channel-208,1489670,30260811,30260821,10
channel-75,844842,30260823,30260831,8
channel-1,408224,30260836,30260845,9
channel-143,128278,30260840,30260849,9
channel-2186,40760,30260846,30260860,14
channel-1,408225,30260854,30260874,20
channel-91017,2758,30260855,30260864,9
channel-750,681780,30260855,30260865,10
channel-6994,1323396,30260856,30260865,9
channel-1,408226,30260863,30260874,11
channel-6994,1323397,30260884,30260895,11
channel-6994,1323398,30260887,30260899,12
channel-783,104199,30260901,30260913,12
channel-750,681781,30260903,30260908,5
channel-85077,59509,30260910,30260920,10
channel-522,40422,30260912,30260922,10
channel-72,516402,30260913,30260961,48
channel-122,667750,30260918,30260927,9
channel-6994,1323399,30260927,30260936,9
channel-874,292744,30260949,30260954,5
channel-750,681782,30260963,30260968,5
channel-0,4037325,30260977,30260987,10
channel-85077,59510,30260979,30260990,11
channel-89298,18596,30260987,30260996,9
channel-6994,1323400,30260987,30260996,9
channel-19774,345800,30261000,30261009,9
channel-85077,59511,30261001,30261009,8
channel-6994,1323401,30261001,30261010,9
channel-0,4037326,30261005,30261017,12
channel-750,681783,30261007,30261025,18
channel-783,104200,30261033,30261041,8
channel-0,4037327,30261035,30261047,12
channel-122,667751,30261046,30261050,4
channel-326,537556,30261047,30261057,10
channel-0,4037328,30261057,30261065,8
channel-412,64458,30261060,30261076,16
channel-6994,1323402,30261061,30261072,11
channel-6787,166640,30261065,30261070,5
channel-750,681784,30261065,30261070,5
channel-1,408227,30261067,30261077,10
channel-0,4037329,30261074,30261086,12
channel-326,537557,30261084,30261095,11
channel-0,4037330,30261087,30261098,11
channel-6994,1323403,30261094,30261104,10
channel-783,104201,30261095,30261109,14
channel-85077,59512,30261098,30261107,9
channel-122,667752,30261099,30261116,17
channel-0,4037331,30261100,30261113,13
channel-85077,59513,30261125,30261134,9
channel-0,4037332,30261134,30261143,9
channel-750,681785,30261145,30261152,7
channel-6994,1323404,30261153,30261178,25
channel-85077,59514,30261159,30261169,10
channel-0,4037333,30261168,30261176,8
channel-85077,59515,30261170,30261179,9
channel-85077,59516,30261172,30261182,10
channel-0,4037334,30261179,30261191,12
channel-259,314209,30261185,30261191,6
channel-0,4037335,30261188,30261204,16
channel-216,94138,30261192,30261291,99
channel-6994,1323405,30261192,30261216,24
channel-0,4037336,30261197,30261209,12
channel-750,681786,30261202,30261213,11
channel-6994,1323406,30261213,30261224,11
channel-0,4037337,30261216,30261223,7
channel-259,314210,30261218,30261223,5
channel-6994,1323407,30261224,30261239,15
channel-6994,1323408,30261229,30261253,24
channel-750,681787,30261230,30261242,12
channel-6994,1323409,30261268,30261295,27
channel-874,292745,30261268,30261276,8
channel-6994,1323410,30261281,30261308,27
channel-0,4037338,30261282,30261292,10
channel-6787,166641,30261285,30261289,4
channel-750,681788,30261289,30261302,13
channel-2,130592,30261303,30261311,8
channel-208,1489671,30261304,30261311,7
channel-8,43450,30261311,30261334,23
channel-0,4037339,30261317,30261328,11
channel-6994,1323411,30261327,30261355,28
channel-0,4037340,30261330,30261343,13
channel-6994,1323412,30261333,30261346,13
channel-75,844843,30261347,30261361,14
channel-0,4037341,30261355,30261365,10
channel-85077,59517,30261358,30261366,8
channel-75,844844,30261359,30261370,11
channel-199,132590,30261367,30261380,13
channel-750,681789,30261369,30261382,13
channel-0,4037342,30261370,30261380,10
channel-0,4037343,30261376,30261388,12
channel-199,132591,30261380,30261388,8
channel-6994,1323413,30261382,30261392,10
channel-6994,1323414,30261390,30261403,13
channel-2,130593,30261391,30261405,14
channel-6994,1323415,30261405,30261428,23
channel-0,4037344,30261411,30261424,13
channel-0,4037345,30261412,30261424,12
channel-122,667753,30261422,30261426,4
channel-199,132592,30261438,30261449,11
channel-0,4037346,30261446,30261458,12
channel-199,132593,30261459,30261470,11
channel-6994,1323416,30261461,30261473,12
channel-412,64459,30261466,30261488,22
channel-122,667754,30261468,30261473,5
channel-122,667755,30261470,30261474,4
channel-75,844845,30261481,30261488,7
channel-782,310100,30261487,30261493,6
channel-122,667756,30261494,30261497,3
channel-75,844846,30261504,30261511,7
channel-216,94139,30261513,30261539,26
channel-0,4037347,30261516,30261525,9
channel-89298,18597,30261538,30261550,12
channel-412,64460,30261547,30261557,10
channel-6994,1323417,30261552,30261560,8
channel-72,516403,30261552,30261597,45
channel-85077,59518,30261557,30261563,6
channel-0,4037348,30261562,30261569,7
channel-320,119171,30261567,30261603,36
channel-75,844847,30261568,30261575,7
channel-0,4037349,30261570,30261579,9
channel-0,4037350,30261572,30261584,12
channel-0,4037351,30261575,30261584,9
channel-5,184250,30261578,30261587,9
channel-326,537558,30261582,30261588,6
channel-0,4037352,30261585,30261595,10
channel-75,844848,30261595,30261603,8
channel-750,681790,30261595,30261599,4
channel-6994,1323418,30261597,30261607,10
channel-143,128279,30261604,30261614,10
channel-6994,1323419,30261605,30261616,11
channel-326,537559,30261615,30261629,14
channel-75,844849,30261619,30261628,9
channel-0,4037353,30261625,30261633,8
channel-75,844850,30261626,30261634,8
channel-0,4037354,30261627,30261652,25
channel-0,4037355,30261636,30261647,11
channel-750,681791,30261644,30261648,4
channel-38946,124078,30261654,30261667,13
channel-0,4037356,30261657,30261669,12
channel-6994,1323420,30261659,30261674,15
channel-0,4037357,30261659,30261669,10
channel-874,292746,30261665,30261671,6
channel-0,4037358,30261665,30261674,9
channel-750,681792,30261667,30261674,7
channel-6994,1323421,30261670,30261684,14
channel-340,3163,30261671,30261682,11
channel-122,667757,30261674,30261678,4
channel-782,310101,30261680,30261687,7
channel-85077,59519,30261681,30261693,12
channel-750,681793,30261682,30261692,10
channel-0,4037359,30261687,30261699,12
channel-326,537560,30261692,30261709,17
channel-85077,59520,30261694,30261705,11
channel-782,310102,30261699,30261707,8
channel-6994,1323422,30261699,30261709,10
channel-0,4037360,30261705,30261714,9
channel-6994,1323423,30261705,30261729,24
channel-208,1489672,30261710,30261723,13
channel-0,4037361,30261712,30261724,12
channel-0,4037362,30261714,30261724,10
channel-6994,1323424,30261716,30261729,13
channel-326,537561,30261728,30261735,7
channel-89298,18598,30261735,30261746,11
channel-2494,31884,30261739,30261751,12
channel-0,4037363,30261741,30261752,11
channel-412,64461,30261742,30261751,9
channel-208,1489673,30261743,30261753,10
channel-6994,1323425,30261747,30261761,14
channel-0,4037364,30261751,30261761,10
channel-85077,59521,30261752,30261761,9
channel-6994,1323426,30261753,30261767,14
channel-2494,31885,30261777,30261788,11
channel-0,4037365,30261781,30261805,24
channel-216,94140,30261783,30261852,69
channel-0,4037366,30261784,30261793,9
channel-72,516404,30261784,30261825,41
channel-19774,345801,30261785,30261795,10
channel-0,4037367,30261797,30261805,8
channel-783,104202,30261798,30261805,7
channel-326,537562,30261801,30261814,13
channel-750,681794,30261807,30261824,17
channel-782,310103,30261812,30261818,6
channel-2494,31886,30261812,30261824,12
channel-0,4037368,30261813,30261821,8
channel-199,132594,30261814,30261824,10
channel-85077,59522,30261816,30261826,10
channel-6994,1323427,30261829,30261841,12
channel-6994,1323428,30261833,30261843,10
channel-874,292747,30261836,30261841,5
channel-85077,59523,30261840,30261849,9
channel-2494,31887,30261846,30261856,10
channel-6994,1323429,30261848,30261857,9
channel-0,4037369,30261850,30261859,9
channel-89321,19366,30261854,30261862,8
channel-6994,1323430,30261858,30261870,12
channel-208,1489674,30261868,30261880,12
channel-0,4037370,30261874,30261886,12
channel-0,4037371,30261874,30261886,12
channel-750,681795,30261879,30261901,22
channel-326,537563,30261884,30261918,34
channel-0,4037372,30261884,30261895,11
channel-0,4037373,30261896,30261909,13
channel-42,1489940,30261900,30261908,8
channel-0,4037374,30261901,30261912,11
channel-216,94141,30261909,30261976,67
channel-0,4037375,30261914,30261924,10
channel-750,681796,30261916,30261924,8
channel-750,681797,30261918,30261921,3
channel-0,4037376,30261921,30261933,12
channel-0,4037377,30261927,30261939,12
channel-326,537564,30261932,30261982,50
channel-0,4037378,30261939,30261948,9
channel-75,844851,30261941,30261948,7
channel-320,119172,30261946,30261958,12
channel-6994,1323431,30261950,30261980,30
channel-6994,1323432,30261952,30261970,18
channel-750,681798,30261952,30261962,10
channel-0,4037379,30261967,30261978,11
channel-750,681799,30261974,30261987,13
channel-2,130594,30261974,30261987,13
channel-412,64462,30261977,30261988,11
channel-122,667758,30261979,30261982,3
channel-6994,1323433,30261981,30262031,50
channel-412,64463,30261982,30261993,11
channel-6994,1323434,30261985,30262005,20
channel-216,94142,30261987,30262102,115
channel-750,681800,30261988,30261992,4
channel-0,4037380,30261989,30262000,11
channel-0,4037381,30261990,30262000,10
channel-326,537565,30261994,30262019,25
channel-0,4037382,30261995,30262003,8
channel-412,64464,30261997,30262003,6
channel-6994,1323435,30262008,30262017,9
channel-412,64465,30262014,30262024,10
channel-6994,1323436,30262019,30262033,14
channel-122,667759,30262019,30262023,4
channel-412,64466,30262022,30262034,12
channel-750,681801,30262026,30262047,21
channel-783,104203,30262028,30262034,6
channel-0,4037383,30262029,30262038,9
channel-6994,1323437,30262043,30262054,11
channel-85077,59524,30262044,30262052,8
channel-85077,59525,30262049,30262059,10
channel-412,64467,30262052,30262062,10
channel-0,4037384,30262054,30262065,11
channel-216,94143,30262061,30262227,166
channel-72,516405,30262066,30262115,49
channel-0,4037385,30262069,30262079,10
channel-750,681802,30262071,30262083,12
channel-0,4037386,30262074,30262083,9
channel-0,4037387,30262075,30262087,12
channel-412,64468,30262078,30262088,10
channel-0,4037388,30262084,30262097,13
channel-0,4037389,30262096,30262103,7
channel-1429,140689,30262097,30262105,8
channel-6994,1323438,30262097,30262114,17
channel-0,4037390,30262108,30262119,11
channel-874,292748,30262108,30262113,5
channel-85077,59526,30262118,30262127,9
channel-412,64469,30262119,30262130,11
channel-85077,59527,30262119,30262131,12
channel-208,1489675,30262121,30262132,11
channel-216,94144,30262126,30262227,101
channel-0,4037391,30262137,30262144,7
channel-208,1489676,30262140,30262149,9
channel-122,667760,30262140,30262143,3
channel-340,3164,30262143,30262150,7
channel-208,1489677,30262147,30262161,14
channel-85077,59528,30262148,30262156,8
channel-122,667761,30262148,30262153,5
channel-320,119173,30262150,30262178,28
channel-0,4037392,30262158,30262169,11
channel-208,1489678,30262160,30262174,14
channel-0,4037393,30262163,30262174,11
channel-6994,1323439,30262174,30262186,12
channel-0,4037394,30262174,30262187,13
channel-0,4037395,30262177,30262187,10
channel-750,681803,30262188,30262194,6
channel-38946,124079,30262193,30262202,9
channel-2,130595,30262219,30262235,16
channel-0,4037396,30262225,30262234,9
channel-0,4037397,30262234,30262243,9
channel-0,4037398,30262245,30262252,7
channel-2494,31888,30262246,30262256,10
channel-208,1489679,30262248,30262258,10
channel-75755,5534,30262250,30262259,9
channel-89321,19367,30262250,30262257,7
channel-79180,3372,30262251,30262263,12
channel-85077,59529,30262261,30262270,9
channel-208,1489680,30262278,30262288,10
channel-0,4037399,30262297,30262307,10
channel-6994,1323440,30262299,30262311,12
channel-85077,59530,30262331,30262341,10
channel-750,681804,30262335,30262351,16
channel-85077,59531,30262353,30262368,15
channel-874,292749,30262360,30262373,13
channel-0,4037400,30262362,30262375,13
channel-0,4037401,30262376,30262381,5
channel-85077,59532,30262380,30262388,8
channel-750,681805,30262384,30262397,13
channel-750,681806,30262390,30262395,5
channel-122,667762,30262402,30262406,4
channel-0,4037402,30262405,30262415,10
channel-216,94145,30262411,30262433,22
channel-85077,59533,30262412,30262420,8
channel-750,681807,30262419,30262423,4
channel-2188,43540,30262421,30262505,84
channel-0,4037403,30262423,30262432,9
channel-750,681808,30262430,30262435,5
channel-874,292750,30262430,30262435,5
channel-122,667763,30262435,30262438,3
channel-6994,1323441,30262444,30262458,14
channel-85077,59534,30262444,30262459,15
channel-750,681809,30262463,30262479,16
channel-750,681810,30262472,30262479,7
channel-0,4037404,30262474,30262486,12
channel-85077,59535,30262476,30262486,10
channel-0,4037405,30262486,30262495,9
channel-208,1489681,30262486,30262498,12
channel-89321,19368,30262497,30262503,6
channel-88,467071,30262505,30262519,14
channel-750,681811,30262509,30262518,9
channel-208,1489682,30262514,30262523,9
channel-75,844852,30262524,30262532,8
channel-0,4037406,30262526,30262532,6
channel-87,182888,30262537,30262549,12
channel-0,4037407,30262542,30262553,11
channel-0,4037408,30262543,30262553,10
channel-750,681812,30262557,30262568,11
channel-0,4037409,30262575,30262585,10
channel-0,4037410,30262593,30262605,12
channel-750,681813,30262603,30262608,5
channel-750,681814,30262606,30262614,8
channel-19774,345802,30262606,30262616,10
channel-6994,1323442,30262609,30262620,11
channel-85077,59536,30262614,30262625,11
channel-6994,1323443,30262616,30262629,13
channel-0,4037411,30262619,30262629,10
channel-6994,1323444,30262619,30262629,10
channel-208,1489683,30262622,30262636,14
channel-6994,1323445,30262636,30262649,13
channel-85077,59537,30262649,30262659,10
channel-6994,1323446,30262666,30262676,10
channel-6994,1323447,30262672,30262679,7
channel-0,4037412,30262673,30262678,5
channel-216,94146,30262674,30262746,72
channel-750,681815,30262679,30262690,11
channel-216,94147,30262685,30262746,61
channel-750,681816,30262693,30262703,10
channel-326,537566,30262698,30262705,7
channel-0,4037413,30262703,30262716,13
channel-0,4037414,30262703,30262716,13
channel-6994,1323448,30262724,30262738,14
channel-0,4037415,30262724,30262733,9
channel-251,85172,30262730,30262742,12
channel-782,310104,30262733,30262739,6
channel-97998,49,30262737,30262743,6
channel-85077,59538,30262745,30262754,9
channel-6994,1323449,30262753,30262765,12
channel-6994,1323450,30262755,30262769,14
channel-0,4037416,30262766,30262775,9
channel-6994,1323451,30262772,30262783,11
channel-750,681817,30262779,30262797,18
channel-6994,1323452,30262781,30262794,13
channel-750,681818,30262784,30262797,13
channel-89321,19369,30262791,30262798,7
channel-750,681819,30262804,30262823,19
channel-6994,1323453,30262809,30262822,13
channel-6994,1323454,30262825,30262837,12
channel-642,126488,30262839,30262852,13
channel-750,681820,30262842,30262860,18
channel-750,681821,30262846,30262853,7
channel-0,4037417,30262855,30262873,18
channel-88,467072,30262866,30262876,10
channel-89298,18599,30262869,30262879,10
channel-0,4037418,30262877,30262904,27
channel-6994,1323455,30262879,30262891,12
channel-0,4037419,30262896,30262909,13
channel-6994,1323456,30262912,30262925,13
channel-750,681822,30262912,30262920,8
channel-6994,1323457,30262916,30262930,14
channel-89298,18600,30262942,30262950,8
channel-0,4037420,30262946,30262955,9
channel-750,681823,30262951,30262966,15
channel-0,4037421,30262963,30262971,8
channel-122,667764,30262966,30262969,3
channel-750,681824,30262990,30263026,36
channel-82,18947,30263002,30263015,13
channel-85077,59539,30263004,30263012,8
channel-750,681825,30263012,30263032,20
channel-89298,18601,30263012,30263024,12
channel-19774,345803,30263012,30263018,6
channel-750,681826,30263012,30263032,20
channel-6994,1323458,30263019,30263047,28
channel-216,94148,30263020,30263109,89
channel-85077,59540,30263027,30263039,12
channel-0,4037422,30263032,30263041,9
channel-148,16082,30263033,30263040,7
channel-6994,1323459,30263035,30263047,12
channel-6994,1323460,30263041,30263052,11
channel-75,844853,30263047,30263054,7
channel-208,1489684,30263049,30263058,9
channel-89298,18602,30263059,30263067,8
channel-0,4037423,30263061,30263072,11
channel-750,681827,30263063,30263071,8
channel-19774,345804,30263066,30263081,15
channel-0,4037424,30263072,30263082,10
channel-6994,1323461,30263081,30263094,13
channel-0,4037425,30263110,30263119,9
channel-75,844854,30263120,30263125,5
channel-412,64470,30263128,30263140,12
channel-326,537567,30263132,30263137,5
channel-85077,59541,30263144,30263154,10
channel-216,94149,30263149,30263215,66
channel-6994,1323462,30263149,30263175,26
channel-75,844855,30263155,30263162,7
channel-750,681828,30263155,30263160,5
channel-72,516406,30263156,30263203,47
channel-750,681829,30263169,30263177,8
channel-216,94150,30263185,30263264,79
channel-642,126489,30263186,30263197,11
channel-2188,43541,30263192,30263197,5
channel-6994,1323463,30263193,30263204,11
channel-750,681830,30263212,30263216,4
channel-85077,59542,30263217,30263227,10
channel-750,681831,30263237,30263251,14
channel-642,126490,30263238,30263250,12
channel-89298,18603,30263240,30263248,8
channel-85077,59543,30263241,30263251,10
channel-75,844856,30263241,30263247,6
channel-6994,1323464,30263246,30263259,13
channel-750,681832,30263248,30263258,10
channel-75,844857,30263269,30263277,8
channel-0,4037426,30263283,30263297,14
channel-91017,2759,30263292,30263299,7
channel-143,128280,30263297,30263303,6
channel-75,844858,30263300,30263306,6
channel-874,292751,30263307,30263313,6
channel-199,132595,30263314,30263336,22
channel-89298,18604,30263317,30263325,8
channel-750,681833,30263318,30263323,5
channel-782,310105,30263320,30263325,5
channel-412,64471,30263328,30263340,12
channel-75,844859,30263329,30263335,6
channel-85077,59544,30263333,30263350,17
channel-750,681834,30263339,30263361,22
channel-6994,1323465,30263348,30263362,14
channel-208,1489685,30263350,30263363,13
channel-642,126491,30263350,30263362,12
channel-750,681835,30263353,30263366,13
channel-89298,18605,30263354,30263365,11
channel-122,667765,30263357,30263362,5
channel-75,844860,30263377,30263384,7
channel-0,4037427,30263389,30263400,11
channel-1,408228,30263394,30263429,35
channel-750,681836,30263409,30263414,5
channel-85077,59545,30263420,30263430,10
channel-85077,59546,30263423,30263439,16
channel-750,681837,30263444,30263449,5
channel-89298,18606,30263448,30263457,9
channel-85077,59547,30263448,30263460,12
channel-91017,2760,30263455,30263462,7
channel-0,4037428,30263470,30263481,11
channel-1,408229,30263475,30263502,27
channel-6994,1323466,30263476,30263490,14
channel-750,681838,30263490,30263499,9
channel-750,681839,30263502,30263507,5
channel-19774,345805,30263504,30263511,7
channel-750,681840,30263511,30263528,17
channel-750,681841,30263511,30263516,5
channel-750,681842,30263517,30263526,9
channel-750,681843,30263521,30263536,15
channel-0,4037429,30263525,30263537,12
channel-750,681844,30263526,30263536,10
channel-1,408230,30263528,30263541,13
channel-6994,1323467,30263534,30263545,11
channel-1,408231,30263535,30263583,48
channel-0,4037430,30263537,30263557,20
channel-750,681845,30263537,30263542,5
channel-76971,12222,30263548,30263572,24
channel-85077,59548,30263557,30263565,8
channel-750,681846,30263559,30263574,15
channel-122,667766,30263563,30263567,4
channel-208,1489686,30263564,30263574,10
channel-874,292752,30263578,30263584,6
channel-522,40423,30263578,30263587,9
channel-782,310106,30263584,30263590,6
channel-6994,1323468,30263590,30263599,9
channel-232,49191,30263594,30263615,21
channel-6994,1323469,30263598,30263609,11
channel-874,292753,30263603,30263608,5
channel-0,4037431,30263603,30263613,10
channel-750,681847,30263611,30263615,4
channel-75,844861,30263611,30263617,6
channel-89298,18607,30263613,30263623,10
channel-85077,59549,30263623,30263633,10
channel-750,681848,30263625,30263638,13
channel-1279,67110,30263633,30263673,40
channel-122,667767,30263641,30263656,15
channel-6994,1323470,30263647,30263663,16
channel-91017,2761,30263653,30263667,14
channel-750,681849,30263659,30263678,19
channel-0,4037432,30263659,30263666,7
channel-122,667768,30263671,30263676,5
channel-21113,25297,30263671,30263680,9
channel-0,4037433,30263678,30263689,11
channel-326,537568,30263695,30263701,6
channel-91017,2762,30263703,30263725,22
channel-1279,67111,30263704,30263717,13
channel-73755,5827,30263711,30263718,7
channel-1279,67112,30263713,30263740,27
channel-6994,1323471,30263715,30263726,11
channel-208,1489687,30263715,30263725,10
channel-85077,59550,30263717,30263726,9
channel-204,670755,30263731,30263740,9
channel-208,1489688,30263739,30263749,10
channel-0,4037434,30263758,30263767,9
channel-6994,1323472,30263765,30263775,10
channel-199,132596,30263765,30263776,11
channel-6994,1323473,30263768,30263779,11
channel-85077,59551,30263782,30263791,9
channel-750,681850,30263783,30263788,5
channel-6994,1323474,30263787,30263799,12
channel-750,681851,30263787,30263791,4
channel-6994,1323475,30263793,30263804,11
channel-0,4037435,30263793,30263806,13
channel-6994,1323476,30263803,30263815,12
channel-750,681852,30263814,30263827,13
channel-89298,18608,30263814,30263824,10
channel-6994,1323477,30263817,30263828,11
channel-412,64472,30263818,30263826,8
channel-6994,1323478,30263824,30263833,9
channel-208,1489689,30263834,30263847,13
channel-0,4037436,30263835,30263845,10
channel-0,4037437,30263846,30263856,10
channel-0,4037438,30263858,30263870,12
channel-0,4037439,30263860,30263870,10
channel-0,4037440,30263867,30263878,11
channel-85791,3742,30263873,30263884,11
channel-85077,59552,30263874,30263881,7
channel-0,4037441,30263884,30263895,11
channel-85791,3743,30263886,30263891,5
channel-122,667769,30263886,30263890,4
channel-85077,59553,30263886,30263895,9
channel-85077,59554,30263890,30263898,8
channel-0,4037442,30263894,30263907,13
channel-750,681853,30263900,30263912,12
channel-0,4037443,30263903,30263912,9
channel-750,681854,30263910,30263924,14
channel-0,4037444,30263918,30263929,11
channel-76971,12223,30263922,30263940,18
channel-208,1489690,30263927,30263935,8
channel-6994,1323479,30263931,30263941,10
channel-0,4037445,30263933,30263942,9
channel-6994,1323480,30263937,30263950,13
channel-750,681855,30263938,30263954,16
channel-89298,18609,30263952,30263964,12
channel-4,166853,30263954,30263967,13
channel-0,4037446,30263956,30263969,13
channel-122,667770,30263958,30263962,4
channel-85077,59555,30263964,30263972,8
channel-0,4037447,30263977,30263987,10
channel-0,4037448,30263986,30264014,28
channel-6994,1323481,30263987,30263999,12
channel-208,1489691,30263988,30264001,13
channel-0,4037449,30263994,30264003,9
channel-750,681856,30264006,30264011,5
channel-1,408232,30264007,30264020,13
channel-6994,1323482,30264010,30264021,11
channel-0,4037450,30264014,30264025,11
channel-0,4037451,30264025,30264035,10
channel-199,132597,30264042,30264052,10
channel-0,4037452,30264043,30264053,10
channel-0,4037453,30264051,30264063,12
channel-75,844862,30264054,30264064,10
channel-0,4037454,30264077,30264087,10
channel-412,64473,30264086,30264098,12
channel-0,4037455,30264103,30264112,9
channel-0,4037456,30264112,30264121,9
channel-0,4037457,30264113,30264123,10
channel-1575,15184,30264122,30264134,12
channel-199,132598,30264126,30264141,15
channel-0,4037458,30264141,30264153,12
channel-750,681857,30264143,30264160,17
channel-199,132599,30264153,30264164,11
channel-750,681858,30264155,30264160,5
channel-122,667771,30264160,30264165,5
channel-6994,1323483,30264164,30264177,13
channel-6994,1323484,30264165,30264192,27
channel-0,4037459,30264168,30264178,10
channel-0,4037460,30264169,30264178,9
channel-750,681859,30264170,30264175,5
channel-89298,18610,30264174,30264182,8
channel-6994,1323485,30264193,30291033,26840
channel-750,681860,30264199,30264212,13
channel-2494,31889,30264207,30264219,12
channel-0,4037461,30264207,30264215,8
channel-6994,1323486,30264214,30264238,24
channel-85077,59556,30264232,30264240,8
channel-6994,1323487,30264234,30264246,12
channel-874,292754,30264240,30264244,4
channel-750,681861,30264242,30264251,9
channel-6994,1323488,30264253,30264283,30
channel-199,132600,30264253,30264264,11
channel-0,4037462,30264270,30264280,10
channel-6994,1323489,30264274,30264288,14
channel-19774,345806,30264281,30264291,10
channel-19774,345807,30264294,30264303,9
channel-6994,1323490,30264299,30264316,17
channel-750,681862,30264301,30264306,5
channel-0,4037463,30264308,30264318,10
channel-6787,166642,30264315,30264321,6
channel-143,128281,30264318,30264328,10
channel-0,4037464,30264329,30264337,8
channel-0,4037465,30264333,30264346,13
channel-89298,18611,30264356,30264367,11
channel-208,1489692,30264359,30264371,12
channel-6994,1323491,30264368,30264391,23
channel-122,667772,30264371,30264374,3
channel-0,4037466,30264375,30264386,11
channel-89321,19370,30264408,30264416,8
channel-0,4037467,30264415,30264425,10
channel-2188,43542,30264440,30264445,5
channel-5,184251,30264448,30264456,8
channel-208,1489693,30264456,30264466,10
channel-750,681863,30264487,30264493,6
channel-6994,1323492,30264490,30264516,26
channel-0,4037468,30264499,30264510,11
channel-0,4037469,30264500,30264510,10
channel-75,844863,30264510,30264516,6
channel-750,681864,30264516,30264526,10
channel-94814,3744,30264536,30264547,11
channel-6994,1323493,30264546,30264573,27
channel-0,4037470,30264556,30264568,12
channel-75,844864,30264564,30264570,6
channel-874,292755,30264571,30264578,7
channel-750,681865,30264581,30264591,10
channel-208,1489694,30264582,30264595,13
channel-6994,1323494,30264583,30264593,10
channel-750,681866,30264587,30264606,19
channel-85077,59557,30264588,30264593,5
channel-1,408233,30264590,30264641,51
channel-208,1489695,30264591,30264597,6
channel-6994,1323495,30264599,30264607,8
channel-6994,1323496,30264613,30264638,25
channel-326,537569,30264614,30264624,10
channel-750,681867,30264621,30264629,8
channel-6994,1323497,30264630,30291033,26403
channel-143,128282,30264636,30264647,11
channel-199,132601,30264637,30264648,11
channel-750,681868,30264638,30264654,16
channel-85077,59558,30264639,30264648,9
channel-0,4037471,30264640,30264651,11
channel-91017,2763,30264641,30264653,12
channel-750,681869,30264643,30264655,12
channel-208,1489696,30264662,30264676,14
channel-6994,1323498,30264663,30264685,22
channel-750,681870,30264664,30264679,15
channel-199,132602,30264668,30264676,8
channel-199,132603,30264685,30264694,9
channel-750,681871,30264691,30264711,20
channel-208,1489697,30264692,30264704,12
channel-750,681872,30264702,30264716,14
channel-874,292756,30264703,30264708,5
channel-6994,1323499,30264705,30264717,12
channel-750,681873,30264706,30264717,11
channel-6994,1323500,30264708,30264746,38
channel-750,681874,30264712,30264717,5
channel-6994,1323501,30264719,30264733,14
channel-85077,59559,30264728,30264740,12
channel-42,1489941,30264733,30264740,7
channel-0,4037472,30264737,30264746,9
channel-6994,1323502,30264743,30264753,10
channel-0,4037473,30264751,30264757,6
channel-6994,1323503,30264762,30264787,25
channel-750,681875,30264762,30264766,4
channel-750,681876,30264765,30264770,5
channel-0,4037474,30264766,30264776,10
channel-6994,1323504,30264776,30264837,61
channel-750,681877,30264777,30264781,4
channel-750,681878,30264778,30264782,4
channel-6994,1323505,30264790,30264921,131
channel-6994,1323506,30264804,30264816,12
channel-874,292757,30264805,30264811,6
channel-0,4037475,30264807,30264817,10
channel-0,4037476,30264824,30264835,11
channel-6994,1323507,30264828,30264849,21
channel-750,681879,30264832,30264849,17
channel-0,4037477,30264842,30264860,18
channel-2494,31890,30264846,30264856,10
channel-122,667773,30264850,30264853,3
channel-750,681880,30264856,30264863,7
channel-6994,1323508,30264858,30264870,12
channel-6994,1323509,30264863,30264885,22
channel-6994,1323510,30264865,30264926,61
channel-85077,59560,30264867,30264878,11
channel-0,4037478,30264885,30264897,12
channel-19774,345808,30264889,30264898,9
channel-6994,1323511,30264902,30264915,13
channel-89321,19371,30264905,30264911,6
channel-6994,1323512,30264908,30264921,13
channel-85077,59561,30264926,30264936,10
channel-97998,50,30264926,30264931,5
channel-750,681881,30264934,30264938,4
channel-0,4037479,30264941,30264953,12
channel-6994,1323513,30264945,30264971,26
channel-6994,1323514,30264958,30264971,13
channel-750,681882,30264966,30264985,19
channel-85077,59562,30264978,30264989,11
channel-0,4037480,30264986,30264993,7
channel-6994,1323515,30264988,30265016,28
channel-6994,1323516,30264996,30265008,12
channel-85077,59563,30265001,30265010,9
channel-2188,43543,30265003,30265008,5
channel-122,667774,30265004,30265008,4
channel-0,4037481,30265006,30265015,9
channel-85077,59564,30265008,30265017,9
channel-0,4037482,30265010,30265021,11
channel-0,4037483,30265018,30265027,9
channel-85791,3744,30265019,30265029,10
channel-19774,345809,30265026,30265041,15
channel-0,4037484,30265034,30265043,9
channel-72,516407,30265038,30265081,43
channel-6994,1323517,30265046,30265072,26
channel-208,1489698,30265064,30265078,14
channel-0,4037485,30265069,30265082,13
channel-208,1489699,30265069,30265078,9
channel-85791,3745,30265069,30268849,3780
channel-0,4037486,30265070,30265082,12
channel-0,4037487,30265074,30265086,12
channel-6994,1323518,30265089,30265116,27
channel-874,292758,30265106,30265111,5
channel-2188,43544,30265107,30265110,3
channel-0,4037488,30265108,30265129,21
channel-85077,59565,30265111,30265119,8
channel-0,4037489,30265111,30265120,9
channel-6994,1323519,30265116,30265126,10
channel-6994,1323520,30265116,30265126,10
channel-75,844865,30265126,30265134,8
channel-75,844866,30265126,30265134,8
channel-6994,1323521,30265131,30265162,31
channel-412,64474,30265132,30265147,15
channel-6994,1323522,30265141,30265156,15
channel-0,4037490,30265149,30265160,11
channel-874,292759,30265155,30265163,8
channel-874,292760,30265157,30265163,6
channel-6994,1323523,30265161,30265170,9
channel-0,4037491,30265164,30265176,12
channel-122,667775,30265166,30265172,6
channel-6994,1323524,30265182,30265193,11
channel-476,11798,30265187,30265255,68
channel-6994,1323525,30265188,30265200,12
channel-6787,166643,30265190,30265195,5
channel-0,4037492,30265213,30265225,12
channel-0,4037493,30265217,30265225,8
channel-113,301305,30265230,30265279,49
channel-0,4037494,30265233,30265243,10
channel-750,681883,30265240,30265250,10
channel-122,667776,30265242,30265246,4
channel-6994,1323526,30265243,30265253,10
channel-750,681884,30265243,30265248,5
channel-85077,59566,30265243,30265253,10
channel-750,681885,30265244,30265259,15
channel-6994,1323527,30265256,30265269,13
channel-874,292761,30265275,30265280,5
channel-750,681886,30265279,30265292,13
channel-122,667777,30265285,30265289,4
channel-0,4037495,30265295,30265305,10
channel-208,1489700,30265295,30265308,13
channel-750,681887,30265295,30265300,5
channel-750,681888,30265303,30265320,17
channel-75,844867,30265316,30265325,9
channel-750,681889,30265336,30265340,4
channel-85077,59567,30265344,30265355,11
channel-0,4037496,30265354,30265363,9
channel-85077,59568,30265359,30265367,8
channel-75,844868,30265380,30265387,7
channel-208,1489701,30265391,30265402,11
channel-88,467073,30265427,30265438,11
channel-874,292762,30265427,30265436,9
channel-750,681890,30265458,30265467,9
channel-208,1489702,30265477,30265487,10
channel-750,681891,30265506,30265513,7
channel-0,4037497,30265506,30265515,9
channel-6994,1323528,30265507,30265518,11
channel-89298,18612,30265517,30265529,12
channel-122,667778,30265520,30265524,4
channel-750,681892,30265558,30265570,12
channel-75,844869,30265560,30265566,6
channel-94814,3745,30265564,30265576,12
channel-340,3165,30265571,30265578,7
channel-326,537570,30265577,30265595,18
channel-122,667779,30265582,30265586,4
channel-208,1489703,30265584,30265595,11
channel-208,1489704,30265589,30265601,12
channel-89298,18613,30265601,30265612,11
channel-216,94151,30265619,30265712,93
channel-208,1489705,30265621,30265631,10
channel-750,681893,30265629,30265637,8
channel-216,94152,30265631,30265712,81
channel-0,4037498,30265633,30265644,11
channel-874,292763,30265638,30265643,5
channel-122,667780,30265644,30265648,4
channel-6994,1323529,30265646,30265655,9
channel-122,667781,30265664,30265668,4
channel-522,40424,30265668,30265678,10
channel-85077,59569,30265669,30265680,11
channel-750,681894,30265676,30265681,5
channel-122,667782,30265676,30265680,4
channel-208,1489706,30265681,30265694,13
channel-326,537571,30265682,30265689,7
channel-122,667783,30265682,30265688,6
channel-77,50255,30265684,30265694,10
channel-326,537572,30265694,30265707,13
channel-6994,1323530,30265696,30265705,9
channel-6994,1323531,30265700,30265723,23
channel-122,667784,30265700,30265704,4
channel-181,13584,30265706,30265717,11
channel-782,310107,30265706,30265713,7
channel-6994,1323532,30265708,30265747,39
channel-750,681895,30265717,30265721,4
channel-750,681896,30265721,30265726,5
channel-259,314211,30265723,30265729,6
channel-91017,2764,30265732,30265742,10
channel-88,467074,30265736,30265752,16
channel-85077,59570,30265739,30265749,10
channel-85077,59571,30265743,30265753,10
channel-208,1489707,30265744,30265756,12
channel-6994,1323533,30265755,30265767,12
channel-750,681897,30265764,30265768,4
channel-874,292764,30265764,30265770,6
channel-6994,1323534,30265767,30265823,56
channel-85077,59572,30265768,30265777,9
channel-326,537573,30265769,30265774,5
channel-326,537574,30265771,30265777,6
channel-75,844870,30265777,30265784,7
channel-750,681898,30265779,30265789,10
channel-750,681899,30265786,30265799,13
channel-2494,31891,30265797,30265806,9
channel-208,1489708,30265805,30265815,10
channel-326,537575,30265809,30265820,11
channel-75016,4578,30265810,30265833,23
channel-326,537576,30265810,30265815,5
channel-6994,1323535,30265823,30265836,13
channel-89321,19372,30265825,30265835,10
channel-782,310108,30265828,30265835,7
channel-6994,1323536,30265837,30265852,15
channel-85077,59573,30265844,30265853,9
channel-0,4037499,30265861,30265888,27
channel-750,681900,30265861,30265871,10
channel-750,681901,30265862,30265873,11
channel-0,4037500,30265864,30265877,13
channel-0,4037501,30265866,30265895,29
channel-0,4037502,30265869,30265883,14
channel-750,681902,30265898,30265906,8
channel-6994,1323537,30265901,30265923,22
channel-750,681903,30265910,30265916,6
channel-0,4037503,30265917,30265926,9
channel-6994,1323538,30265927,30265966,39
channel-85077,59574,30265927,30265935,8
channel-6994,1323539,30265938,30265951,13
channel-2494,31892,30265952,30265966,14
channel-122,667785,30265956,30265960,4
channel-750,681904,30265970,30265981,11
channel-874,292765,30265982,30265994,12
channel-782,310109,30265982,30265991,9
channel-6994,1323540,30265986,30265997,11
channel-6994,1323541,30265988,30266026,38
channel-6994,1323542,30265993,30266002,9
channel-75,844871,30266006,30266013,7
channel-91017,2765,30266018,30266027,9
channel-5,184252,30266021,30266032,11
channel-6994,1323543,30266026,30266037,11
channel-6994,1323544,30266032,30266055,23
channel-6994,1323545,30266034,30266074,40
channel-412,64475,30266044,30266053,9
channel-6994,1323546,30266048,30266100,52
channel-750,681905,30266049,30266053,4
channel-75,844872,30266063,30266081,18
channel-642,126492,30266064,30266089,25
channel-0,4037504,30266066,30266088,22
channel-75755,5535,30266066,30266074,8
channel-42,1489942,30266067,30266078,11
channel-122,667786,30266070,30266073,3
channel-6994,1323547,30266075,30266104,29
channel-19774,345810,30266087,30266097,10
channel-6994,1323548,30266093,30266104,11
channel-750,681906,30266094,30266106,12
channel-0,4037505,30266097,30266108,11
channel-85077,59575,30266118,30266126,8
channel-750,681907,30266133,30266144,11
channel-6994,1323549,30266137,30266151,14
channel-874,292766,30266137,30266142,5
channel-6994,1323550,30266154,30266167,13
channel-19774,345811,30266157,30266170,13
channel-750,681908,30266160,30266165,5
channel-750,681909,30266166,30266177,11
channel-85077,59576,30266169,30266182,13
channel-85077,59577,30266172,30266184,12
channel-6994,1323551,30266183,30266195,12
channel-782,310110,30266184,30266187,3
channel-6994,1323552,30266191,30266234,43
channel-6994,1323553,30266193,30266220,27
channel-85077,59578,30266193,30266205,12
channel-0,4037506,30266193,30266205,12
channel-750,681910,30266198,30266213,15
channel-6994,1323554,30266204,30266215,11
channel-2188,43545,30266205,30266211,6
channel-6994,1323555,30266218,30266246,28
channel-0,4037507,30266218,30266228,10
channel-874,292767,30266221,30266225,4
channel-122,667787,30266229,30266235,6
channel-0,4037508,30266232,30266253,21
channel-85077,59579,30266233,30266250,17
channel-750,681911,30266243,30266249,6
channel-750,681912,30266247,30266259,12
channel-0,4037509,30266247,30266258,11
channel-75,844873,30266253,30266259,6
channel-85077,59580,30266253,30266261,8
channel-208,1489709,30266255,30266263,8
channel-19774,345812,30266257,30266266,9
channel-6994,1323556,30266258,30266298,40
channel-5,184253,30266258,30266268,10
channel-6994,1323557,30266258,30266269,11
channel-326,537577,30266260,30266269,9
channel-208,1489710,30266261,30266271,10
channel-208,1489711,30266264,30266277,13
channel-208,1489712,30266268,30266281,13
channel-6994,1323558,30266275,30266303,28
channel-75,844874,30266284,30266292,8
channel-750,681913,30266294,30266308,14
channel-0,4037510,30266306,30266316,10
channel-6994,1323559,30266314,30266327,13
channel-6994,1323560,30266316,30266370,54
channel-89298,18614,30266317,30266325,8
channel-85077,59581,30266317,30266326,9
channel-874,292768,30266327,30266333,6
channel-750,681914,30266328,30266333,5
channel-19774,345813,30266333,30266343,10
channel-750,681915,30266333,30266337,4
channel-783,104204,30266336,30266344,8
channel-6994,1323561,30266340,30266380,40
channel-75,844875,30266345,30266353,8
channel-6897,5632,30266347,30266356,9
channel-642,126493,30266354,30266393,39
channel-750,681916,30266361,30266376,15
channel-0,4037511,30266370,30266393,23
channel-0,4037512,30266373,30266393,20
channel-6994,1323562,30266377,30266389,12
channel-85077,59582,30266393,30266403,10
channel-340,3166,30266400,30266407,7
channel-750,681917,30266403,30266414,11
channel-6994,1323563,30266404,30266431,27
channel-0,4037513,30266407,30266416,9
channel-75,844876,30266407,30266415,8
channel-6994,1323564,30266408,30266462,54
channel-259,314212,30266410,30266419,9
channel-0,4037514,30266412,30266426,14
channel-208,1489713,30266412,30266424,12
channel-412,64476,30266418,30266430,12
channel-91017,2766,30266424,30266434,10
channel-6994,1323565,30266426,30266436,10
channel-0,4037515,30266430,30266446,16
channel-0,4037516,30266440,30266446,6
channel-0,4037517,30266441,30266446,5
channel-0,4037518,30266446,30266457,11
channel-0,4037519,30266450,30266461,11
channel-750,681918,30266466,30266479,13
channel-6994,1323566,30266469,30266483,14
channel-0,4037520,30266472,30266490,18
channel-204,670756,30266473,30266482,9
channel-6994,1323567,30266487,30266499,12
channel-1,408234,30266488,30266515,27
channel-204,670757,30266496,30304914,38418
channel-750,681919,30266497,30266499,2
channel-122,667788,30266498,30266502,4
channel-6994,1323568,30266499,30266513,14
channel-750,681920,30266499,30266504,5
channel-340,3167,30266500,30266509,9
channel-750,681921,30266502,30266548,46
channel-0,4037521,30266509,30266533,24
channel-85077,59583,30266511,30266520,9
channel-6994,1323569,30266512,30266521,9
channel-750,681922,30266513,30266518,5
channel-259,314213,30266517,30266521,4
channel-1,408235,30266522,30266544,22
channel-0,4037522,30266523,30266544,21
channel-4,166854,30266527,30266572,45
channel-1,408236,30266532,30266544,12
channel-6994,1323570,30266535,30266578,43
channel-208,1489714,30266535,30266544,9
channel-204,670758,30266535,30266549,14
channel-1,408237,30266536,30266548,12
channel-75,844877,30266541,30266550,9
channel-0,4037523,30266541,30266554,13
channel-6994,1323571,30266547,30267689,1142
channel-750,681923,30266548,30266557,9
channel-6994,1323572,30266550,30266565,15
channel-750,681924,30266553,30266557,4
channel-1,408238,30266565,30266578,13
channel-6787,166644,30266571,30266575,4
channel-143,128283,30266571,30266593,22
channel-6994,1323573,30266572,30266580,8
channel-750,681925,30266574,30266578,4
channel-2188,43546,30266574,30266580,6
channel-6994,1323574,30266574,30266580,6
channel-2188,43547,30266576,30266580,4
channel-42,1489943,30266577,30266587,10
channel-85077,59584,30266582,30266592,10
channel-85077,59585,30266584,30266601,17
channel-6994,1323575,30266585,30266595,10
channel-412,64477,30266589,30266600,11
channel-199,132604,30266589,30266599,10
channel-0,4037524,30266592,30266612,20
channel-0,4037525,30266593,30266612,19
channel-208,1489715,30266593,30266602,9
channel-2188,43548,30266594,30266599,5
channel-750,681926,30266594,30266607,13
channel-204,670759,30266594,30304919,38325
channel-750,681927,30266595,30266600,5
channel-874,292769,30266600,30267641,1041
channel-6994,1323576,30266602,30266648,46
channel-0,4037526,30266603,30266628,25
channel-2188,43549,30266613,30266618,5
channel-208,1489716,30266615,30266625,10
channel-412,64478,30266618,30266629,11
channel-750,681928,30266623,30266628,5
channel-2188,43550,30266623,30266627,4
channel-204,670760,30266628,30266637,9
channel-42,1489944,30266633,30266648,15
channel-199,132605,30266635,30266650,15
channel-0,4037527,30266636,30266648,12
channel-0,4037528,30266636,30266658,22
channel-19774,345814,30266638,30266650,12
channel-208,1489717,30266641,30266654,13
channel-77,50256,30266642,30266653,11
channel-208,1489718,30266645,30266654,9
channel-0,4037529,30266646,30266670,24
channel-412,64479,30266651,30266664,13
channel-21113,25298,30266654,30266663,9
channel-184,137397,30266661,30266677,16
channel-75,844878,30266662,30266669,7
channel-750,681929,30266672,30266680,8
channel-204,670761,30266675,30304919,38244
channel-146,20027,30266700,30266771,71
channel-6787,166645,30266705,30266711,6
channel-85077,59586,30266721,30266729,8
channel-85077,59587,30266721,30266729,8
channel-750,681930,30266731,30266739,8
channel-75,844879,30266734,30266741,7
channel-6994,1323577,30266742,30266756,14
channel-0,4037530,30266744,30266756,12
channel-91017,2767,30266744,30266753,9
channel-199,132606,30266749,30266759,10
channel-782,310111,30266755,30266759,4
channel-259,314214,30266755,30266760,5
channel-750,681931,30266756,30266759,3
channel-412,64480,30266759,30266775,16
channel-2188,43551,30266761,30266766,5
channel-0,4037531,30266762,30266773,11
channel-79703,4411,30266764,30266779,15
channel-208,1489719,30266776,30266785,9
channel-2186,40761,30266776,30266802,26
channel-208,1489720,30266793,30266802,9
channel-208,1489721,30266802,30266812,10
channel-259,314215,30266803,30266810,7
channel-0,4037532,30266810,30266822,12
channel-412,64481,30266812,30266823,11
channel-85077,59588,30266822,30266841,19
channel-0,4037533,30266844,30266851,7
channel-91017,2768,30266855,30266865,10
channel-6994,1323578,30266858,30266887,29
channel-6994,1323579,30266860,30266872,12
channel-19774,345815,30266863,30266872,9
channel-75,844880,30266868,30266875,7
channel-143,128284,30266870,30266941,71
channel-2186,40762,30266878,30266907,29
channel-2188,43552,30266880,30266885,5
channel-782,310112,30266884,30266888,4
channel-750,681932,30266884,30266894,10
channel-4,166855,30266887,30266941,54
channel-75,844881,30266888,30266896,8
channel-75,844882,30266888,30266896,8
channel-0,4037534,30266889,30266902,13
channel-4,166856,30266893,30266941,48
channel-0,4037535,30266893,30266902,9
channel-750,681933,30266900,30266910,10
channel-79703,4412,30266900,30266914,14
channel-6994,1323580,30266901,30266914,13
channel-1,408239,30266901,30266930,29
channel-750,681934,30266909,30266923,14
channel-91017,2769,30266909,30266919,10
channel-4,166857,30266913,30266941,28
channel-165,71419,30266921,30267827,906
channel-750,681935,30266921,30266926,5
channel-0,4037536,30266924,30266932,8
channel-750,681936,30266926,30266935,9
channel-259,314216,30266928,30266933,5
channel-0,4037537,30266933,30266941,8
channel-4,166858,30266939,30266950,11
channel-0,4037538,30266944,30266956,12
channel-750,681937,30266944,30266954,10
channel-0,4037539,30266950,30266961,11
channel-208,1489722,30266951,30266963,12
channel-750,681938,30266955,30266960,5
channel-4,166859,30266962,30266993,31
channel-750,681939,30266964,30266980,16
channel-750,681940,30266974,30266980,6
channel-75,844883,30266975,30266984,9
channel-326,537578,30266975,30266981,6
channel-750,681941,30266975,30266994,19
channel-782,310113,30266980,30266985,5
channel-0,4037540,30266981,30266989,8
channel-750,681942,30266981,30266988,7
channel-91017,2770,30266981,30266988,7
channel-19774,345816,30266996,30267008,12
channel-326,537579,30267002,30267008,6
channel-122,667789,30267003,30267008,5
channel-750,681943,30267012,30267026,14
channel-6994,1323581,30267013,30267023,10
channel-85077,59589,30267017,30267026,9
channel-38946,124080,30267017,30267033,16
channel-4,166860,30267023,30267110,87
channel-0,4037541,30267028,30267038,10
channel-79703,4413,30267032,30267047,15
channel-750,681944,30267033,30267042,9
channel-208,1489723,30267035,30267046,11
channel-750,681945,30267039,30267043,4
channel-0,4037542,30267049,30267059,10
channel-19774,345817,30267049,30267058,9
channel-0,4037543,30267050,30267059,9
channel-750,681946,30267051,30267062,11
channel-750,681947,30267054,30267071,17
channel-0,4037544,30267054,30267063,9
channel-750,681948,30267060,30267063,3
channel-251,85173,30267068,30267078,10
channel-0,4037545,30267073,30267083,10
channel-19774,345818,30267075,30267090,15
channel-0,4037546,30267078,30267088,10
channel-2,130596,30267078,30267088,10
channel-85077,59590,30267083,30267094,11
channel-750,681949,30267091,30267095,4
channel-85077,59591,30267096,30267105,9
channel-0,4037547,30267099,30267106,7
channel-91017,2771,30267100,30267108,8
channel-1,408240,30267101,30267111,10
channel-0,4037548,30267101,30267110,9
channel-750,681950,30267103,30267115,12
channel-782,310114,30267107,30267115,8
channel-85077,59592,30267107,30267116,9
channel-0,4037549,30267110,30267121,11
channel-85077,59593,30267112,30267121,9
channel-1,408241,30267113,30267141,28
channel-259,314217,30267122,30267128,6
channel-97998,51,30267126,30267132,6
channel-91017,2772,30267131,30267141,10
channel-750,681951,30267135,30267147,12
channel-750,681952,30267136,30267149,13
channel-0,4037550,30267143,30267156,13
channel-89298,18615,30267147,30267157,10
channel-0,4037551,30267154,30267180,26
channel-0,4037552,30267160,30267168,8
channel-89321,19373,30267170,30267180,10
channel-4,166861,30267172,30267248,76
channel-0,4037553,30267172,30267180,8
channel-208,1489724,30267174,30267184,10
channel-326,537580,30267181,30267199,18
channel-6994,1323582,30267181,30267192,11
channel-1,408242,30267188,30267213,25
channel-0,4037554,30267188,30267202,14
channel-91017,2773,30267190,30267200,10
channel-0,4037555,30267199,30267211,12
channel-874,292770,30267202,30267207,5
channel-750,681953,30267206,30267214,8
channel-0,4037556,30267211,30267219,8
channel-75,844884,30267213,30267220,7
channel-5,184254,30267215,30267224,9
channel-122,667790,30267216,30267220,4
channel-199,132607,30267221,30267231,10
channel-5,184255,30267227,30267237,10
channel-2188,43553,30267228,30267233,5
channel-88,467075,30267230,30267262,32
channel-0,4037557,30267234,30267244,10
channel-750,681954,30267237,30267243,6
channel-750,681955,30267237,30267243,6
channel-5,184256,30267241,30267250,9
channel-750,681956,30267256,30267272,16
channel-326,537581,30267258,30267268,10
channel-91017,2774,30267261,30267270,9
channel-216,94153,30267274,30267365,91
channel-4,166862,30267274,30267292,18
channel-750,681957,30267288,30267292,4
channel-208,1489725,30267292,30267303,11
channel-0,4037558,30267305,30267316,11
channel-143,128285,30267311,30267351,40
channel-6994,1323583,30267320,30267335,15
channel-750,681958,30267323,30267330,7
channel-750,681959,30267324,30267330,6
channel-85077,59594,30267342,30267350,8
channel-750,681960,30267349,30267358,9
channel-73755,5828,30267353,30267361,8
channel-750,681961,30267353,30267358,5
channel-750,681962,30267359,30267375,16
channel-0,4037559,30267368,30267379,11
channel-6787,166646,30267368,30267372,4
channel-165,71420,30267375,30267818,443
channel-750,681963,30267378,30267382,4
channel-91017,2775,30267383,30267390,7
channel-750,681964,30267394,30267398,4
channel-0,4037560,30267396,30267407,11
channel-0,4037561,30267398,30267407,9
channel-0,4037562,30267405,30267417,12
channel-6994,1323584,30267420,30267429,9
channel-6787,166647,30267448,30267453,5
channel-6994,1323585,30267450,30267458,8
channel-750,681965,30267452,30267458,6
channel-85077,59595,30267465,30267476,11
channel-2188,43554,30267475,30267480,5
channel-750,681966,30267479,30267484,5
channel-750,681967,30267486,30267497,11
channel-85077,59596,30267486,30267495,9
channel-89321,19374,30267487,30267492,5
channel-326,537582,30267489,30267497,8
channel-750,681968,30267500,30267516,16
channel-6994,1323586,30267521,30267534,13
channel-750,681969,30267526,30267538,12
channel-6994,1323587,30267528,30267537,9
channel-122,667791,30267528,30267534,6
channel-79703,4414,30267536,30267549,13
channel-750,681970,30267541,30267551,10
channel-122,667792,30267543,30267548,5
channel-6994,1323588,30267546,30267557,11
channel-750,681971,30267550,30267554,4
channel-750,681972,30267553,30267558,5
channel-750,681973,30267559,30267564,5
channel-0,4037563,30267560,30267591,31
channel-2188,43555,30267561,30267565,4
channel-85077,59597,30267562,30267572,10
channel-85077,59598,30267567,30267588,21
channel-85077,59599,30267573,30267586,13
channel-0,4037564,30267575,30267587,12
channel-6994,1323589,30267579,30267591,12
channel-750,681974,30267602,30267614,12
channel-6897,5633,30267605,30267838,233
channel-6994,1323590,30267606,30267619,13
channel-2494,31893,30267609,30267621,12
channel-750,681975,30267611,30267625,14
channel-73755,5829,30267614,30267621,7
channel-6994,1323591,30267624,30267639,15
channel-750,681976,30267625,30267637,12
channel-91017,2776,30267629,30267638,9
channel-208,1489726,30267648,30267656,8
channel-750,681977,30267649,30267659,10
channel-75,844885,30267660,30267667,7
channel-0,4037565,30267663,30267673,10
channel-750,681978,30267668,30267683,15
channel-750,681979,30267676,30267683,7
channel-165,71421,30267677,30267823,146
channel-0,4037566,30267681,30267692,11
channel-750,681980,30267682,30267690,8
channel-6994,1323592,30267683,30267694,11
channel-85077,59600,30267683,30267706,23
channel-0,4037567,30267684,30267692,8
channel-750,681981,30267699,30267704,5
channel-0,4037568,30267703,30267714,11
channel-874,292771,30267703,30267707,4
channel-6994,1323593,30267703,30267712,9
channel-750,681982,30267703,30267707,4
channel-85077,59601,30267707,30267743,36
channel-122,667793,30267708,30267712,4
channel-165,71422,30267710,30267827,117
channel-750,681983,30267713,30267719,6
channel-6994,1323594,30267714,30267729,15
channel-6994,1323595,30267719,30267734,15
channel-6994,1323596,30267723,30267734,11
channel-783,104205,30267725,30267732,7
channel-326,537583,30267727,30267734,7
channel-85077,59602,30267740,30267747,7
channel-525,6370,30267744,30267774,30
channel-122,667794,30267745,30267750,5
channel-122,667795,30267747,30267762,15
channel-783,104206,30267750,30267756,6
channel-750,681984,30267751,30267766,15
channel-208,1489727,30267755,30267766,11
channel-208,1489728,30267757,30267766,9
channel-165,71423,30267764,30267816,52
channel-113,301306,30267770,30267801,31
channel-0,4037569,30267774,30267784,10
channel-750,681985,30267776,30267781,5
channel-208,1489729,30267776,30267787,11
channel-6994,1323597,30267779,30267791,12
channel-0,4037570,30267780,30267788,8
channel-874,292772,30267782,30267788,6
channel-750,681986,30267782,30267791,9
channel-750,681987,30267786,30267791,5
channel-38946,124081,30267791,30267808,17
channel-98130,75,30267794,30267812,18
channel-85077,59603,30267794,30267803,9
channel-19774,345819,30267795,30267807,12
channel-19774,345820,30267797,30267807,10
channel-750,681988,30267797,30267812,15
channel-0,4037571,30267798,30267810,12
channel-143,128286,30267803,30267813,10
channel-85077,59604,30267807,30267817,10
channel-0,4037572,30267809,30267814,5
channel-38946,124082,30267809,30267826,17
channel-412,64482,30267813,30267827,14
channel-38946,124083,30267825,30267844,19
channel-6994,1323598,30267834,30267845,11
channel-19774,345821,30267835,30267848,13
channel-6994,1323599,30267840,30267855,15
channel-85077,59605,30267843,30267853,10
channel-38946,124084,30267846,30339140,71294
channel-38946,124085,30267849,30272419,4570
channel-6994,1323600,30267853,30267865,12
channel-38946,124086,30267858,30267878,20
channel-19774,345822,30267861,30267870,9
channel-4,166863,30267865,30267881,16
channel-750,681989,30267869,30267885,16
channel-750,681990,30267870,30267876,6
channel-38946,124087,30267872,30267885,13
channel-19774,345823,30267878,30267887,9
channel-6787,166648,30267880,30267885,5
channel-0,4037573,30267881,30267894,13
channel-19774,345824,30267881,30267888,7
channel-0,4037574,30267883,30267894,11
channel-412,64483,30267883,30267895,12
channel-750,681991,30267884,30267892,8
channel-19774,345825,30267885,30267899,14
channel-19774,345826,30267891,30267903,12
channel-6994,1323601,30267904,30267916,12
channel-20082,9874,30267906,30267915,9
channel-0,4037575,30267915,30267928,13
channel-38946,124088,30267915,30267937,22
channel-19774,345827,30267917,30267926,9
channel-6787,166649,30267927,30267933,6
channel-38946,124089,30267931,30267941,10
channel-412,64484,30267933,30267944,11
channel-122,667796,30267935,30267940,5
channel-75,844886,30267936,30267942,6
channel-259,314218,30267939,30267946,7
channel-208,1489730,30267947,30267959,12
channel-38946,124090,30267951,30267964,13
channel-783,104207,30267964,30267968,4
channel-6994,1323602,30267965,30267977,12
channel-76971,12224,30267968,30267989,21
channel-0,4037576,30267968,30267978,10
channel-208,1489731,30267968,30267978,10
channel-750,681992,30267977,30267981,4
channel-1,408243,30267981,30268003,22
channel-2188,43556,30267981,30267985,4
channel-165,71424,30267988,30267999,11
channel-20082,9875,30267988,30267997,9
channel-75,844887,30267994,30268000,6
channel-0,4037577,30267994,30268008,14
channel-76971,12225,30267997,30268007,10
channel-0,4037578,30267999,30268012,13
channel-122,667797,30268027,30268031,4
channel-326,537584,30268032,30268038,6
channel-5,184257,30268034,30268044,10
channel-165,71425,30268034,30268049,15
channel-0,4037579,30268053,30268064,11
channel-750,681993,30268069,30268075,6
channel-750,681994,30268069,30268081,12
channel-87,182889,30268070,30268088,18
channel-750,681995,30268077,30268087,10
channel-2188,43557,30268078,30268083,5
channel-750,681996,30268086,30268091,5
channel-122,667798,30268089,30268093,4
channel-0,4037580,30268089,30268095,6
channel-2188,43558,30268091,30268096,5
channel-122,667799,30268092,30268096,4
channel-19774,345828,30268095,30268104,9
channel-0,4037581,30268098,30268112,14
channel-85077,59606,30268112,30268122,10
channel-88,467076,30268115,30268133,18
channel-750,681997,30268121,30268126,5
channel-0,4037582,30268125,30268137,12
channel-208,1489732,30268128,30268139,11
channel-750,681998,30268140,30268162,22
channel-75,844888,30268148,30268157,9
channel-6994,1323603,30268148,30268160,12
channel-362,86676,30268158,30268172,14
channel-750,681999,30268158,30268172,14
channel-750,682000,30268161,30268166,5
channel-204,670762,30268176,30268185,9
channel-75,844889,30268176,30268184,8
channel-1,408244,30268200,30268218,18
channel-199,132608,30268204,30268211,7
channel-750,682001,30268211,30268223,12
channel-42,1489945,30268212,30268218,6
channel-4,166864,30268222,30268246,24
channel-79703,4415,30268229,30268241,12
channel-85077,59607,30268230,30268241,11
channel-259,314219,30268230,30268237,7
channel-85077,59608,30268237,30268249,12
channel-6994,1323604,30268238,30268247,9
channel-0,4037583,30268243,30268255,12
channel-122,667800,30268271,30268275,4
channel-8,43451,30268271,30268285,14
channel-0,4037584,30268272,30268283,11
channel-750,682002,30268278,30268289,11
channel-412,64485,30268279,30268293,14
channel-0,4037585,30268279,30268288,9
channel-0,4037586,30268280,30268294,14
channel-188,190542,30268281,30268290,9
channel-91017,2777,30268288,30268297,9
channel-0,4037587,30268301,30268314,13
channel-412,64486,30268314,30268324,10
channel-122,667801,30268317,30268321,4
channel-19774,345829,30268328,30268338,10
channel-750,682003,30268335,30268364,29
channel-2,130597,30268352,30268361,9
channel-79241,950,30268355,30268364,9
channel-6994,1323605,30268358,30268368,10
channel-2188,43559,30268360,30268364,4
channel-412,64487,30268364,30268399,35
channel-19774,345830,30268365,30268377,12
channel-6994,1323606,30268372,30268383,11
channel-0,4037588,30268373,30268383,10
channel-85077,59609,30268377,30268386,9
channel-0,4037589,30268381,30268393,12
channel-85077,59610,30268388,30268396,8
channel-750,682004,30268392,30268408,16
channel-782,310115,30268394,30268399,5
channel-89321,19375,30268404,30268410,6
channel-6994,1323607,30268421,30268432,11
channel-6994,1323608,30268438,30268451,13
channel-326,537585,30268444,30268453,9
channel-326,537586,30268444,30268453,9
channel-326,537587,30268444,30268453,9
channel-326,537588,30268444,30268453,9
channel-91017,2778,30268448,30268456,8
channel-6994,1323609,30268455,30268465,10
channel-208,1489733,30268455,30268467,12
channel-122,667802,30268456,30268459,3
channel-2,130598,30268461,30268473,12
channel-0,4037590,30268469,30268478,9
channel-85077,59611,30268483,30268492,9
channel-2,130599,30268487,30268499,12
channel-8945,17739,30268491,30268502,11
channel-1,408245,30268499,30268509,10
channel-165,71431,30268500,30268528,28
channel-874,292773,30268502,30268522,20
channel-75,844890,30268503,30268509,6
channel-0,4037591,30268518,30268531,13
channel-208,1489734,30268536,30268547,11
channel-165,71432,30268539,30269098,559
channel-85077,59612,30268541,30268551,10
channel-8945,17740,30268544,30268553,9
channel-89298,18616,30268549,30268557,8
channel-0,4037592,30268552,30268564,12
channel-19774,345831,30268552,30268561,9
channel-874,292774,30268579,30268586,7
channel-0,4037593,30268608,30268618,10
channel-6994,1323610,30268613,30268624,11
channel-2186,40763,30268638,30268658,20
channel-4,166865,30268645,30268666,21
channel-19774,345832,30268655,30268663,8
channel-0,4037594,30268665,30268674,9
channel-1,408246,30268666,30268682,16
channel-412,64488,30268667,30268675,8
channel-0,4037595,30268667,30268678,11
channel-42,1489946,30268669,30268674,5
channel-89298,18617,30268673,30268683,10
channel-0,4037596,30268678,30268689,11
channel-6994,1323611,30268686,30268695,9
channel-750,682005,30268691,30268711,20
channel-340,3168,30268694,30268701,7
channel-259,314220,30268696,30268702,6
channel-412,64489,30268700,30268709,9
channel-208,1489735,30268700,30268710,10
channel-750,682006,30268704,30268709,5
channel-6994,1323612,30268719,30268746,27
channel-326,537589,30268722,30268749,27
channel-88,467077,30268733,30268746,13
channel-259,314221,30268741,30268747,6
channel-750,682007,30268757,30268774,17
channel-0,4037597,30268763,30268776,13
channel-750,682008,30268767,30268780,13
channel-0,4037598,30268769,30268781,12
channel-0,4037599,30268772,30268781,9
channel-0,4037600,30268776,30268800,24
channel-0,4037601,30268780,30268792,12
channel-412,64490,30268780,30268793,13
channel-6994,1323613,30268787,30268799,12
channel-0,4037602,30268787,30268798,11
channel-85077,59613,30268798,30268804,6
channel-0,4037603,30268798,30268807,9
channel-0,4037604,30268799,30268807,8
channel-0,4037605,30268801,30268810,9
channel-0,4037606,30268804,30268816,12
channel-6994,1323614,30268814,30268827,13
channel-0,4037607,30268816,30268828,12
channel-782,310116,30268825,30268832,7
channel-6994,1323615,30268834,30268848,14
channel-0,4037608,30268846,30268856,10
channel-0,4037609,30268849,30268859,10
channel-6994,1323616,30268852,30268862,10
channel-326,537590,30268858,30268877,19
channel-85077,59614,30268866,30268876,10
channel-19774,345833,30268875,30268883,8
channel-122,667803,30268879,30268883,4
channel-0,4037610,30268887,30268895,8
channel-0,4037611,30268893,30268914,21
channel-750,682009,30268893,30268903,10
channel-0,4037612,30268893,30268904,11
channel-122,667804,30268897,30268901,4
channel-38946,124091,30268915,30268932,17
channel-85077,59615,30268916,30268923,7
channel-2188,43560,30268917,30268921,4
channel-767,14359,30268921,30268931,10
channel-208,1489736,30268925,30268933,8
channel-208,1489737,30268951,30268962,11
channel-0,4037613,30268969,30268995,26
channel-208,1489738,30268971,30268982,11
channel-85077,59616,30268971,30268983,12
channel-6994,1323617,30268991,30269000,9
channel-0,4037614,30268998,30269009,11
channel-38946,124092,30269000,30269019,19
channel-2186,40764,30269004,30269016,12
channel-122,667805,30269004,30269008,4
channel-94814,3746,30269005,30269013,8
channel-75,844891,30269014,30269022,8
channel-6994,1323618,30269017,30269031,14
channel-6994,1323619,30269025,30269038,13
channel-0,4037615,30269035,30269041,6
channel-750,682010,30269039,30269041,2
channel-89298,18618,30269041,30269051,10
channel-89321,19376,30269044,30269070,26
channel-75,844892,30269045,30269051,6
channel-0,4037616,30269051,30269064,13
channel-0,4037617,30269056,30269070,14
channel-208,1489739,30269057,30269069,12
channel-85077,59617,30269058,30269069,11
channel-15464,2652,30269065,30269080,15
channel-79703,4416,30269080,30269091,11
channel-38946,124093,30269088,30269099,11
channel-208,1489740,30269099,30269110,11
channel-199,132609,30269101,30269110,9
channel-750,682011,30269109,30269122,13
channel-208,1489741,30269112,30269121,9
channel-199,132610,30269114,30269124,10
channel-216,94154,30269115,30269186,71
channel-874,292775,30269122,30269127,5
channel-340,3169,30269124,30269133,9
channel-0,4037618,30269135,30269144,9
channel-6994,1323620,30269138,30269151,13
channel-122,667806,30269152,30269156,4
channel-750,682012,30269158,30269167,9
channel-874,292776,30269168,30269173,5
channel-122,667807,30269171,30269175,4
channel-0,4037619,30269174,30269185,11
channel-750,682013,30269178,30269183,5
channel-88,467078,30269193,30269213,20
channel-6994,1323621,30269204,30269217,13
channel-750,682014,30269222,30269235,13
channel-0,4037620,30269227,30269237,10
channel-251,85174,30269227,30269236,9
channel-0,4037621,30269236,30269245,9
channel-750,682015,30269237,30269241,4
channel-0,4037622,30269243,30269254,11
channel-750,682016,30269264,30269275,11
channel-85077,59618,30269269,30269284,15
channel-750,682017,30269274,30269285,11
channel-6994,1323622,30269278,30269289,11
channel-750,682018,30269281,30269297,16
channel-0,4037623,30269289,30269302,13
channel-0,4037624,30269295,30269305,10
channel-0,4037625,30269304,30269333,29
channel-0,4037626,30269305,30269314,9
channel-98130,76,30269306,30269319,13
channel-0,4037627,30269314,30269323,9
channel-750,682019,30269322,30269372,50
channel-38946,124094,30269322,30269336,14
channel-750,682020,30269322,30269372,50
channel-0,4037628,30269330,30269347,17
channel-85077,59619,30269336,30269346,10
channel-204,670763,30269338,30269347,9
channel-750,682021,30269339,30269349,10
channel-6994,1323623,30269340,30269355,15
channel-750,682022,30269347,30269359,12
channel-6994,1323624,30269349,30269361,12
channel-0,4037629,30269351,30269359,8
channel-42,1489947,30269353,30269361,8
channel-6994,1323625,30269355,30269364,9
channel-6994,1323626,30269366,30269379,13
channel-6994,1323627,30269368,30269379,11
channel-6994,1323628,30269373,30269385,12
channel-85077,59620,30269374,30269385,11
channel-0,4037630,30269377,30269385,8
channel-0,4037631,30269386,30269399,13
channel-4,166866,30269389,30269422,33
channel-0,4037632,30269393,30269405,12
channel-208,1489742,30269394,30269404,10
channel-76971,12226,30269397,30269412,15
channel-6994,1323629,30269414,30269424,10
channel-0,4037633,30269416,30269426,10
channel-75,844893,30269418,30269424,6
channel-750,682023,30269420,30269429,9
channel-89298,18619,30269421,30269432,11
channel-85077,59621,30269422,30269430,8
channel-85077,59622,30269423,30269440,17
channel-85077,59623,30269430,30269448,18
channel-85077,59624,30269440,30269460,20
channel-89321,19377,30269444,30269454,10
channel-0,4037634,30269446,30269458,12
channel-15464,2653,30269446,30269460,14
channel-6994,1323630,30269459,30269468,9
channel-6994,1323631,30269460,30269492,32
channel-0,4037635,30269463,30269471,8
channel-750,682024,30269466,30269469,3
channel-85077,59625,30269468,30269478,10
channel-208,1489743,30269474,30269485,11
channel-0,4037636,30269477,30269488,11
channel-85077,59626,30269477,30269485,8
channel-143,128287,30269482,30269491,9
channel-6994,1323632,30269484,30269497,13
channel-75,844894,30269484,30269492,8
channel-98130,77,30269485,30269501,16
channel-75,844895,30269489,30269497,8
channel-750,682025,30269497,30269513,16
channel-85077,59627,30269499,30269509,10
channel-750,682026,30269501,30269507,6
channel-0,4037637,30269501,30269512,11
channel-75,844896,30269502,30269510,8
channel-750,682027,30269504,30269514,10
channel-85077,59628,30269504,30269514,10
channel-85077,59629,30269504,30269518,14
channel-89321,19378,30269505,30269514,9
channel-6994,1323633,30269514,30269523,9
channel-0,4037638,30269515,30269522,7
channel-750,682028,30269516,30269521,5
channel-0,4037639,30269520,30269529,9
channel-89321,19379,30269520,30269526,6
channel-204,670764,30269522,30269533,11
channel-85077,59630,30269522,30269532,10
channel-0,4037640,30269523,30269534,11
channel-6994,1323634,30269525,30269537,12
channel-2186,40765,30269526,30269537,11
channel-85077,59631,30269526,30269535,9
channel-19774,345834,30269533,30269542,9
channel-750,682029,30269533,30269538,5
channel-76971,12227,30269534,30269553,19
channel-6994,1323635,30269535,30269547,12
channel-0,4037641,30269535,30269543,8
channel-208,1489744,30269538,30269550,12
channel-75,844897,30269538,30269547,9
channel-98130,78,30269538,30269555,17
channel-85077,59632,30269546,30269558,12
channel-750,682030,30269549,30269571,22
channel-85077,59633,30269551,30269567,16
channel-0,4037642,30269552,30269562,10
channel-88,467079,30269553,30269619,66
channel-6994,1323636,30269556,30269568,12
channel-750,682031,30269556,30269561,5
channel-229,55007,30269558,30269571,13
channel-85077,59634,30269558,30269567,9
channel-0,4037643,30269564,30269576,12
channel-98130,79,30269579,30269595,16
channel-85077,59635,30269581,30269593,12
channel-1575,15185,30269586,30269600,14
channel-6994,1323637,30269588,30269601,13
channel-6994,1323638,30269593,30269606,13
channel-75,844898,30269596,30269604,8
channel-750,682032,30269604,30269621,17
channel-750,682033,30269609,30269614,5
channel-208,1489745,30269610,30269623,13
channel-98130,80,30269611,30269627,16
channel-85077,59636,30269637,30269647,10
channel-208,1489746,30269639,30269648,9
channel-42,1489948,30269642,30269652,10
channel-76971,12228,30269643,30269667,24
channel-750,682034,30269644,30269650,6
channel-216,94155,30269645,30269676,31
channel-75,844899,30269646,30269653,7
channel-216,94156,30269651,30269676,25
channel-6994,1323639,30269656,30269672,16
channel-122,667808,30269656,30269660,4
channel-0,4037644,30269666,30269678,12
channel-5485,1705,30269671,30269682,11
channel-1,408247,30269676,30269686,10
channel-75,844900,30269676,30269682,6
channel-2188,43561,30269679,30269684,5
channel-38946,124095,30269686,30269703,17
channel-6994,1323640,30269689,30269700,11
channel-75,844901,30269689,30269696,7
channel-38946,124096,30269690,30269703,13
channel-76971,12229,30269696,30269703,7
channel-85077,59637,30269698,30269707,9
channel-6994,1323641,30269699,30269711,12
channel-88,467080,30269717,30269732,15
channel-874,292777,30269719,30269726,7
channel-75,844902,30269722,30269731,9
channel-79703,4417,30269728,30269739,11
channel-522,40425,30269730,30269739,9
channel-750,682035,30269730,30269739,9
channel-6994,1323642,30269736,30269772,36
channel-85077,59638,30269737,30269751,14
channel-79703,4418,30269746,30269761,15
channel-208,1489747,30269747,30269757,10
channel-0,4037645,30269748,30269769,21
channel-85077,59639,30269755,30269765,10
channel-85077,59640,30269771,30269783,12
channel-98130,81,30269776,30269788,12
channel-6994,1323643,30269786,30269799,13
channel-6994,1323644,30269789,30269799,10
channel-6994,1323645,30269794,30269804,10
channel-6994,1323646,30269807,30269825,18
channel-6994,1323647,30269819,30269831,12
channel-85077,59641,30269822,30269832,10
channel-75,844903,30269823,30269830,7
channel-6994,1323648,30269823,30269836,13
channel-750,682036,30269825,30269832,7
channel-6994,1323649,30269825,30269836,11
channel-208,1489748,30269826,30269838,12
channel-204,670765,30269829,30269838,9
channel-0,4037646,30269830,30269842,12
channel-208,1489749,30269839,30269852,13
channel-208,1489750,30269840,30269852,12
channel-85077,59642,30269844,30269857,13
channel-1,408248,30269847,30269862,15
channel-874,292778,30269849,30269854,5
channel-0,4037647,30269849,30269865,16
channel-208,1489751,30269849,30269861,12
channel-21113,25299,30269852,30269859,7
channel-0,4037648,30269853,30269870,17
channel-0,4037649,30269853,30269875,22
channel-85077,59643,30269856,30269864,8
channel-85077,59644,30269858,30269870,12
channel-76971,12230,30269860,30269880,20
channel-85077,59645,30269861,30269878,17
channel-0,4037650,30269862,30269870,8
channel-0,4037651,30269864,30269875,11
channel-85077,59646,30269865,30269878,13
channel-85077,59647,30269869,30269878,9
channel-85077,59648,30269882,30269892,10
channel-79180,3373,30269882,30269890,8
channel-1429,140690,30269883,30269897,14
channel-6994,1323650,30269887,30269899,12
channel-122,667809,30269888,30269900,12
channel-0,4037652,30269895,30269904,9
channel-85077,59649,30269897,30269907,10
channel-85077,59650,30269899,30269910,11
channel-85077,59651,30269900,30269912,12
channel-216,94160,30269900,30270132,232
channel-750,682037,30269902,30269913,11
channel-750,682038,30269906,30269912,6
channel-85077,59652,30269907,30269918,11
channel-75,844904,30269907,30269914,7
channel-21113,25300,30269912,30269920,8
channel-6994,1323651,30269914,30269923,9
channel-85077,59653,30269914,30269923,9
channel-750,682039,30269918,30269929,11
channel-750,682040,30269921,30269932,11
channel-0,4037653,30269921,30269932,11
channel-6994,1323652,30269924,30269937,13
channel-750,682041,30269932,30269939,7
channel-750,682042,30269932,30269936,4
channel-5485,1706,30269934,30269948,14
channel-208,1489752,30269936,30269946,10
channel-122,667810,30269942,30269945,3
channel-85077,59654,30269943,30269951,8
channel-85077,59655,30269943,30269951,8
channel-122,667811,30269946,30269951,5
channel-216,94162,30269951,30270132,181
channel-21113,25301,30269953,30269958,5
channel-208,1489753,30269958,30269971,13
channel-0,4037654,30269960,30269968,8
channel-0,4037655,30269962,30269974,12
channel-85077,59656,30269963,30269972,9
channel-0,4037656,30269965,30269974,9
channel-0,4037657,30269966,30269987,21
channel-5485,1707,30269968,30269979,11
channel-0,4037658,30269974,30269982,8
channel-5485,1708,30269985,30269997,12
channel-97998,52,30270006,30270012,6
channel-0,4037659,30270007,30270018,11
channel-85077,59657,30270009,30270021,12
channel-6994,1323653,30270012,30270026,14
channel-208,1489754,30270014,30270028,14
channel-1,408249,30270015,30270040,25
channel-0,4037660,30270020,30270033,13
channel-208,1489755,30270036,30270046,10
channel-259,314222,30270041,30270047,6
channel-85077,59658,30270069,30270078,9
channel-216,94163,30270070,30270132,62
channel-750,682043,30270082,30270086,4
channel-0,4037661,30270082,30270092,10
channel-204,670766,30270083,30270091,8
channel-750,682044,30270097,30270105,8
channel-122,667812,30270098,30270106,8
channel-143,128288,30270101,30270110,9
channel-216,94164,30270106,30270169,63
channel-75,844905,30270116,30270122,6
channel-750,682045,30270123,30270133,10
channel-874,292779,30270124,30270129,5
channel-208,1489756,30270132,30270142,10
channel-6994,1323654,30270134,30270143,9
channel-750,682046,30270153,30270164,11
channel-2188,43562,30270162,30270167,5
channel-326,537591,30270165,30270170,5
channel-6994,1323655,30270168,30270177,9
channel-0,4037662,30270182,30270193,11
channel-122,667813,30270184,30270187,3
channel-750,682047,30270189,30270201,12
channel-0,4037663,30270190,30270202,12
channel-259,314223,30270200,30270207,7
channel-0,4037664,30270212,30270220,8
channel-88,467081,30270217,30270235,18
channel-0,4037665,30270220,30270248,28
channel-208,1489757,30270231,30270243,12
channel-122,667814,30270232,30270235,3
channel-6994,1323656,30270235,30270249,14
channel-782,310117,30270238,30270244,6
channel-122,667815,30270252,30270256,4
channel-0,4037666,30270253,30270264,11
channel-76971,12231,30270260,30270274,14
channel-750,682048,30270269,30270288,19
channel-82,18948,30270269,30270299,30
channel-6994,1323657,30270276,30270309,33
channel-782,310118,30270277,30270284,7
channel-115,20356,30270286,30270296,10
channel-6994,1323658,30270306,30270320,14
channel-20082,9876,30270308,30270318,10
channel-75,844906,30270312,30270319,7
channel-782,310119,30270320,30270326,6
channel-204,670767,30270326,30270339,13
channel-6994,1323659,30270331,30270346,15
channel-0,4037667,30270335,30270345,10
channel-6994,1323660,30270338,30270350,12
channel-341,3387,30270342,30270356,14
channel-42,1489949,30270344,30270350,6
channel-750,682049,30270354,30270360,6
channel-782,310120,30270356,30270361,5
channel-0,4037668,30270358,30270369,11
channel-0,4037669,30270376,30270386,10
channel-782,310121,30270376,30270383,7
channel-522,40426,30270378,30270431,53
channel-750,682050,30270383,30270398,15
channel-782,310122,30270388,30270397,9
channel-2188,43563,30270392,30270396,4
channel-6994,1323661,30270395,30270406,11
channel-750,682051,30270397,30270420,23
channel-6994,1323662,30270418,30270443,25
channel-6994,1323663,30270419,30270431,12
channel-2188,43564,30270422,30270427,5
channel-6994,1323664,30270424,30270434,10
channel-750,682052,30270424,30270429,5
channel-0,4037670,30270441,30270450,9
channel-85077,59659,30270449,30270459,10
channel-326,537592,30270453,30270460,7
channel-122,667816,30270471,30270475,4
channel-122,667817,30270473,30270477,4
channel-326,537593,30270473,30270483,10
channel-208,1489758,30270484,30270495,11
channel-85077,59660,30270489,30270499,10
channel-782,310123,30270491,30270496,5
channel-4,166867,30270492,30270555,63
channel-6994,1323665,30270500,30270514,14
channel-6994,1323666,30270508,30270520,12
channel-750,682053,30270511,30270521,10
channel-750,682054,30270514,30270520,6
channel-6994,1323667,30270517,30270536,19
channel-259,314224,30270534,30270540,6
channel-85077,59661,30270536,30270544,8
channel-874,292780,30270540,30270547,7
channel-326,537594,30270544,30270548,4
channel-2188,43565,30270548,30270553,5
channel-6994,1323668,30270550,30270562,12
channel-0,4037671,30270550,30270558,8
channel-6994,1323669,30270550,30270562,12
channel-6994,1323670,30270558,30270571,13
channel-89321,19380,30270561,30270570,9
channel-216,94165,30270570,30270588,18
channel-1,408250,30270572,30270599,27
channel-750,682055,30270572,30270577,5
channel-89321,19381,30270583,30270590,7
channel-782,310124,30270586,30270593,7
channel-6994,1323671,30270593,30270613,20
channel-204,670769,30270594,30270605,11
channel-0,4037672,30270597,30270608,11
channel-75,844907,30270599,30270605,6
channel-122,667818,30270613,30270617,4
channel-38946,124097,30270615,30270628,13
channel-750,682056,30270616,30270632,16
channel-79703,4419,30270659,30270671,12
channel-6994,1323672,30270669,30270682,13
channel-6994,1323673,30270679,30270709,30
channel-6994,1323674,30270681,30270704,23
channel-750,682057,30270718,30270729,11
channel-782,310125,30270720,30270724,4
channel-4,166868,30270724,30270746,22
channel-6994,1323675,30270732,30270742,10
channel-75,844908,30270742,30270748,6
channel-2494,31894,30270745,30270755,10
channel-6994,1323676,30270749,30270760,11
channel-208,1489759,30270753,30270765,12
channel-208,1489760,30270778,30270790,12
channel-0,4037673,30270788,30270795,7
channel-6787,166650,30270790,30270794,4
channel-0,4037674,30270794,30270806,12
channel-85791,3746,30270799,30270805,6
channel-0,4037675,30270800,30270806,6
channel-85077,59662,30270802,30270868,66
channel-750,682058,30270806,30270818,12
channel-208,1489761,30270807,30270819,12
channel-6994,1323677,30270811,30270825,14
channel-122,667819,30270814,30270818,4
channel-750,682059,30270816,30270821,5
channel-6787,166651,30270817,30270821,4
channel-782,310126,30270833,30270839,6
channel-874,292781,30270837,30270842,5
channel-6994,1323678,30270840,30270856,16
channel-750,682060,30270844,30270863,19
channel-75,844909,30270854,30270862,8
channel-750,682061,30270860,30270863,3
channel-782,310127,30270861,30270868,7
channel-208,1489762,30270861,30270873,12
channel-0,4037676,30270877,30270902,25
channel-251,85175,30270881,30270889,8
channel-0,4037677,30270884,30270898,14
channel-0,4037678,30270885,30270909,24
channel-750,682062,30270893,30270910,17
channel-6994,1323679,30270907,30270921,14
channel-341,3388,30270907,30270915,8
channel-0,4037679,30270920,30270940,20
channel-208,1489763,30270921,30270934,13
channel-0,4037680,30270922,30270946,24
channel-208,1489764,30270923,30270934,11
channel-122,667820,30270937,30270940,3
channel-6994,1323680,30270937,30270950,13
channel-89298,18621,30270939,30270949,10
channel-199,132611,30270940,30270953,13
channel-113,301307,30270942,30270988,46
channel-122,667821,30270946,30270950,4
channel-122,667822,30270959,30270963,4
channel-85077,59663,30270961,30270968,7
channel-412,64491,30270967,30270976,9
channel-6994,1323681,30270971,30270989,18
channel-4,166869,30270972,30270999,27
channel-85077,59664,30270978,30270987,9
channel-89321,19382,30270983,30271022,39
channel-208,1489765,30270989,30271000,11
channel-208,1489766,30270992,30271004,12
channel-0,4037681,30270992,30271005,13
channel-98130,82,30270999,30271014,15
channel-85077,59665,30271003,30271013,10
channel-6994,1323682,30271011,30271025,14
channel-2,130600,30271015,30271030,15
channel-85077,59666,30271019,30271028,9
channel-0,4037682,30271021,30271032,11
channel-108,39836,30271022,30271075,53
channel-6994,1323683,30271025,30271038,13
channel-326,537595,30271042,30271051,9
channel-750,682063,30271046,30271060,14
channel-122,667823,30271049,30271053,4
channel-208,1489767,30271063,30271073,10
channel-108,39837,30271064,30271075,11
channel-216,94166,30271068,30271176,108
channel-75,844910,30271072,30271077,5
channel-6994,1323684,30271085,30271100,15
channel-6994,1323685,30271090,30271119,29
channel-6994,1323686,30271091,30271105,14
channel-259,314225,30271102,30271108,6
channel-199,132612,30271103,30271114,11
channel-85077,59667,30271105,30271117,12
channel-2494,31895,30271111,30271121,10
channel-85077,59668,30271116,30271125,9
channel-750,682064,30271123,30271133,10
channel-412,64492,30271125,30271138,13
channel-6994,1323687,30271128,30271140,12
channel-0,4037683,30271129,30271141,12
channel-208,1489768,30271131,30271140,9
channel-6994,1323688,30271134,30271144,10
channel-204,670770,30271134,30271142,8
channel-326,537596,30271136,30271145,9
channel-326,537597,30271136,30271145,9
channel-326,537598,30271136,30271145,9
channel-326,537599,30271136,30271145,9
channel-326,537600,30271136,30271145,9
channel-750,682065,30271137,30271150,13
channel-6994,1323689,30271137,30271155,18
channel-750,682066,30271140,30271154,14
channel-0,4037684,30271145,30271157,12
channel-750,682067,30271151,30271208,57
channel-1,408251,30271153,30271162,9
channel-750,682068,30271158,30271165,7
channel-199,132613,30271159,30271167,8
channel-85077,59669,30271160,30271169,9
channel-85077,59670,30271164,30271170,6
channel-199,132614,30271171,30271180,9
channel-85077,59671,30271177,30271190,13
channel-79703,4420,30271180,30271191,11
channel-199,132615,30271183,30271191,8
channel-6994,1323690,30271186,30271195,9
channel-42,1489950,30271190,30271213,23
channel-0,4037685,30271193,30271203,10
channel-6994,1323691,30271196,30271211,15
channel-1,408252,30271215,30271234,19
channel-750,682069,30271216,30271230,14
channel-85077,59672,30271217,30271228,11
channel-0,4037686,30271222,30271242,20
channel-6994,1323692,30271238,30271258,20
channel-750,682070,30271241,30271254,13
channel-199,132616,30271248,30271260,12
channel-6994,1323693,30271248,30271261,13
channel-6994,1323694,30271259,30271268,9
channel-6994,1323695,30271260,30271268,8
channel-199,132617,30271264,30271275,11
channel-6994,1323696,30271283,30271293,10
channel-750,682071,30271289,30271293,4
channel-85077,59673,30271291,30271300,9
channel-750,682072,30271308,30271312,4
channel-199,132618,30271310,30271321,11
channel-6994,1323697,30271315,30271333,18
channel-326,537601,30271318,30271325,7
channel-199,132619,30271319,30271331,12
channel-75016,4579,30271320,30271340,20
channel-2494,31896,30271325,30271334,9
channel-143,128289,30271331,30271348,17
channel-75,844911,30271344,30271351,7
channel-6994,1323698,30271344,30271357,13
channel-0,4037687,30271348,30271356,8
channel-1634,6716,30271356,30271365,9
channel-6994,1323699,30271356,30271365,9
channel-0,4037688,30271362,30271373,11
channel-6994,1323700,30271364,30271374,10
channel-88,467082,30271364,30271376,12
channel-199,132620,30271365,30271380,15
channel-6994,1323701,30271368,30271380,12
channel-6994,1323702,30271375,30271385,10
channel-0,4037689,30271379,30271401,22
channel-89321,19383,30271383,30271389,6
channel-6994,1323703,30271383,30271393,10
channel-750,682073,30271383,30271394,11
channel-6897,5634,30271391,30271399,8
channel-199,132621,30271394,30271405,11
channel-6994,1323704,30271395,30271410,15
channel-199,132622,30271408,30271419,11
channel-0,4037690,30271433,30271444,11
channel-2,130601,30271436,30271447,11
channel-6994,1323705,30271440,30271454,14
channel-42,1489951,30271444,30271452,8
channel-326,537602,30271449,30271455,6
channel-85077,59674,30271449,30271460,11
channel-75,844912,30271451,30271462,11
channel-0,4037691,30271455,30271468,13
channel-6,66633,30271458,30271470,12
channel-6994,1323706,30271460,30271475,15
channel-6994,1323707,30271468,30271480,12
channel-0,4037692,30271472,30271481,9
channel-208,1489769,30271480,30271489,9
channel-75016,4580,30271484,30271501,17
channel-0,4037693,30271488,30271501,13
channel-0,4037694,30271491,30271514,23
channel-85077,59675,30271491,30271509,18
channel-85077,59676,30271495,30271504,9
channel-85077,59677,30271504,30271519,15
channel-85077,59678,30271507,30271519,12
channel-75,844913,30271509,30271516,7
channel-6994,1323708,30271512,30271523,11
channel-85077,59679,30271515,30271525,10
channel-6994,1323709,30271544,30271555,11
channel-85077,59680,30271546,30271555,9
channel-85077,59681,30271547,30271562,15
channel-6994,1323710,30271554,30271566,12
channel-85077,59682,30271563,30271577,14
channel-75016,4581,30271567,30271587,20
channel-85077,59683,30271573,30271587,14
channel-85077,59684,30271575,30271581,6
channel-6994,1323711,30271578,30271592,14
channel-75016,4582,30271581,30271600,19
channel-340,3170,30271589,30271601,12
channel-85077,59685,30271589,30271598,9
channel-75,844914,30271589,30271597,8
channel-6994,1323712,30271592,30271603,11
channel-2188,43566,30271593,30271597,4
channel-85077,59686,30271596,30271603,7
channel-85077,59687,30271600,30271619,19
channel-326,537603,30271612,30271619,7
channel-75016,4583,30271619,30271641,22
channel-2186,40766,30271622,30271636,14
channel-75016,4584,30271625,30271647,22
channel-1,408253,30271627,30271642,15
channel-6994,1323713,30271627,30271638,11
channel-75016,4585,30271629,30271647,18
channel-85077,59688,30271637,30271646,9
channel-85077,59689,30271637,30271646,9
channel-6994,1323714,30271646,30271655,9
channel-75016,4586,30271648,30271672,24
channel-6994,1323715,30271649,30271660,11
channel-750,682074,30271666,30271682,16
channel-6994,1323716,30271676,30271690,14
channel-6994,1323717,30271685,30271697,12
channel-208,1489770,30271688,30271701,13
channel-6994,1323718,30271690,30271702,12
channel-0,4037695,30271690,30271699,9
channel-0,4037696,30271694,30271704,10
channel-6994,1323719,30271699,30271712,13
channel-208,1489771,30271701,30271713,12
channel-6994,1323720,30271710,30271723,13
channel-75,844915,30271711,30271722,11
channel-122,667824,30271712,30271716,4
channel-642,126494,30271719,30271733,14
channel-6994,1323721,30271719,30271731,12
channel-1,408254,30271722,30271754,32
channel-0,4037697,30271726,30271738,12
channel-0,4037698,30271730,30271757,27
channel-750,682075,30271733,30271738,5
channel-750,682076,30271739,30271745,6
channel-75016,4587,30271747,30271768,21
channel-75016,4588,30271754,30271776,22
channel-75016,4589,30271755,30271776,21
channel-75,844916,30271755,30271763,8
channel-0,4037699,30271766,30271786,20
channel-75016,4590,30271774,30271791,17
channel-75016,4591,30271776,30271799,23
channel-0,4037700,30271776,30271786,10
channel-750,682077,30271778,30271783,5
channel-75016,4592,30271778,30271799,21
channel-75016,4593,30271780,30271799,19
channel-208,1489772,30271788,30271797,9
channel-113,301308,30271790,30271904,114
channel-412,64493,30271793,30271802,9
channel-2188,43567,30271796,30271800,4
channel-208,1489773,30271800,30271809,9
channel-0,4037701,30271804,30271815,11
channel-75016,4594,30271804,30271822,18
channel-75016,4595,30271805,30271822,17
channel-85077,59690,30271805,30271812,7
channel-75016,4596,30271805,30271822,17
channel-6994,1323722,30271806,30271816,10
channel-0,4037702,30271809,30271831,22
channel-42,1489952,30271810,30271817,7
channel-85077,59691,30271814,30271824,10
channel-2188,43568,30271815,30271820,5
channel-85077,59692,30271815,30271830,15
channel-75016,4597,30271815,30271840,25
channel-750,682078,30271817,30271840,23
channel-783,104208,30271817,30271826,9
channel-412,64494,30271819,30271829,10
channel-6994,1323723,30271827,30271841,14
channel-2186,40767,30271829,30271841,12
channel-2188,43569,30271837,30271841,4
channel-94814,3747,30271837,30271849,12
channel-0,4037703,30271842,30271855,13
channel-0,4037704,30271845,30271872,27
channel-75016,4598,30271846,30271865,19
channel-0,4037705,30271848,30271867,19
channel-85077,59693,30271849,30271861,12
channel-6994,1323724,30271856,30271869,13
channel-85077,59694,30271856,30271864,8
channel-85077,59695,30271859,30271867,8
channel-2188,43570,30271860,30271864,4
channel-85077,59696,30271863,30271870,7
channel-6994,1323725,30271876,30271887,11
channel-6994,1323726,30271877,30271887,10
channel-199,132623,30271880,30271890,10
channel-2188,43571,30271882,30271887,5
channel-6994,1323727,30271883,30271892,9
channel-0,4037706,30271888,30271906,18
channel-6994,1323728,30271904,30271914,10
channel-75016,4599,30271907,30271922,15
channel-6994,1323729,30271909,30271922,13
channel-85077,59697,30271910,30271918,8
channel-1,408255,30271912,30271921,9
channel-0,4037707,30271917,30271928,11
channel-85077,59698,30271917,30271927,10
channel-0,4037708,30271919,30271944,25
channel-75016,4600,30271920,30271937,17
channel-6994,1323730,30271921,30271930,9
channel-75016,4601,30271924,30271944,20
channel-6994,1323731,30271928,30271940,12
channel-750,682079,30271932,30271936,4
channel-75016,4602,30271932,30271960,28
channel-0,4037709,30271933,30271944,11
channel-0,4037710,30271934,30271944,10
channel-75,844917,30271934,30271944,10
channel-750,682080,30271935,30271940,5
channel-76971,12232,30271936,30271960,24
channel-0,4037711,30271939,30271953,14
channel-750,682081,30271942,30271952,10
channel-750,682082,30271944,30271955,11
channel-208,1489774,30271944,30271957,13
channel-75016,4603,30271947,30271967,20
channel-208,1489775,30271948,30271961,13
channel-6994,1323732,30271952,30271962,10
channel-6994,1323733,30271953,30271962,9
channel-750,682083,30271953,30271966,13
channel-750,682084,30271960,30271966,6
channel-0,4037712,30271972,30271999,27
channel-89298,18622,30271972,30271980,8
channel-6994,1323734,30271976,30271988,12
channel-21113,25302,30271976,30271986,10
channel-2494,31897,30271976,30271987,11
channel-340,3171,30271978,30271988,10
channel-750,682085,30271991,30271996,5
channel-6994,1323735,30271998,30272013,15
channel-750,682086,30272000,30272006,6
channel-75,844918,30272001,30272009,8
channel-208,1489776,30272002,30272016,14
channel-0,4037713,30272012,30272025,13
channel-85077,59699,30272016,30272027,11
channel-6994,1323736,30272020,30272030,10
channel-0,4037714,30272034,30272043,9
channel-874,292782,30272035,30272039,4
channel-767,14360,30272037,30272047,10
channel-85077,59700,30272038,30272047,9
channel-208,1489777,30272039,30272049,10
channel-75016,4604,30272044,30272065,21
channel-0,4037715,30272067,30272078,11
channel-0,4037716,30272067,30272078,11
channel-6994,1323737,30272075,30272089,14
channel-767,14361,30272075,30272084,9
channel-6994,1323738,30272077,30272093,16
channel-750,682087,30272078,30272083,5
channel-0,4037717,30272081,30272091,10
channel-259,314226,30272087,30272093,6
channel-19774,345835,30272091,30272105,14
channel-75016,4605,30272096,30272114,18
channel-85077,59701,30272106,30272116,10
channel-0,4037718,30272107,30272116,9
channel-750,682088,30272111,30272121,10
channel-122,667825,30272111,30272115,4
channel-75016,4606,30272117,30272132,15
channel-0,4037719,30272122,30272130,8
channel-143,128290,30272123,30272144,21
channel-85077,59702,30272136,30272149,13
channel-85077,59703,30272147,30272154,7
channel-1,408256,30272148,30272164,16
channel-72,516408,30272155,30272188,33
channel-208,1489778,30272158,30272169,11
channel-208,1489779,30272172,30272186,14
channel-2188,43572,30272173,30272177,4
channel-0,4037720,30272175,30272200,25
channel-42,1489953,30272175,30272181,6
channel-750,682089,30272175,30272204,29
channel-6994,1323739,30272176,30272192,16
channel-0,4037721,30272179,30272191,12
channel-75,844919,30272189,30272196,7
channel-2188,43573,30272196,30272201,5
channel-750,682090,30272196,30272202,6
channel-21113,25303,30272202,30272208,6
channel-75016,4607,30272205,30272225,20
channel-750,682091,30272211,30272225,14
channel-783,104209,30272211,30272215,4
channel-6994,1323740,30272215,30272230,15
channel-6994,1323741,30272219,30272260,41
channel-2188,43574,30272222,30272226,4
channel-0,4037722,30272224,30272245,21
channel-0,4037723,30272231,30272243,12
channel-144,86677,30272231,30272240,9
channel-750,682092,30272235,30272251,16
channel-0,4037724,30272238,30272245,7
channel-750,682093,30272247,30272257,10
channel-0,4037725,30272247,30272259,12
channel-0,4037726,30272249,30272259,10
channel-0,4037727,30272251,30272259,8
channel-113,301309,30272257,30272304,47
channel-6994,1323742,30272262,30272278,16
channel-144,86678,30272262,30272272,10
channel-75016,4608,30272262,30272280,18
channel-75016,4609,30272270,30272287,17
channel-2188,43575,30272271,30272275,4
channel-5485,1709,30272274,30272284,10
channel-208,1489780,30272276,30272289,13
channel-208,1489781,30272289,30272298,9
channel-6994,1323743,30272293,30272306,13
channel-6994,1323744,30272294,30272320,26
channel-75016,4610,30272298,30272316,18
channel-1279,67113,30272300,30272311,11
channel-6994,1323745,30272302,30272316,14
channel-75016,4611,30272307,30272329,22
channel-0,4037728,30272308,30272319,11
channel-216,94167,30272321,30272394,73
channel-1279,67114,30272323,30272338,15
channel-2,130602,30272323,30272333,10
channel-75,844920,30272324,30272332,8
channel-88,467083,30272339,30272353,14
channel-6994,1323746,30272351,30272361,10
channel-89298,18623,30272356,30272367,11
channel-326,537604,30272362,30272371,9
channel-216,94168,30272375,30272417,42
channel-874,292783,30272375,30272385,10
channel-75016,4612,30272375,30272392,17
channel-113,301310,30272396,30272428,32
channel-750,682094,30272400,30272407,7
channel-75,844921,30272402,30272407,5
channel-208,1489782,30272402,30272411,9
channel-750,682095,30272403,30272407,4
channel-251,85176,30272406,30272419,13
channel-251,85177,30272411,30272419,8
channel-326,537605,30272416,30272419,3
channel-0,4037729,30272420,30272430,10
channel-0,4037730,30272421,30272430,9
channel-85077,59704,30272423,30272433,10
channel-251,85178,30272423,30272439,16
channel-251,85179,30272430,30272443,13
channel-0,4037731,30272439,30272447,8
channel-522,40427,30272444,30272455,11
channel-0,4037732,30272445,30272456,11
channel-85077,59705,30272453,30272463,10
channel-91017,2779,30272455,30272465,10
channel-85077,59706,30272455,30272465,10
channel-326,537606,30272461,30272469,8
channel-6897,5635,30272462,30272469,7
channel-0,4037733,30272464,30272472,8
channel-199,132624,30272470,30272480,10
channel-122,667826,30272488,30272493,5
channel-108,39838,30272488,30272508,20
channel-91017,2780,30272490,30272499,9
channel-326,537607,30272493,30272499,6
channel-108,39839,30272493,30272508,15
channel-0,4037734,30272494,30272504,10
channel-6994,1323747,30272495,30272504,9
channel-108,39840,30272509,30272553,44
channel-0,4037735,30272516,30272525,9
channel-6994,1323748,30272520,30272534,14
channel-412,64495,30272525,30272535,10
channel-0,4037736,30272527,30272540,13
channel-6994,1323749,30272538,30272549,11
channel-0,4037737,30272543,30272553,10
channel-6994,1323750,30272545,30272555,10
channel-326,537608,30272545,30272553,8
channel-0,4037738,30272547,30272555,8
channel-85077,59707,30272549,30272555,6
channel-0,4037739,30272552,30272564,12
channel-6994,1323751,30272555,30272564,9
channel-251,85180,30272564,30272574,10
channel-0,4037740,30272565,30272578,13
channel-143,128291,30272567,30272578,11
channel-750,682096,30272570,30272574,4
channel-6994,1323752,30272578,30272596,18
channel-326,537609,30272582,30272587,5
channel-750,682097,30272585,30272591,6
channel-0,4037741,30272591,30272603,12
channel-6994,1323753,30272592,30272604,12
channel-259,314227,30272596,30272603,7
channel-750,682098,30272604,30272620,16
channel-6994,1323754,30272606,30272625,19
channel-199,132625,30272610,30272631,21
channel-6994,1323755,30272619,30272627,8
channel-76971,12233,30272620,30272636,16
channel-5,184258,30272628,30272639,11
channel-6994,1323756,30272628,30272651,23
channel-199,132626,30272628,30272641,13
channel-750,682099,30272631,30272636,5
channel-199,132627,30272631,30272642,11
channel-340,3172,30272635,30272642,7
channel-6994,1323757,30272642,30272651,9
channel-750,682100,30272642,30272646,4
channel-85077,59708,30272642,30272648,6
channel-0,4037742,30272642,30272647,5
channel-750,682101,30272643,30272654,11
channel-85077,59709,30272646,30272655,9
channel-85077,59710,30272653,30272663,10
channel-750,682102,30272655,30272667,12
channel-326,537610,30272660,30272665,5
channel-6994,1323758,30272668,30272680,12
channel-326,537611,30272668,30272676,8
channel-750,682103,30272668,30272674,6
channel-6994,1323759,30272671,30272700,29
channel-750,682104,30272681,30272686,5
channel-199,132628,30272683,30272712,29
channel-750,682105,30272687,30272691,4
channel-122,667827,30272690,30272694,4
channel-6994,1323760,30272706,30272714,8
channel-199,132629,30272708,30272715,7
channel-199,132630,30272709,30272737,28
channel-326,537612,30272713,30272719,6
channel-5,184259,30272715,30272724,9
channel-38946,124098,30272719,30272731,12
channel-208,1489783,30272728,30272741,13
channel-38946,124099,30272729,30272766,37
channel-6994,1323761,30272730,30272745,15
channel-6994,1323762,30272732,30272745,13
channel-5,184260,30272737,30272747,10
channel-326,537613,30272739,30272750,11
channel-326,537614,30272741,30272751,10
channel-85077,59711,30272757,30272763,6
channel-5,184261,30272757,30272766,9
channel-6994,1323763,30272757,30272767,10
channel-6994,1323764,30272760,30272769,9
channel-6994,1323765,30272762,30272772,10
channel-1,408257,30272767,30272778,11
channel-750,682106,30272771,30272787,16
channel-750,682107,30272772,30272785,13
channel-1429,140691,30272772,30272781,9
channel-2188,43576,30272774,30272779,5
channel-6994,1323766,30272776,30272789,13
channel-259,314228,30272778,30272784,6
channel-750,682108,30272782,30272793,11
channel-326,537615,30272786,30272795,9
channel-0,4037743,30272787,30272814,27
channel-6994,1323767,30272787,30272798,11
channel-208,1489784,30272789,30272801,12
channel-750,682109,30272790,30272802,12
channel-750,682110,30272794,30272802,8
channel-326,537616,30272798,30272805,7
channel-85077,59712,30272808,30272821,13
channel-19774,345836,30272822,30272835,13
channel-0,4037744,30272826,30272854,28
channel-874,292784,30272827,30272843,16
channel-259,314229,30272830,30272836,6
channel-326,537617,30272831,30272837,6
channel-750,682111,30272837,30272850,13
channel-208,1489785,30272838,30272846,8
channel-122,667828,30272838,30272842,4
channel-326,537618,30272841,30272845,4
channel-0,4037745,30272851,30272884,33
channel-6994,1323768,30272853,30272879,26
channel-85077,59713,30272858,30272869,11
channel-0,4037746,30272863,30272873,10
channel-251,85181,30272878,30272890,12
channel-320,119174,30272878,30272920,42
channel-326,537619,30272881,30272887,6
channel-0,4037747,30272882,30272895,13
channel-208,1489786,30272887,30272898,11
channel-85077,59714,30272889,30272896,7
channel-6994,1323769,30272891,30272903,12
channel-750,682112,30272896,30272912,16
channel-750,682113,30272899,30272916,17
channel-94814,3748,30272900,30272909,9
channel-6994,1323770,30272903,30272913,10
channel-0,4037748,30272906,30272916,10
channel-85077,59715,30272911,30272929,18
channel-750,682114,30272919,30272934,15
channel-6994,1323771,30272920,30272933,13
channel-0,4037749,30272928,30272938,10
channel-326,537620,30272931,30272937,6
channel-208,1489787,30272934,30272947,13
channel-6994,1323772,30272936,30272947,11
channel-72,516409,30272939,30272968,29
channel-85077,59716,30272940,30272948,8
channel-750,682115,30272941,30272952,11
channel-199,132631,30272945,30272956,11
channel-6787,166652,30272953,30272958,5
channel-6994,1323773,30272965,30272980,15
channel-0,4037750,30272970,30272983,13
channel-6994,1323774,30272975,30272988,13
channel-326,537621,30272975,30272984,9
channel-750,682116,30272977,30272986,9
channel-326,537622,30272986,30272995,9
channel-85077,59717,30272987,30273008,21
channel-6994,1323775,30272994,30273004,10
channel-6994,1323776,30272995,30273009,14
channel-6994,1323777,30273003,30273012,9
channel-326,537623,30273009,30273015,6
channel-122,667829,30273032,30273036,4
channel-85077,59718,30273032,30273042,10
channel-85077,59719,30273036,30273045,9
channel-6994,1323778,30273037,30273050,13
channel-0,4037751,30273038,30273046,8
channel-750,682117,30273043,30273054,11
channel-326,537624,30273046,30273052,6
channel-6994,1323779,30273048,30273057,9
channel-2188,43577,30273061,30273065,4
channel-326,537625,30273063,30273068,5
channel-6787,166653,30273068,30273073,5
channel-85077,59720,30273071,30273078,7
channel-108,39841,30273075,30273114,39
channel-6994,1323780,30273080,30273095,15
channel-874,292785,30273089,30273093,4
channel-750,682118,30273090,30273094,4
channel-199,132632,30273103,30273111,8
channel-326,537626,30273108,30273114,6
channel-2188,43578,30273108,30273112,4
channel-326,537627,30273110,30273116,6
channel-2186,40768,30273122,30273134,12
channel-6994,1323781,30273125,30273139,14
channel-91017,2781,30273125,30273134,9
channel-199,132633,30273144,30273157,13
channel-85077,59721,30273147,30273158,11
channel-326,537628,30273155,30273161,6
channel-85077,59722,30273155,30273160,5
channel-85077,59723,30273158,30273169,11
channel-0,4037752,30273159,30273169,10
channel-251,85182,30273161,30273173,12
channel-2188,43579,30273178,30273182,4
channel-412,64496,30273184,30273194,10
channel-108,39842,30273190,30273207,17
channel-326,537629,30273191,30273198,7
channel-85077,59724,30273191,30273200,9
channel-6994,1323782,30273204,30273217,13
channel-122,667830,30273205,30273208,3
channel-199,132634,30273208,30273221,13
channel-6994,1323783,30273213,30273227,14
channel-412,64497,30273215,30273225,10
channel-750,682119,30273215,30273231,16
channel-6994,1323784,30273216,30273227,11
channel-0,4037753,30273217,30273224,7
channel-122,667831,30273221,30273230,9
channel-6994,1323785,30273221,30273232,11
channel-85077,59725,30273230,30273240,10
channel-6994,1323786,30273231,30273240,9
channel-6994,1323787,30273236,30273244,8
channel-122,667832,30273238,30273241,3
channel-326,537630,30273239,30273247,8
channel-6994,1323788,30273239,30273249,10
channel-85077,59726,30273243,30273249,6
channel-0,4037754,30273253,30273262,9
channel-326,537631,30273255,30273265,10
channel-199,132635,30273257,30273265,8
channel-75,844922,30273258,30273267,9
channel-6994,1323789,30273260,30273270,10
channel-75,844923,30273262,30273273,11
channel-85077,59727,30273268,30273276,8
channel-750,682120,30273268,30273274,6
channel-199,132636,30273270,30273280,10
channel-750,682121,30273271,30273275,4
channel-326,537632,30273284,30273289,5
channel-108,39843,30273284,30273297,13
channel-0,4037755,30273286,30273296,10
channel-782,310128,30273286,30273296,10
channel-85077,59728,30273289,30273299,10
channel-326,537633,30273294,30273300,6
channel-6994,1323790,30273299,30273310,11
channel-204,670771,30273302,30273310,8
channel-85077,59729,30273305,30273312,7
channel-0,4037756,30273311,30273321,10
channel-1279,67115,30273311,30273348,37
channel-6994,1323791,30273311,30273324,13
channel-0,4037757,30273311,30273321,10
channel-251,85183,30273314,30273322,8
channel-6994,1323792,30273316,30273328,12
channel-326,537634,30273320,30273325,5
channel-204,670772,30273321,30273329,8
channel-6994,1323793,30273321,30273332,11
channel-85077,59730,30273322,30273331,9
channel-251,85184,30273331,30273339,8
channel-204,670773,30273335,30273344,9
channel-326,537635,30273337,30273342,5
channel-6994,1323794,30273339,30273354,15
channel-6994,1323795,30273343,30273359,16
channel-6994,1323796,30273345,30273359,14
channel-113,301311,30273345,30273406,61
channel-88,467084,30273348,30273367,19
channel-2494,31898,30273350,30273361,11
channel-6994,1323797,30273352,30273362,10
channel-85077,59731,30273353,30273362,9
channel-76971,12234,30273367,30273384,17
channel-326,537636,30273368,30273373,5
channel-750,682122,30273369,30273383,14
channel-208,1489788,30273377,30273386,9
channel-85077,59732,30273377,30273385,8
channel-0,4037758,30273379,30273391,12
channel-122,667833,30273380,30273384,4
channel-85077,59733,30273383,30273393,10
channel-85077,59734,30273389,30273400,11
channel-6994,1323798,30273405,30273415,10
channel-750,682123,30273405,30273415,10
channel-6994,1323799,30273407,30273419,12
channel-251,85185,30273425,30273440,15
channel-113,301312,30273430,30273476,46
channel-6994,1323800,30273431,30273439,8
channel-6994,1323801,30273437,30273449,12
channel-85077,59735,30273443,30273455,12
channel-6994,1323802,30273444,30273469,25
channel-19774,345837,30273445,30273459,14
channel-750,682124,30273445,30273450,5
channel-85077,59736,30273446,30273461,15
channel-85077,59737,30273447,30273458,11
channel-6994,1323803,30273459,30273469,10
channel-1,408258,30273465,30273500,35
channel-6994,1323804,30273468,30273475,7
channel-11348,962,30273468,30275827,2359
channel-85077,59738,30273469,30273476,7
channel-6787,166654,30273469,30273473,4
channel-19774,345838,30273469,30273472,3
channel-326,537637,30273471,30273476,5
channel-6994,1323805,30273471,30273479,8
channel-85077,59739,30273485,30273495,10
channel-0,4037759,30273485,30273494,9
channel-208,1489789,30273491,30273501,10
channel-6994,1323806,30273495,30273508,13
channel-750,682125,30273501,30273529,28
channel-6994,1323807,30273504,30273516,12
channel-6787,166655,30273506,30273509,3
channel-0,4037760,30273506,30273516,10
channel-85077,59740,30273507,30273516,9
channel-874,292786,30273509,30273515,6
channel-6994,1323808,30273510,30273522,12
channel-750,682126,30273513,30273524,11
channel-6994,1323809,30273515,30273527,12
channel-208,1489790,30273517,30273529,12
channel-412,64498,30273520,30273529,9
channel-6994,1323810,30273524,30273536,12
channel-6994,1323811,30273528,30273539,11
channel-326,537638,30273532,30273540,8
channel-6994,1323812,30273537,30273549,12
channel-85077,59741,30273540,30273549,9
channel-2,130603,30273544,30273552,8
channel-251,85186,30273551,30273564,13
channel-0,4037761,30273551,30273561,10
channel-326,537639,30273552,30273561,9
channel-326,537640,30273562,30273568,6
channel-326,537641,30273572,30273579,7
channel-6994,1323813,30273573,30273584,11
channel-0,4037762,30273580,30273591,11
channel-0,4037763,30273584,30273594,10
channel-6994,1323814,30273585,30273595,10
channel-6994,1323815,30273588,30273600,12
channel-85077,59742,30273588,30273600,12
channel-0,4037764,30273589,30273614,25
channel-6994,1323816,30273595,30273606,11
channel-85077,59743,30273600,30273611,11
channel-85077,59744,30273604,30273613,9
channel-6994,1323817,30273608,30273620,12
channel-1,408259,30273613,30273634,21
channel-85077,59745,30273615,30273626,11
channel-85077,59746,30273617,30273626,9
channel-0,4037765,30273617,30273626,9
channel-85077,59747,30273619,30273650,31
channel-0,4037766,30273620,30273628,8
channel-229,55008,30273626,30273637,11
channel-6994,1323818,30273626,30273637,11
channel-6994,1323819,30273632,30273642,10
channel-6994,1323820,30273632,30273642,10
channel-85077,59748,30273633,30273657,24
channel-750,682127,30273636,30273656,20
channel-199,132637,30273639,30273650,11
channel-85077,59749,30273639,30273657,18
channel-85077,59750,30273640,30273652,12
channel-85077,59751,30273641,30273652,11
channel-6994,1323821,30273643,30273657,14
channel-782,310129,30273645,30273651,6
channel-326,537642,30273647,30273652,5
channel-85077,59752,30273649,30273661,12
channel-782,310130,30273650,30273656,6
channel-0,4037767,30273651,30273661,10
channel-6897,5636,30273657,30273665,8
channel-6994,1323822,30273657,30273669,12
channel-326,537643,30273657,30273661,4
channel-85077,59753,30273661,30273670,9
channel-688,33509,30273661,30273671,10
channel-85077,59754,30273662,30273672,10
channel-85077,59755,30273663,30273672,9
channel-85077,59756,30273670,30273676,6
channel-0,4037768,30273671,30273680,9
channel-6994,1323823,30273671,30273680,9
channel-85077,59757,30273671,30273690,19
channel-165,71433,30273674,30273878,204
channel-85077,59758,30273677,30273685,8
channel-199,132638,30273678,30273688,10
channel-204,670774,30273683,30273697,14
channel-259,314230,30273683,30273688,5
channel-85077,59759,30273684,30273693,9
channel-6994,1323824,30273685,30273695,10
channel-6994,1323825,30273686,30273700,14
channel-326,537644,30273687,30273695,8
channel-122,667834,30273695,30273699,4
channel-326,537645,30273701,30273712,11
channel-6994,1323826,30273703,30273714,11
channel-1,408260,30273721,30273738,17
channel-85077,59760,30273721,30273730,9
channel-326,537646,30273721,30273735,14
channel-6994,1323827,30273724,30273735,11
channel-199,132639,30273728,30273738,10
channel-208,1489791,30273729,30273741,12
channel-326,537647,30273738,30273743,5
channel-199,132640,30273741,30273756,15
channel-783,104210,30273743,30273752,9
channel-199,132641,30273750,30273761,11
channel-750,682128,30273765,30273770,5
channel-208,1489792,30273767,30273776,9
channel-0,4037769,30273771,30273784,13
channel-208,1489793,30273771,30273781,10
channel-6994,1323828,30273773,30273787,14
channel-6994,1323829,30273781,30273791,10
channel-75,844924,30273782,30273789,7
channel-165,71434,30273783,30273791,8
channel-6994,1323830,30273784,30273810,26
channel-42,1489954,30273784,30273791,7
channel-122,667835,30273786,30273790,4
channel-0,4037770,30273786,30273799,13
channel-122,667836,30273787,30273791,4
channel-0,4037771,30273790,30273799,9
channel-89321,19384,30273791,30273803,12
channel-326,537648,30273791,30273800,9
channel-6994,1323831,30273792,30273800,8
channel-6994,1323832,30273796,30273831,35
channel-750,682129,30273796,30273801,5
channel-6787,166656,30273799,30273804,5
channel-326,537649,30273803,30273809,6
channel-6994,1323833,30273810,30273820,10
channel-85077,59761,30273812,30273821,9
channel-6994,1323834,30273813,30273826,13
channel-6994,1323835,30273820,30273831,11
channel-75,844925,30273820,30273829,9
channel-208,1489794,30273821,30273832,11
channel-326,537650,30273828,30273834,6
channel-6994,1323836,30273830,30273842,12
channel-326,537651,30273840,30273849,9
channel-1,408261,30273841,30273849,8
channel-19774,345839,30273846,30273852,6
channel-6994,1323837,30273846,30273855,9
channel-6994,1323838,30273851,30273864,13
channel-199,132642,30273854,30273862,8
channel-2,130604,30273856,30273864,8
channel-6994,1323839,30273860,30273868,8
channel-326,537652,30273860,30273866,6
channel-122,667837,30273862,30273865,3
channel-326,537653,30273863,30273868,5
channel-75,844926,30273869,30273876,7
channel-6994,1323840,30273870,30273882,12
channel-750,682130,30273873,30273878,5
channel-326,537654,30273877,30273882,5
channel-6994,1323841,30273881,30273894,13
channel-326,537655,30273887,30273900,13
channel-6787,166657,30273889,30273893,4
channel-75,844927,30273891,30273899,8
channel-199,132643,30273894,30273904,10
channel-19774,345840,30273908,30273919,11
channel-6994,1323842,30273913,30273925,12
channel-122,667838,30273916,30273920,4
channel-6994,1323843,30273917,30273930,13
channel-85077,59762,30273917,30273926,9
channel-208,1489795,30273919,30273930,11
channel-750,682131,30273920,30273929,9
channel-326,537656,30273921,30273929,8
channel-199,132644,30273922,30273932,10
channel-143,128292,30273922,30273934,12
channel-98451,3,30273924,30273934,10
channel-208,1489796,30273925,30273935,10
channel-259,314231,30273928,30273934,6
channel-750,682132,30273931,30273940,9
channel-6994,1323844,30273931,30273943,12
channel-0,4037772,30273933,30273942,9
channel-326,537657,30273933,30273938,5
channel-85077,59763,30273941,30273949,8
channel-6994,1323845,30273956,30273967,11
channel-326,537658,30273967,30273971,4
channel-750,682133,30273971,30273977,6
channel-6994,1323846,30273972,30273983,11
channel-199,132645,30273974,30273985,11
channel-750,682134,30273976,30273989,13
channel-85077,59764,30273978,30274010,32
channel-122,667839,30273979,30273983,4
channel-750,682135,30273984,30274000,16
channel-6787,166658,30273987,30273991,4
channel-750,682136,30273989,30273994,5
channel-0,4037773,30273989,30273998,9
channel-6994,1323847,30273989,30273998,9
channel-750,682137,30273994,30274006,12
channel-750,682138,30274002,30274018,16
channel-750,682139,30274003,30274008,5
channel-0,4037774,30274009,30274017,8
channel-6994,1323848,30274010,30274019,9
channel-412,64499,30274021,30274028,7
channel-326,537659,30274024,30274033,9
channel-0,4037775,30274024,30274037,13
channel-115,20357,30274024,30274033,9
channel-750,682140,30274024,30274030,6
channel-6994,1323849,30274027,30291033,17006
channel-85077,59765,30274031,30274048,17
channel-750,682141,30274032,30274047,15
channel-326,537660,30274034,30274039,5
channel-184,137398,30274041,30274051,10
channel-115,20358,30274049,30274060,11
channel-326,537661,30274059,30274065,6
channel-47,198636,30274063,30274074,11
channel-326,537662,30274088,30274093,5
channel-85077,59766,30274089,30274112,23
channel-143,128293,30274090,30274102,12
channel-0,4037776,30274097,30274106,9
channel-326,537663,30274099,30274104,5
channel-750,682142,30274099,30274104,5
channel-0,4037777,30274107,30274115,8
channel-6994,1323850,30274110,30274118,8
channel-6994,1323851,30274118,30274133,15
channel-85077,59767,30274127,30274136,9
channel-874,292787,30274128,30274138,10
channel-259,314232,30274135,30274143,8
channel-6994,1323852,30274137,30274147,10
channel-6994,1323853,30274137,30274147,10
channel-750,682143,30274145,30274149,4
channel-326,537664,30274145,30274151,6
channel-0,4037778,30274146,30274156,10
channel-0,4037779,30274149,30274161,12
channel-2188,43580,30274161,30274165,4
channel-6994,1323854,30274167,30274182,15
channel-6994,1323855,30274174,30274186,12
channel-6994,1323856,30274174,30274185,11
channel-326,537665,30274184,30274189,5
channel-6994,1323857,30274194,30274201,7
channel-0,4037780,30274194,30274200,6
channel-208,1489797,30274200,30274210,10
channel-6994,1323858,30274200,30274211,11
channel-0,4037781,30274207,30274220,13
channel-0,4037782,30274209,30274220,11
channel-0,4037783,30274225,30274235,10
channel-85077,59768,30274226,30274234,8
channel-0,4037784,30274230,30274240,10
channel-6994,1323859,30274234,30274249,15
channel-326,537666,30274236,30274242,6
channel-208,1489798,30274249,30274260,11
channel-782,310131,30274250,30274255,5
channel-326,537667,30274250,30274258,8
channel-6994,1323860,30274254,30274270,16
channel-0,4037785,30274255,30274267,12
channel-122,667840,30274255,30274260,5
channel-199,132646,30274259,30274269,10
channel-91017,2782,30274264,30274273,9
channel-0,4037786,30274266,30274277,11
channel-6994,1323861,30274270,30274280,10
channel-6994,1323862,30274271,30274280,9
channel-208,1489799,30274275,30274283,8
channel-6994,1323863,30274277,30274286,9
channel-326,537668,30274278,30274281,3
channel-6994,1323864,30274287,30274294,7
channel-326,537669,30274295,30274304,9
channel-91017,2783,30274295,30274306,11
channel-6994,1323865,30274303,30274316,13
channel-6994,1323866,30274310,30274320,10
channel-6994,1323867,30274315,30274326,11
channel-750,682144,30274316,30274328,12
channel-326,537670,30274326,30274333,7
channel-6994,1323868,30274332,30274347,15
channel-122,667841,30274338,30274342,4
channel-326,537671,30274344,30274353,9
channel-199,132647,30274347,30274356,9
channel-1,408262,30274355,30274389,34
channel-89298,18624,30274358,30274370,12
channel-6994,1323869,30274358,30274371,13
channel-6994,1323870,30274359,30274371,12
channel-326,537672,30274361,30274367,6
channel-122,667842,30274361,30274365,4
channel-326,537673,30274368,30274372,4
channel-98451,4,30274369,30274385,16
channel-199,132648,30274379,30274407,28
channel-6994,1323871,30274388,30274398,10
channel-6994,1323872,30274395,30274407,12
channel-340,3173,30274396,30274409,13
channel-6994,1323873,30274398,30274407,9
channel-199,132649,30274399,30274412,13
channel-1575,15186,30274399,30274408,9
channel-208,1489800,30274409,30274421,12
channel-199,132650,30274410,30274439,29
channel-326,537674,30274417,30274422,5
channel-1,408263,30274425,30274436,11
channel-208,1489801,30274427,30274440,13
channel-750,682145,30274431,30274436,5
channel-362,86677,30274436,30274446,10
channel-5,184262,30274441,30274451,10
channel-0,4037787,30274442,30274453,11
channel-6994,1323874,30274450,30274462,12
channel-326,537675,30274454,30274465,11
channel-0,4037788,30274456,30274465,9
channel-122,667843,30274458,30274462,4
channel-6994,1323875,30274462,30274473,11
channel-89298,18625,30274465,30274476,11
channel-326,537676,30274469,30274476,7
channel-6994,1323876,30274482,30274491,9
channel-184,137399,30274482,30274491,9
channel-72,516410,30274483,30274526,43
channel-122,667844,30274483,30274487,4
channel-72,516411,30274499,30274545,46
channel-326,537677,30274504,30274514,10
channel-85077,59769,30274506,30274516,10
channel-85077,59770,30274506,30274518,12
channel-199,132651,30274509,30274535,26
channel-750,682146,30274514,30274528,14
channel-208,1489802,30274528,30274539,11
channel-1,408264,30274532,30274571,39
channel-0,4037789,30274533,30274540,7
channel-199,132652,30274534,30274558,24
channel-89298,18626,30274540,30274551,11
channel-75755,5536,30274540,30274550,10
channel-326,537678,30274541,30274548,7
channel-1,408265,30274545,30274571,26
channel-0,4037790,30274548,30274558,10
channel-0,4037791,30274553,30274562,9
channel-0,4037792,30274556,30274567,11
channel-6787,166659,30274559,30274562,3
channel-0,4037793,30274567,30274579,12
channel-85077,59771,30274567,30274575,8
channel-199,132653,30274567,30274577,10
channel-0,4037794,30274568,30274579,11
channel-85077,59772,30274568,30274579,11
channel-85077,59773,30274571,30274583,12
channel-72,516412,30274574,30274609,35
channel-85077,59774,30274578,30274588,10
channel-85077,59775,30274585,30274595,10
channel-750,682147,30274586,30274598,12
channel-6994,1323877,30274590,30274601,11
channel-326,537679,30274591,30274597,6
channel-750,682148,30274593,30274607,14
channel-750,682149,30274595,30274600,5
channel-6994,1323878,30274596,30274606,10
channel-1429,140692,30274601,30274610,9
channel-326,537680,30274604,30274611,7
channel-750,682150,30274605,30274609,4
channel-0,4037795,30274606,30274615,9
channel-6994,1323879,30274609,30274622,13
channel-326,537681,30274611,30274620,9
channel-6994,1323880,30274615,30274626,11
channel-85077,59776,30274615,30274625,10
channel-6994,1323881,30274616,30274626,10
channel-72,516413,30274618,30274655,37
channel-1575,15187,30274620,30274631,11
channel-6994,1323882,30274622,30274634,12
channel-326,537682,30274629,30274634,5
channel-0,4037796,30274631,30274644,13
channel-0,4037797,30274631,30274644,13
channel-165,71435,30274634,30274897,263
channel-76971,12235,30274642,30274660,18
channel-259,314233,30274642,30274648,6
channel-89298,18627,30274644,30274653,9
channel-2494,31899,30274649,30274662,13
channel-6994,1323883,30274649,30274663,14
channel-0,4037798,30274651,30274661,10
channel-0,4037799,30274659,30274672,13
channel-75,844928,30274665,30274671,6
channel-326,537683,30274685,30274694,9
channel-326,537684,30274685,30274694,9
channel-326,537685,30274685,30274694,9
channel-326,537686,30274685,30274694,9
channel-326,537687,30274685,30274694,9
channel-326,537688,30274691,30274696,5
channel-2,130605,30274699,30274707,8
channel-89298,18628,30274704,30274711,7
channel-82,18949,30274706,30274718,12
channel-85077,59777,30274711,30274719,8
channel-6994,1323884,30274713,30274721,8
channel-782,310132,30274717,30274722,5
channel-204,670775,30274722,30304981,30259
channel-0,4037800,30274724,30274733,9
channel-326,537689,30274726,30274730,4
channel-412,64500,30274728,30274739,11
channel-88,467085,30274731,30274748,17
channel-6994,1323885,30274735,30274747,12
channel-2188,43581,30274750,30274755,5
channel-750,682151,30274756,30274761,5
channel-0,4037801,30274757,30274771,14
channel-199,132654,30274767,30274788,21
channel-143,128294,30274771,30274786,15
channel-750,682152,30274771,30274786,15
channel-2,130606,30274771,30274782,11
channel-326,537690,30274772,30274778,6
channel-89321,19385,30274772,30274779,7
channel-750,682153,30274773,30274786,13
channel-208,1489803,30274774,30274784,10
channel-6994,1323886,30274774,30274787,13
channel-6994,1323887,30274776,30274787,11
channel-6994,1323888,30274784,30274796,12
channel-199,132655,30274788,30274807,19
channel-0,4037802,30274788,30274798,10
channel-2188,43582,30274803,30274807,4
channel-326,537691,30274807,30274813,6
channel-6994,1323889,30274809,30274821,12
channel-326,537692,30274810,30274821,11
channel-6994,1323890,30274833,30274847,14
channel-122,667845,30274841,30274844,3
channel-6994,1323891,30274853,30274868,15
channel-6994,1323892,30274853,30274868,15
channel-326,537693,30274859,30274872,13
channel-42,1489955,30274860,30274867,7
channel-42,1489956,30274863,30274872,9
channel-6994,1323893,30274864,30274878,14
channel-0,4037803,30274870,30274881,11
channel-42,1489957,30274886,30274898,12
channel-85077,59778,30274888,30274899,11
channel-6994,1323894,30274890,30274905,15
channel-1,408266,30274891,30274906,15
channel-750,682154,30274905,30274910,5
channel-42,1489958,30274908,30274916,8
channel-6994,1323895,30274910,30274923,13
channel-750,682155,30274923,30274931,8
channel-199,132656,30274924,30274934,10
channel-85077,59779,30274929,30274940,11
channel-6994,1323896,30274941,30274957,16
channel-326,537694,30274941,30275004,63
channel-326,537695,30274941,30275004,63
channel-326,537696,30274941,30275004,63
channel-326,537697,30274941,30275004,63
channel-326,537698,30274941,30275004,63
channel-326,537699,30274941,30275004,63
channel-750,682156,30274941,30274946,5
channel-750,682157,30274983,30274988,5
channel-199,132657,30274988,30275064,76
channel-6994,1323897,30274999,30275012,13
channel-199,132658,30274999,30275011,12
channel-1575,15188,30275005,30275018,13
channel-0,4037804,30275006,30275032,26
channel-199,132659,30275012,30275039,27
channel-6994,1323898,30275031,30275042,11
channel-199,132660,30275035,30275064,29
channel-6994,1323899,30275037,30275047,10
channel-750,682158,30275040,30275053,13
channel-85077,59780,30275045,30275071,26
channel-0,4037805,30275045,30275055,10
channel-75,844929,30275048,30275058,10
channel-0,4037806,30275050,30275061,11
channel-6994,1323900,30275054,30275066,12
channel-199,132661,30275058,30275086,28
channel-6994,1323901,30275061,30275074,13
channel-85077,59781,30275061,30275075,14
channel-199,132662,30275063,30275073,10
channel-199,132663,30275081,30275108,27
channel-0,4037807,30275081,30275114,33
channel-750,682159,30275082,30275094,12
channel-6994,1323902,30275088,30275100,12
channel-75,844930,30275090,30275096,6
channel-85077,59782,30275103,30275112,9
channel-199,132664,30275105,30275127,22
channel-750,682160,30275106,30275121,15
channel-85077,59783,30275112,30275120,8
channel-750,682161,30275114,30275138,24
channel-85077,59784,30275114,30275122,8
channel-6994,1323903,30275121,30275130,9
channel-208,1489804,30275122,30275130,8
channel-75,844931,30275124,30275130,6
channel-204,670776,30275126,30275139,13
channel-6994,1323904,30275126,30275141,15
channel-75016,4613,30275130,30275151,21
channel-85077,59785,30275133,30275149,16
channel-750,682162,30275137,30275149,12
channel-2188,43583,30275141,30275145,4
channel-113,301313,30275141,30275189,48
channel-85077,59786,30275143,30275152,9
channel-0,4037808,30275146,30275152,6
channel-0,4037809,30275151,30275161,10
channel-94814,3749,30275152,30275159,7
channel-6994,1323905,30275157,30275168,11
channel-0,4037810,30275159,30275182,23
channel-199,132665,30275161,30275174,13
channel-6994,1323906,30275164,30275172,8
channel-0,4037811,30275167,30275177,10
channel-199,132666,30275175,30275188,13
channel-750,682163,30275176,30275189,13
channel-85077,59787,30275180,30275190,10
channel-208,1489805,30275195,30275207,12
channel-85077,59788,30275195,30275205,10
channel-199,132667,30275198,30275212,14
channel-783,104211,30275203,30275208,5
channel-0,4037812,30275204,30275214,10
channel-208,1489806,30275210,30275220,10
channel-750,682164,30275213,30275220,7
channel-6994,1323907,30275217,30275238,21
channel-199,132668,30275220,30275236,16
channel-874,292788,30275222,30275230,8
channel-1429,140693,30275223,30275230,7
channel-750,682165,30275224,30275235,11
channel-122,667846,30275226,30275230,4
channel-208,1489807,30275228,30275238,10
channel-122,667847,30275230,30275234,4
channel-85077,59789,30275235,30275243,8
channel-0,4037813,30275235,30275243,8
channel-85077,59790,30275237,30275248,11
channel-0,4037814,30275244,30275255,11
channel-89298,18629,30275248,30275258,10
channel-42,1489959,30275252,30275258,6
channel-72,516414,30275252,30275280,28
channel-85077,59791,30275253,30275262,9
channel-199,132669,30275257,30275269,12
channel-199,132670,30275258,30275415,157
channel-6994,1323908,30275263,30275274,11
channel-75,844932,30275268,30275275,7
channel-874,292789,30275269,30275276,7
channel-6787,166660,30275270,30275275,5
channel-750,682166,30275272,30275284,12
channel-222,3832,30275274,30275284,10
channel-6994,1323909,30275280,30275294,14
channel-0,4037815,30275280,30275292,12
channel-199,132671,30275282,30275303,21
channel-98451,6,30275283,30275295,12
channel-6994,1323910,30275288,30275298,10
channel-6787,166661,30275295,30275299,4
channel-0,4037816,30275296,30275306,10
channel-208,1489808,30275308,30275321,13
channel-208,1489809,30275312,30275323,11
channel-85077,59792,30275317,30275324,7
channel-750,682167,30275318,30275327,9
channel-199,132672,30275323,30275330,7
channel-0,4037817,30275325,30275337,12
channel-6994,1323911,30275329,30275342,13
channel-0,4037818,30275331,30275359,28
channel-750,682168,30275332,30275351,19
channel-782,310133,30275338,30275344,6
channel-6994,1323912,30275348,30275357,9
channel-19774,345841,30275359,30275369,10
channel-85077,59793,30275360,30275367,7
channel-85077,59794,30275362,30275371,9
channel-750,682169,30275363,30275375,12
channel-1424,7336,30275368,30275379,11
channel-199,132673,30275371,30275384,13
channel-6994,1323913,30275375,30275387,12
channel-87,182890,30275377,30275391,14
channel-208,1489810,30275379,30275391,12
channel-6994,1323914,30275380,30275392,12
channel-6994,1323915,30275381,30275394,13
channel-85077,59795,30275391,30275409,18
channel-85077,59796,30275393,30275404,11
channel-143,128295,30275399,30275409,10
channel-750,682170,30275399,30275408,9
channel-85077,59797,30275403,30275411,8
channel-750,682171,30275411,30275424,13
channel-750,682172,30275411,30275415,4
channel-184,137400,30275423,30275439,16
channel-6994,1323916,30275424,30275436,12
channel-6994,1323917,30275433,30275446,13
channel-85077,59798,30275441,30275454,13
channel-98451,7,30275447,30275460,13
channel-199,132674,30275450,30275459,9
channel-42,1489960,30275452,30275459,7
channel-6994,1323918,30275453,30275465,12
channel-750,682173,30275469,30275482,13
channel-85077,59799,30275470,30275478,8
channel-98451,8,30275470,30275483,13
channel-42,1489961,30275476,30275483,7
channel-89321,19386,30275476,30275486,10
channel-75755,5537,30275480,30275488,8
channel-6994,1323919,30275480,30275490,10
channel-750,682174,30275481,30275486,5
channel-0,4037819,30275496,30275505,9
channel-208,1489811,30275498,30275511,13
channel-0,4037820,30275508,30275519,11
channel-42,1489962,30275511,30275520,9
channel-6994,1323920,30275513,30275527,14
channel-750,682175,30275517,30275532,15
channel-750,682176,30275529,30275539,10
channel-1,408267,30275531,30275544,13
channel-85077,59800,30275534,30275541,7
channel-85077,59801,30275536,30275542,6
channel-6994,1323921,30275537,30275542,5
channel-88,467086,30275538,30275547,9
channel-122,667848,30275541,30275544,3
channel-2,130607,30275541,30275553,12
channel-85077,59802,30275542,30275554,12
channel-85077,59803,30275548,30275558,10
channel-5485,1710,30275550,30275559,9
channel-42,1489963,30275552,30275612,60
channel-6994,1323922,30275558,30275570,12
channel-199,132675,30275559,30275569,10
channel-91017,2784,30275567,30275575,8
channel-6994,1323923,30275570,30275582,12
channel-6994,1323924,30275571,30275586,15
channel-143,128296,30275576,30275585,9
channel-750,682177,30275586,30275599,13
channel-85077,59804,30275598,30275606,8
channel-750,682178,30275603,30275607,4
channel-6994,1323925,30275611,30275620,9
channel-98451,9,30275613,30275626,13
channel-144,86679,30275614,30275624,10
channel-184,137401,30275620,30275632,12
channel-6994,1323926,30275624,30275636,12
channel-204,670777,30275627,30275636,9
channel-89321,19387,30275628,30275688,60
channel-76971,12236,30275632,30275650,18
channel-6994,1323927,30275632,30275647,15
channel-38946,124100,30275636,30275651,15
channel-85077,59805,30275643,30275652,9
channel-259,314234,30275644,30275651,7
channel-115,20359,30275647,30275657,10
channel-750,682179,30275656,30275661,5
channel-4,166870,30275656,30275687,31
channel-216,94169,30275656,30275745,89
channel-204,670778,30275657,30304981,29324
channel-208,1489812,30275663,30275673,10
channel-85077,59806,30275663,30275671,8
channel-750,682180,30275669,30275679,10
channel-165,71436,30275671,30275827,156
channel-72,516415,30275676,30275715,39
channel-85077,59807,30275680,30275688,8
channel-19774,345842,30275683,30275694,11
channel-750,682181,30275683,30275695,12
channel-19774,345843,30275688,30275696,8
channel-0,4037821,30275688,30275707,19
channel-362,86678,30275689,30275695,6
channel-750,682182,30275695,30275706,11
channel-1429,140694,30275700,30275710,10
channel-204,670779,30275705,30275715,10
channel-188,190543,30275707,30275723,16
channel-88,467087,30275707,30275814,107
channel-85077,59808,30275708,30275719,11
channel-75,844933,30275708,30275716,8
channel-1,408268,30275709,30275724,15
channel-320,119175,30275722,30275755,33
channel-6994,1323928,30275722,30275736,14
channel-412,64501,30275727,30275737,10
channel-0,4037822,30275731,30275742,11
channel-1,408269,30275732,30275842,110
channel-750,682183,30275742,30275756,14
channel-412,64502,30275750,30275757,7
channel-6994,1323929,30275760,30275770,10
channel-6994,1323930,30275762,30275774,12
channel-199,132676,30275765,30275775,10
channel-6994,1323931,30275766,30275782,16
channel-2186,40769,30275773,30275787,14
channel-1,408270,30275776,30275843,67
channel-0,4037823,30275785,30275791,6
channel-6994,1323932,30275786,30275796,10
channel-19774,345844,30275786,30275796,10
channel-0,4037824,30275796,30275805,9
channel-199,132677,30275796,30275805,9
channel-208,1489813,30275800,30275810,10
channel-1,408271,30275802,30275843,41
channel-6994,1323933,30275807,30275819,12
channel-0,4037825,30275824,30275833,9
channel-85077,59809,30275833,30275861,28
channel-85077,59810,30275837,30275847,10
channel-122,667849,30275840,30275843,3
channel-204,670780,30275847,30275859,12
channel-85077,59811,30275850,30275880,30
channel-6994,1323934,30275859,30275871,12
channel-326,537700,30275866,30275874,8
channel-85077,59812,30275868,30275876,8
channel-326,537701,30275870,30275875,5
channel-6994,1323935,30275877,30275902,25
channel-85077,59813,30275877,30275888,11
channel-522,40428,30275881,30275890,9
channel-326,537702,30275885,30275893,8
channel-91017,2785,30275888,30275897,9
channel-122,667850,30275890,30275893,3
channel-0,4037826,30275894,30275905,11
channel-522,40429,30275897,30275907,10
channel-750,682184,30275897,30275901,4
channel-85077,59814,30275898,30275908,10
channel-85077,59815,30275902,30275911,9
channel-122,667851,30275904,30275908,4
channel-85077,59816,30275906,30275914,8
channel-750,682185,30275912,30275926,14
channel-0,4037827,30275918,30275945,27
channel-85077,59817,30275918,30275927,9
channel-208,1489814,30275923,30275931,8
channel-85077,59818,30275924,30275933,9
channel-0,4037828,30275926,30275949,23
channel-85077,59819,30275927,30275936,9
channel-98451,11,30275928,30275941,13
channel-750,682186,30275935,30275949,14
channel-6994,1323936,30275938,30275948,10
channel-85077,59820,30275942,30275961,19
channel-85077,59821,30275946,30275955,9
channel-85077,59822,30275948,30275958,10
channel-85077,59823,30275950,30275961,11
channel-89298,18630,30275957,30275967,10
channel-89321,19388,30275958,30275984,26
channel-750,682187,30275958,30275961,3
channel-85077,59824,30275965,30275973,8
channel-113,301314,30275967,30276013,46
channel-85077,59825,30275977,30275986,9
channel-0,4037829,30275998,30276006,8
channel-782,310134,30275998,30276015,17
channel-199,132678,30276002,30276014,12
channel-85077,59826,30276015,30276025,10
channel-6994,1323937,30276024,30276037,13
channel-6994,1323938,30276025,30276041,16
channel-73,51330,30276036,30276044,8
channel-0,4037830,30276037,30276062,25
channel-6994,1323939,30276038,30276050,12
channel-85077,59827,30276043,30276052,9
channel-0,4037831,30276046,30276057,11
channel-326,537703,30276062,30276070,8
channel-6994,1323940,30276063,30276458,395
channel-88,467088,30276064,30276075,11
channel-85077,59828,30276064,30276074,10
channel-750,682188,30276066,30276077,11
channel-208,1489815,30276066,30276075,9
channel-750,682189,30276073,30276078,5
channel-184,137402,30276084,30276092,8
channel-208,1489816,30276088,30276096,8
channel-85077,59829,30276091,30276100,9
channel-750,682190,30276091,30276106,15
channel-0,4037832,30276099,30276126,27
channel-85077,59830,30276102,30276112,10
channel-0,4037833,30276116,30276126,10
channel-0,4037834,30276134,30276142,8
channel-750,682191,30276135,30276149,14
channel-1,408272,30276136,30276151,15
channel-6994,1323941,30276138,30276150,12
channel-6994,1323942,30276147,30276161,14
channel-0,4037835,30276171,30276190,19
channel-782,310135,30276173,30276179,6
channel-0,4037836,30276186,30276198,12
channel-0,4037837,30276191,30276214,23
channel-750,682192,30276191,30276208,17
channel-326,537704,30276193,30276209,16
channel-0,4037838,30276205,30276214,9
channel-0,4037839,30276216,30276240,24
channel-1279,67116,30276223,30276233,10
channel-6994,1323943,30276223,30276246,23
channel-750,682193,30276226,30276236,10
channel-22172,2616,30276229,30276239,10
channel-0,4037840,30276239,30276249,10
channel-42,1489964,30276239,30276297,58
channel-0,4037841,30276241,30276253,12
channel-1,408273,30276241,30276256,15
channel-73,51331,30276248,30276257,9
channel-0,4037842,30276252,30276278,26
channel-85077,59831,30276254,30276268,14
channel-85077,59832,30276258,30276268,10
channel-6994,1323944,30276267,30276279,12
channel-2188,43584,30276271,30276275,4
channel-85077,59833,30276274,30276297,23
channel-20082,9877,30276280,30276291,11
channel-750,682194,30276283,30276292,9
channel-0,4037843,30276283,30276297,14
channel-85077,59834,30276283,30276294,11
channel-1,408274,30276283,30276320,37
channel-750,682195,30276283,30276293,10
channel-85077,59835,30276285,30276297,12
channel-6994,1323945,30276292,30276301,9
channel-0,4037844,30276298,30276307,9
channel-0,4037845,30276302,30276329,27
channel-115,20360,30276308,30276324,16
channel-85077,59836,30276311,30276335,24
channel-122,667852,30276316,30276319,3
channel-0,4037846,30276316,30276325,9
channel-750,682196,30276322,30276334,12
channel-85077,59837,30276329,30276337,8
channel-6994,1323946,30276336,30276361,25
channel-89321,19389,30276346,30276362,16
channel-89298,18631,30276346,30276355,9
channel-208,1489817,30276357,30276368,11
channel-122,667853,30276358,30276361,3
channel-642,126495,30276358,30276378,20
channel-6994,1323947,30276362,30276375,13
channel-750,682197,30276366,30276378,12
channel-6994,1323948,30276366,30276378,12
channel-89298,18632,30276375,30276383,8
channel-199,132679,30276384,30276393,9
channel-6994,1323949,30276384,30276396,12
channel-6994,1323950,30276394,30276406,12
channel-108,39844,30276403,30276413,10
channel-0,4037847,30276406,30276415,9
channel-326,537705,30276431,30276443,12
channel-199,132680,30276432,30276440,8
channel-750,682198,30276432,30276445,13
channel-412,64503,30276432,30276445,13
channel-0,4037848,30276438,30276446,8
channel-1,408275,30276445,30276461,16
channel-412,64504,30276453,30276465,12
channel-6994,1323951,30276453,30276468,15
channel-42,1489965,30276460,30276479,19
channel-326,537706,30276485,30276505,20
channel-6994,1323952,30276500,30276511,11
channel-2494,31900,30276502,30276515,13
channel-750,682199,30276509,30276523,14
channel-88,467089,30276515,30276526,11
channel-0,4037849,30276532,30276540,8
channel-208,1489818,30276535,30276546,11
channel-6994,1323953,30276536,30276548,12
channel-0,4037850,30276539,30276548,9
channel-6994,1323954,30276542,30276552,10
channel-19774,345845,30276546,30276556,10
channel-0,4037851,30276548,30276555,7
channel-6994,1323955,30276550,30276561,11
channel-412,64505,30276551,30276563,12
channel-6787,166662,30276552,30276556,4
channel-6994,1323956,30276553,30276567,14
channel-6994,1323957,30276557,30276571,14
channel-2494,31901,30276573,30276582,9
channel-98451,13,30276574,30276582,8
channel-0,4037852,30276579,30276585,6
channel-6994,1323958,30276580,30276588,8
channel-1429,140695,30276588,30276598,10
channel-6994,1323959,30276598,30276607,9
channel-89298,18633,30276601,30276611,10
channel-6994,1323960,30276602,30276612,10
channel-199,132681,30276605,30276614,9
channel-208,1489819,30276611,30276623,12
channel-0,4037853,30276627,30276637,10
channel-73755,5830,30276652,30276659,7
channel-208,1489820,30276658,30276669,11
channel-89298,18634,30276673,30276685,12
channel-122,667854,30276679,30276682,3
channel-326,537707,30276687,30276691,4
channel-750,682200,30276687,30276700,13
channel-750,682201,30276687,30276691,4
channel-89321,19390,30276690,30276713,23
channel-0,4037854,30276693,30276709,16
channel-0,4037855,30276695,30276709,14
channel-21113,25304,30276696,30276703,7
channel-251,85187,30276696,30276707,11
channel-750,682202,30276696,30276709,13
channel-750,682203,30276699,30276708,9
channel-208,1489821,30276701,30276707,6
channel-750,682204,30276713,30276725,12
channel-208,1489822,30276721,30276731,10
channel-229,55009,30276721,30276731,10
channel-208,1489823,30276722,30276735,13
channel-642,126496,30276729,30276742,13
channel-874,292791,30276733,30276744,11
channel-320,119176,30276734,30276750,16
channel-6994,1323961,30276753,30276764,11
channel-6994,1323962,30276755,30276768,13
channel-6994,1323963,30276772,30276782,10
channel-89298,18635,30276773,30276782,9
channel-73,51332,30276774,30276788,14
channel-6994,1323964,30276785,30276794,9
channel-208,1489824,30276788,30276798,10
channel-320,119177,30276788,30276797,9
channel-0,4037856,30276794,30276802,8
channel-88,467090,30276803,30276817,14
channel-0,4037857,30276803,30276811,8
channel-79703,4421,30276803,30276815,12
channel-0,4037858,30276804,30276836,32
channel-2188,43585,30276806,30276810,4
channel-6994,1323965,30276810,30276820,10
channel-0,4037859,30276810,30276838,28
channel-6994,1323966,30276814,30276826,12
channel-0,4037860,30276817,30276826,9
channel-85077,59838,30276819,30276858,39
channel-208,1489825,30276819,30276830,11
channel-0,4037861,30276829,30276852,23
channel-4,166871,30276833,30276850,17
channel-1429,140696,30276836,30276846,10
channel-0,4037862,30276845,30276857,12
channel-85077,59839,30276847,30276858,11
channel-122,667855,30276847,30276850,3
channel-75,844934,30276855,30276860,5
channel-0,4037863,30276856,30276881,25
channel-6897,5637,30276858,30276865,7
channel-4,166872,30276876,30276886,10
channel-216,94170,30276878,30276993,115
channel-216,94171,30276883,30276993,110
channel-85077,59840,30276887,30276899,12
channel-750,682205,30276892,30276907,15
channel-0,4037864,30276896,30276908,12
channel-122,667856,30276897,30276901,4
channel-115,20361,30276900,30276912,12
channel-208,1489826,30276900,30276911,11
channel-0,4037865,30276901,30276926,25
channel-0,4037866,30276901,30276926,25
channel-216,94172,30276903,30276993,90
channel-85077,59841,30276903,30276912,9
channel-874,292792,30276905,30276910,5
channel-184,137403,30276923,30276939,16
channel-0,4037867,30276928,30276955,27
channel-216,94173,30276934,30277052,118
channel-6994,1323967,30276937,30276950,13
channel-2,130608,30276939,30276949,10
channel-783,104212,30276944,30276952,8
channel-0,4037868,30276954,30276963,9
channel-0,4037869,30276955,30276981,26
channel-42,1489966,30276956,30276971,15
channel-216,94174,30276958,30277052,94
channel-0,4037870,30276967,30276976,9
channel-6994,1323968,30276973,30276985,12
channel-122,667857,30276973,30276977,4
channel-6994,1323969,30276984,30276995,11
channel-326,537708,30276984,30276990,6
channel-326,537709,30276984,30276990,6
channel-326,537710,30276984,30276990,6
channel-326,537711,30276984,30276990,6
channel-326,537712,30276984,30276990,6
channel-326,537713,30276984,30276990,6
channel-0,4037871,30276991,30277020,29
channel-6994,1323970,30276998,30277010,12
channel-208,1489827,30277004,30277010,6
channel-6994,1323971,30277008,30277017,9
channel-6994,1323972,30277010,30277022,12
channel-6994,1323973,30277027,30277038,11
channel-6994,1323974,30277033,30277043,10
channel-6994,1323975,30277035,30277047,12
channel-6994,1323976,30277037,30277047,10
channel-199,132682,30277044,30277053,9
channel-72,516416,30277046,30277091,45
channel-326,537714,30277057,30277070,13
channel-94814,3750,30277057,30277066,9
channel-6994,1323977,30277059,30277072,13
channel-39535,10291,30277059,30278007,948
channel-0,4037872,30277064,30277074,10
channel-0,4037873,30277067,30277097,30
channel-6994,1323978,30277069,30277080,11
channel-750,682206,30277073,30277078,5
channel-6994,1323979,30277078,30277089,11
channel-6994,1323980,30277081,30277089,8
channel-2494,31902,30277081,30277089,8
channel-6994,1323981,30277086,30277099,13
channel-6994,1323982,30277091,30277103,12
channel-4,166873,30277100,30277110,10
channel-6994,1323983,30277105,30277115,10
channel-6994,1323984,30277108,30277134,26
channel-0,4037874,30277126,30277135,9
channel-1,408276,30277127,30277155,28
channel-89321,19391,30277127,30277135,8
channel-2494,31903,30277132,30277142,10
channel-6994,1323985,30277138,30277164,26
channel-6994,1323986,30277144,30277181,37
channel-91017,2786,30277148,30277161,13
channel-259,314235,30277152,30277158,6
channel-6994,1323987,30277161,30277197,36
channel-1429,140697,30277170,30277178,8
channel-89298,18636,30277174,30277184,10
channel-0,4037875,30277182,30277208,26
channel-216,94175,30277185,30277255,70
channel-0,4037876,30277190,30277198,8
channel-6994,1323988,30277192,30277200,8
channel-6994,1323989,30277197,30277211,14
channel-6994,1323990,30277197,30277211,14
channel-6994,1323991,30277199,30277254,55
channel-6994,1323992,30277199,30277211,12
channel-6994,1323993,30277208,30277220,12
channel-199,132683,30277208,30277221,13
channel-38946,124101,30277211,30277302,91
channel-89298,18637,30277213,30277224,11
channel-2188,43586,30277220,30277224,4
channel-750,682207,30277226,30277235,9
channel-75,844935,30277228,30277235,7
channel-2188,43587,30277242,30277247,5
channel-6994,1323994,30277258,30277271,13
channel-208,1489828,30277258,30277269,11
channel-750,682208,30277260,30277267,7
channel-0,4037877,30277260,30277300,40
channel-6994,1323995,30277262,30277328,66
channel-6787,166663,30277264,30277268,4
channel-208,1489829,30277285,30277296,11
channel-6994,1323996,30277287,30277328,41
channel-326,537715,30277287,30277294,7
channel-75,844936,30277291,30277294,3
channel-750,682209,30277297,30277307,10
channel-115,20362,30277301,30277313,12
channel-6994,1323997,30277309,30277322,13
channel-642,126497,30277318,30277351,33
channel-85791,3747,30277321,30277327,6
channel-6994,1323998,30277326,30277338,12
channel-94814,3751,30277328,30277340,12
channel-199,132684,30277332,30277343,11
channel-2188,43588,30277332,30277336,4
channel-199,132685,30277338,30277348,10
channel-85077,59842,30277343,30277354,11
channel-750,682210,30277348,30277359,11
channel-216,94176,30277350,30277405,55
channel-89298,18638,30277351,30277362,11
channel-6994,1323999,30277353,30277400,47
channel-199,132686,30277353,30277381,28
channel-6994,1324000,30277354,30277368,14
channel-6787,166664,30277361,30277365,4
channel-85791,3748,30277361,30277367,6
channel-1,408277,30277363,30277376,13
channel-0,4037878,30277381,30277392,11
channel-94814,3752,30277392,30277400,8
channel-6994,1324001,30277400,30277410,10
channel-6994,1324002,30277401,30277410,9
channel-6994,1324003,30277401,30277410,9
channel-6994,1324004,30277403,30277414,11
channel-208,1489830,30277407,30277418,11
channel-216,94177,30277409,30277576,167
channel-0,4037879,30277409,30277419,10
channel-75016,4614,30277410,30277433,23
channel-85791,3749,30277413,30277419,6
channel-122,667858,30277414,30277417,3
channel-6994,1324005,30277417,30277430,13
channel-6994,1324006,30277420,30277447,27
channel-750,682211,30277432,30277437,5
channel-1,408278,30277433,30277471,38
channel-6994,1324007,30277434,30277447,13
channel-85077,59843,30277435,30277444,9
channel-6994,1324008,30277440,30277452,12
channel-783,104213,30277441,30277447,6
channel-0,4037880,30277444,30277453,9
channel-85077,59844,30277453,30277465,12
channel-85077,59845,30277466,30277480,14
channel-199,132687,30277471,30277482,11
channel-874,292793,30277478,30277483,5
channel-6994,1324009,30277487,30277498,11
channel-216,94178,30277498,30277628,130
channel-412,64506,30277498,30277509,11
channel-75016,4615,30277500,30277518,18
channel-6994,1324010,30277502,30277512,10
channel-85077,59846,30277510,30277518,8
channel-6994,1324011,30277515,30277563,48
channel-85077,59847,30277516,30277529,13
channel-320,119178,30277521,30277566,45
channel-750,682212,30277523,30277536,13
channel-208,1489831,30277524,30277536,12
channel-89321,19392,30277529,30277538,9
channel-208,1489832,30277535,30277545,10
channel-85077,59848,30277548,30277558,10
channel-750,682213,30277553,30277567,14
channel-874,292794,30277563,30277570,7
channel-6994,1324012,30277563,30277577,14
channel-6994,1324013,30277566,30277628,62
channel-782,310136,30277570,30277582,12
channel-85077,59849,30277570,30277582,12
channel-6994,1324014,30277576,30277586,10
channel-0,4037881,30277586,30277595,9
channel-85077,59850,30277586,30277595,9
channel-6994,1324015,30277593,30277607,14
channel-6994,1324016,30277594,30277607,13
channel-85077,59851,30277600,30277619,19
channel-85077,59852,30277601,30277611,10
channel-783,104214,30277601,30277608,7
channel-85077,59853,30277610,30277619,9
channel-75,844937,30277611,30277618,7
channel-85077,59854,30277613,30277622,9
channel-216,94179,30277619,30277687,68
channel-1,408279,30277626,30277640,14
channel-216,94180,30277628,30277687,59
channel-85077,59855,30277635,30277645,10
channel-122,667859,30277642,30277646,4
channel-6787,166665,30277649,30277654,5
channel-199,132688,30277649,30277660,11
channel-6994,1324017,30277651,30277660,9
channel-19774,345846,30277663,30277669,6
channel-6994,1324018,30277666,30277676,10
channel-199,132689,30277667,30277677,10
channel-85077,59856,30277669,30277677,8
channel-85077,59857,30277679,30277687,8
channel-6787,166666,30277682,30277686,4
channel-85077,59858,30277682,30277698,16
channel-89321,19393,30277698,30277704,6
channel-0,4037882,30277706,30277714,8
channel-6994,1324019,30277710,30277746,36
channel-874,292795,30277711,30277717,6
channel-6994,1324020,30277712,30277724,12
channel-91017,2787,30277717,30277726,9
channel-750,682214,30277720,30277736,16
channel-750,682215,30277723,30277737,14
channel-208,1489833,30277724,30277734,10
channel-2188,43589,30277724,30277729,5
channel-6787,166667,30277727,30277732,5
channel-6994,1324021,30277728,30277737,9
channel-783,104215,30277730,30277736,6
channel-4,166874,30277731,30277766,35
channel-208,1489834,30277732,30277744,12
channel-85077,59859,30277737,30277746,9
channel-72,516417,30277747,30277787,40
channel-85077,59860,30277748,30277758,10
channel-208,1489835,30277759,30277768,9
channel-4,166875,30277760,30277790,30
channel-2186,40770,30277763,30277775,12
channel-208,1489836,30277765,30277779,14
channel-6994,1324022,30277766,30277809,43
channel-0,4037883,30277770,30277781,11
channel-783,104216,30277776,30277781,5
channel-4,166876,30277781,30277794,13
channel-216,94181,30277785,30277882,97
channel-4,166877,30277786,30277798,12
channel-6994,1324023,30277788,30277800,12
channel-750,682216,30277789,30277802,13
channel-85077,59861,30277801,30277813,12
channel-6994,1324024,30277802,30277815,13
channel-208,1489837,30277822,30277833,11
channel-0,4037884,30277823,30277831,8
channel-6994,1324025,30277825,30277871,46
channel-750,682217,30277826,30277840,14
channel-199,132690,30277831,30277840,9
channel-42,1489967,30277834,30277839,5
channel-85077,59862,30277834,30277848,14
channel-208,1489838,30277835,30277847,12
channel-79703,4422,30277836,30277853,17
channel-6994,1324026,30277842,30277853,11
channel-4,166878,30277847,30277880,33
channel-85077,59863,30277849,30277858,9
channel-216,94182,30277849,30277962,113
channel-6994,1324027,30277852,30277862,10
channel-42,1489968,30277854,30277860,6
channel-0,4037885,30277856,30277880,24
channel-42,1489969,30277860,30277866,6
channel-750,682218,30277864,30277882,18
channel-42,1489970,30277869,30277880,11
channel-6994,1324028,30277870,30277881,11
channel-42,1489971,30277872,30277880,8
channel-1,408280,30277873,30277907,34
channel-783,104217,30277875,30277883,8
channel-42,1489972,30277880,30277894,14
channel-85077,59864,30277880,30277891,11
channel-750,682219,30277881,30277892,11
channel-326,537716,30277888,30277895,7
channel-326,537717,30277888,30277895,7
channel-326,537718,30277888,30277895,7
channel-326,537719,30277888,30277895,7
channel-326,537720,30277888,30277895,7
channel-326,537721,30277888,30277895,7
channel-326,537722,30277888,30277895,7
channel-6994,1324029,30277892,30277907,15
channel-122,667860,30277895,30277899,4
channel-208,1489839,30277908,30277917,9
channel-2188,43590,30277913,30277917,4
channel-6994,1324030,30277920,30277930,10
channel-42,1489973,30277921,30277937,16
channel-85077,59865,30277922,30277931,9
channel-184,137404,30277923,30277932,9
channel-42,1489974,30277923,30277930,7
channel-0,4037886,30277924,30277935,11
channel-412,64507,30277925,30277940,15
channel-326,537723,30277933,30277945,12
channel-0,4037887,30277935,30277966,31
channel-0,4037888,30277937,30277966,29
channel-6994,1324031,30277939,30277947,8
channel-6994,1324032,30277950,30277964,14
channel-6994,1324033,30277953,30277964,11
channel-0,4037889,30277955,30277966,11
channel-4,166879,30277963,30277986,23
channel-232,49192,30277964,30277975,11
channel-750,682220,30277964,30277976,12
channel-4,166880,30277965,30277986,21
channel-0,4037890,30277993,30278007,14
channel-750,682221,30277997,30278003,6
channel-0,4037891,30278002,30278029,27
channel-85077,59866,30278003,30278011,8
channel-0,4037892,30278004,30278016,12
channel-0,4037893,30278008,30278042,34
channel-122,667861,30278010,30278013,3
channel-750,682222,30278011,30278016,5
channel-750,682223,30278012,30278017,5
channel-184,137405,30278013,30278021,8
channel-0,4037894,30278021,30278045,24
channel-4,166881,30278022,30278102,80
channel-199,132691,30278023,30278032,9
channel-4,166882,30278025,30278107,82
channel-0,4037895,30278028,30278053,25
channel-0,4037896,30278031,30278058,27
channel-75,844938,30278032,30278039,7
channel-4,166883,30278033,30278150,117
channel-1424,7337,30278033,30278044,11
channel-6994,1324034,30278051,30278060,9
channel-89298,18639,30278051,30278061,10
channel-122,667862,30278053,30278058,5
channel-2,130609,30278053,30278064,11
channel-4,166884,30278057,30278146,89
channel-122,667863,30278063,30278066,3
channel-122,667864,30278083,30278087,4
channel-115,20363,30278083,30278091,8
channel-6994,1324035,30278087,30278099,12
channel-0,4037897,30278090,30278101,11
channel-6994,1324036,30278094,30278104,10
channel-1,408281,30278104,30278116,12
channel-750,682224,30278117,30278127,10
channel-85077,59867,30278119,30278145,26
channel-412,64508,30278125,30278150,25
channel-0,4037898,30278131,30278142,11
channel-0,4037899,30278138,30278147,9
channel-0,4037900,30278146,30278155,9
channel-6994,1324037,30278148,30278160,12
channel-85077,59868,30278150,30278158,8
channel-1,408282,30278154,30278174,20
channel-767,14362,30278154,30278163,9
channel-874,292796,30278154,30278159,5
channel-89298,18640,30278156,30278166,10
channel-6994,1324038,30278163,30278174,11
channel-6994,1324039,30278164,30278178,14
channel-85077,59869,30278177,30278185,8
channel-6994,1324040,30278190,30278205,15
channel-208,1489840,30278191,30278200,9
channel-216,94183,30278194,30278314,120
channel-75,844939,30278198,30278204,6
channel-750,682225,30278201,30278208,7
channel-0,4037901,30278223,30278232,9
channel-750,682226,30278236,30278248,12
channel-259,314236,30278236,30278245,9
channel-204,670781,30278242,30278250,8
channel-0,4037902,30278252,30278260,8
channel-98451,14,30278260,30278271,11
channel-0,4037903,30278260,30278272,12
channel-874,292797,30278272,30278281,9
channel-412,64509,30278282,30278297,15
channel-0,4037904,30278282,30278296,14
channel-326,537724,30278291,30278298,7
channel-199,132692,30278292,30278303,11
channel-326,537725,30278324,30278329,5
channel-6994,1324041,30278325,30278338,13
channel-412,64510,30278340,30278352,12
channel-6994,1324042,30278347,30278357,10
channel-782,310137,30278350,30278357,7
channel-122,667865,30278353,30278357,4
channel-4,166885,30278353,30278385,32
channel-0,4037905,30278359,30278372,13
channel-6994,1324043,30278362,30278376,14
channel-85077,59870,30278362,30278371,9
channel-750,682227,30278376,30278411,35
channel-1,408283,30278380,30278405,25
channel-6994,1324044,30278389,30278401,12
channel-19774,345847,30278389,30278400,11
channel-750,682228,30278392,30278410,18
channel-326,537726,30278396,30278406,10
channel-750,682229,30278396,30278405,9
channel-122,667866,30278397,30278400,3
channel-2494,31904,30278398,30278409,11
channel-115,20364,30278401,30278411,10
channel-750,682230,30278422,30278428,6
channel-75016,4616,30278422,30278446,24
channel-750,682231,30278435,30278444,9
channel-122,667867,30278435,30278438,3
channel-2,130610,30278435,30278444,9
channel-208,1489841,30278439,30278446,7
channel-98451,15,30278445,30278463,18
channel-782,310138,30278447,30278453,6
channel-188,190544,30278458,30278489,31
channel-122,667868,30278462,30278466,4
channel-340,3174,30278478,30278486,8
channel-412,64511,30278478,30278490,12
channel-75016,4617,30278494,30278516,22
channel-6994,1324045,30278499,30278511,12
channel-6994,1324046,30278505,30291033,12528
channel-6897,5638,30278510,30278517,7
channel-4,166886,30278510,30278523,13
channel-115,20365,30278514,30278525,11
channel-0,4037906,30278523,30278536,13
channel-320,119179,30278524,30278556,32
channel-2188,43591,30278533,30278538,5
channel-0,4037907,30278543,30278550,7
channel-412,64512,30278545,30278554,9
channel-19774,345848,30278550,30278561,11
channel-259,314237,30278554,30278558,4
channel-2188,43592,30278558,30278564,6
channel-208,1489842,30278561,30278572,11
channel-122,667869,30278567,30278571,4
channel-85077,59871,30278579,30278588,9
channel-2188,43593,30278582,30278586,4
channel-2188,43594,30278604,30278609,5
channel-750,682232,30278622,30278634,12
channel-2188,43595,30278631,30278635,4
channel-208,1489843,30278631,30278640,9
channel-1,408284,30278636,30278645,9
channel-75755,5538,30278646,30278663,17
channel-0,4037908,30278650,30278671,21
channel-0,4037909,30278662,30278671,9
channel-4,166887,30278672,30278683,11
channel-6994,1324047,30278674,30278685,11
channel-6994,1324048,30278674,30278685,11
channel-0,4037910,30278675,30278681,6
channel-0,4037911,30278676,30278681,5
channel-0,4037912,30278679,30278692,13
channel-188,190545,30278684,30278695,11
channel-750,682233,30278694,30278703,9
channel-122,667870,30278700,30278703,3
channel-208,1489844,30278702,30278713,11
channel-0,4037913,30278709,30278719,10
channel-85077,59872,30278714,30278726,12
channel-782,310139,30278714,30278720,6
channel-75755,5539,30278715,30278726,11
channel-208,1489845,30278719,30278735,16
channel-6897,5639,30278728,30278736,8
channel-6994,1324049,30278732,30278743,11
channel-320,119180,30278740,30278748,8
channel-0,4037914,30278745,30278760,15
channel-2188,43596,30278754,30278760,6
channel-6787,166668,30278754,30278760,6
channel-85077,59873,30278760,30278771,11
channel-85077,59874,30278769,30278778,9
channel-91017,2788,30278769,30278780,11
channel-750,682234,30278770,30278775,5
channel-1,408285,30278772,30278808,36
channel-6994,1324050,30278773,30278783,10
channel-326,537727,30278777,30278785,8
channel-208,1489846,30278787,30278801,14
channel-75,844940,30278792,30278799,7
channel-143,128297,30278796,30278808,12
channel-208,1489847,30278798,30278807,9
channel-874,292798,30278800,30278805,5
channel-208,1489848,30278801,30278811,10
channel-750,682235,30278802,30278813,11
channel-6994,1324051,30278808,30278819,11
channel-750,682236,30278808,30278826,18
channel-208,1489849,30278811,30278820,9
channel-208,1489850,30278811,30278820,9
channel-91017,2789,30278815,30278825,10
channel-750,682237,30278820,30278834,14
channel-19774,345849,30278821,30278831,10
channel-75,844941,30278822,30278830,8
channel-122,667871,30278822,30278827,5
channel-2188,43597,30278826,30278832,6
channel-259,314238,30278826,30278833,7
channel-6994,1324052,30278831,30278867,36
channel-0,4037915,30278837,30278861,24
channel-91017,2790,30278845,30278855,10
channel-8,43452,30278856,30278868,12
channel-4,166888,30278859,30278866,7
channel-87,182891,30278861,30278892,31
channel-143,128298,30278867,30278877,10
channel-85077,59875,30278868,30278880,12
channel-91017,2791,30278868,30278876,8
channel-6994,1324053,30278871,30278881,10
channel-6897,5640,30278871,30278880,9
channel-5485,1711,30278872,30278885,13
channel-750,682238,30278874,30278880,6
channel-204,670782,30278874,30278884,10
channel-42,1489975,30278881,30278889,8
channel-91017,2792,30278884,30278897,13
channel-782,310140,30278891,30278899,8
channel-6994,1324054,30278893,30278949,56
channel-6994,1324055,30278904,30278916,12
channel-750,682239,30278921,30278926,5
channel-91017,2793,30278921,30278931,10
channel-0,4037916,30278923,30278945,22
channel-750,682240,30278931,30278939,8
channel-750,682241,30278933,30278943,10
channel-412,64513,30278934,30278948,14
channel-8,43453,30278939,30278963,24
channel-6994,1324056,30278950,30278962,12
channel-77,50257,30278956,30278965,9
channel-6994,1324057,30278958,30278998,40
channel-6994,1324058,30278959,30279002,43
channel-8,43454,30278961,30278996,35
channel-259,314239,30278963,30278970,7
channel-85077,59876,30278966,30278977,11
channel-1,408286,30278974,30279002,28
channel-91017,2794,30278974,30278983,9
channel-98451,16,30278977,30278993,16
channel-6897,5641,30278980,30278988,8
channel-6994,1324059,30278985,30278998,13
channel-6994,1324060,30278990,30279002,12
channel-208,1489851,30278995,30279005,10
channel-91017,2795,30278995,30279005,10
channel-1,408287,30278999,30279050,51
channel-204,670783,30278999,30279006,7
channel-91017,2796,30279000,30279043,43
channel-782,310141,30279003,30279010,7
channel-6994,1324061,30279004,30279031,27
channel-0,4037917,30279004,30279013,9
channel-98451,18,30279004,30279014,10
channel-6994,1324062,30279009,30279036,27
channel-320,119181,30279015,30279026,11
channel-750,682242,30279021,30279026,5
channel-2188,43598,30279021,30279025,4
channel-0,4037918,30279031,30279043,12
channel-0,4037919,30279041,30279064,23
channel-0,4037920,30279046,30279059,13
channel-6994,1324063,30279047,30279074,27
channel-6994,1324064,30279051,30279063,12
channel-91017,2797,30279051,30279061,10
channel-782,310142,30279051,30279058,7
channel-6994,1324065,30279051,30279063,12
channel-6994,1324066,30279074,30279083,9
channel-0,4037921,30279082,30279093,11
channel-0,4037922,30279087,30279112,25
channel-0,4037923,30279088,30279112,24
channel-108,39845,30279088,30279114,26
channel-208,1489852,30279089,30279099,10
channel-750,682243,30279093,30279109,16
channel-750,682244,30279100,30279110,10
channel-874,292799,30279104,30279114,10
channel-750,682245,30279117,30279123,6
channel-6994,1324067,30279122,30279131,9
channel-0,4037924,30279127,30279134,7
channel-750,682246,30279131,30279135,4
channel-750,682247,30279134,30279143,9
channel-6994,1324068,30279135,30279147,12
channel-259,314240,30279135,30279140,5
channel-874,292800,30279135,30279141,6
channel-6994,1324069,30279140,30279167,27
channel-412,64514,30279142,30279154,12
channel-208,1489853,30279148,30279155,7
channel-122,667872,30279148,30279152,4
channel-6994,1324070,30279153,30279198,45
channel-2188,43599,30279153,30279157,4
channel-6994,1324071,30279154,30279171,17
channel-750,682248,30279157,30279168,11
channel-42,1489976,30279158,30279166,8
channel-412,64515,30279158,30279171,13
channel-75,844942,30279165,30279171,6
channel-0,4037925,30279167,30279189,22
channel-750,682249,30279167,30279178,11
channel-874,292801,30279170,30279177,7
channel-6994,1324072,30279174,30279187,13
channel-259,314241,30279176,30279186,10
channel-122,667873,30279176,30279180,4
channel-0,4037926,30279181,30279200,19
channel-783,104218,30279186,30279196,10
channel-750,682250,30279187,30279202,15
channel-6994,1324073,30279189,30279206,17
channel-750,682251,30279198,30279206,8
channel-85077,59877,30279204,30279214,10
channel-874,292802,30279204,30279219,15
channel-0,4037927,30279216,30279227,11
channel-750,682252,30279218,30279223,5
channel-6994,1324074,30279219,30279269,50
channel-750,682253,30279222,30279233,11
channel-750,682254,30279224,30279255,31
channel-642,126498,30279228,30279253,25
channel-0,4037928,30279229,30279255,26
channel-750,682255,30279229,30279240,11
channel-750,682256,30279237,30279255,18
channel-874,292803,30279244,30279264,20
channel-6994,1324075,30279245,30279259,14
channel-199,132693,30279245,30279256,11
channel-522,40430,30279247,30279261,14
channel-143,128299,30279248,30279261,13
channel-6994,1324076,30279255,30279269,14
channel-412,64516,30279256,30279265,9
channel-2186,40771,30279259,30279282,23
channel-750,682257,30279260,30279269,9
channel-750,682258,30279260,30279269,9
channel-874,292804,30279263,30279276,13
channel-326,537728,30279264,30279284,20
channel-750,682259,30279266,30279278,12
channel-0,4037929,30279270,30279316,46
channel-0,4037930,30279271,30279280,9
channel-1,408288,30279272,30279302,30
channel-122,667874,30279274,30279279,5
channel-19774,345850,30279274,30279284,10
channel-874,292805,30279280,30279310,30
channel-1,408289,30279282,30279302,20
channel-6994,1324077,30279283,30279327,44
channel-1,408290,30279287,30279302,15
channel-6994,1324078,30279287,30279298,11
channel-874,292806,30279289,30279310,21
channel-5,184263,30279290,30279299,9
channel-5,184264,30279293,30279302,9
channel-874,292807,30279293,30279320,27
channel-143,128300,30279293,30279304,11
channel-0,4037931,30279295,30279302,7
channel-750,682260,30279297,30279311,14
channel-0,4037932,30279298,30279325,27
channel-0,4037933,30279300,30279331,31
channel-208,1489854,30279300,30279308,8
channel-85077,59878,30279301,30279310,9
channel-6,66634,30279302,30279317,15
channel-15464,2654,30279304,30279321,17
channel-259,314242,30279305,30279310,5
channel-0,4037934,30279307,30279337,30
channel-874,292808,30279309,30279332,23
channel-5,184265,30279309,30279319,10
channel-1,408291,30279313,30279355,42
channel-94814,3753,30279315,30279324,9
channel-5,184266,30279316,30279325,9
channel-6994,1324079,30279318,30279332,14
channel-6994,1324080,30279319,30279332,13
channel-259,314243,30279319,30279325,6
channel-181,13585,30279326,30279337,11
channel-4,166889,30279328,30279346,18
channel-21113,25305,30279331,30279345,14
channel-208,1489855,30279334,30279343,9
channel-874,292809,30279334,30279344,10
channel-5,184267,30279337,30279347,10
channel-874,292810,30279337,30279346,9
channel-122,667875,30279339,30279343,4
channel-19774,345851,30279340,30279351,11
channel-75,844943,30279342,30279357,15
channel-6994,1324081,30279343,30279388,45
channel-208,1489856,30279346,30279357,11
channel-4,166890,30279353,30279370,17
channel-115,20366,30279357,30279366,9
channel-89298,18641,30279361,30279369,8
channel-5,184268,30279365,30279376,11
channel-6994,1324082,30279365,30279373,8
channel-122,667876,30279365,30279369,4
channel-783,104219,30279367,30279374,7
channel-874,292811,30279367,30279374,7
channel-5,184269,30279374,30279385,11
channel-75,844944,30279379,30279393,14
channel-326,537729,30279382,30279398,16
channel-1,408292,30279386,30279419,33
channel-326,537730,30279386,30279388,2
channel-0,4037935,30279387,30279409,22
channel-2,130611,30279388,30279401,13
channel-5,184270,30279388,30279399,11
channel-750,682261,30279395,30279424,29
channel-874,292812,30279395,30279402,7
channel-874,292813,30279402,30279407,5
channel-874,292814,30279408,30279424,16
channel-85077,59879,30279409,30279419,10
channel-0,4037936,30279410,30279419,9
channel-0,4037937,30279420,30279427,7
channel-750,682262,30279427,30279437,10
channel-6994,1324083,30279430,30279449,19
channel-0,4037938,30279432,30279458,26
channel-2188,43600,30279432,30279437,5
channel-122,667877,30279434,30279438,4
channel-767,14363,30279435,30279446,11
channel-6994,1324084,30279439,30279453,14
channel-874,292815,30279444,30279451,7
channel-208,1489857,30279450,30279463,13
channel-1,408293,30279455,30279474,19
channel-87,182892,30279455,30279489,34
channel-208,1489858,30279456,30279467,11
channel-0,4037939,30279458,30279480,22
channel-874,292816,30279460,30279466,6
channel-122,667878,30279468,30279471,3
channel-122,667879,30279468,30279471,3
channel-85077,59880,30279471,30279488,17
channel-6994,1324085,30279474,30279485,11
channel-85077,59881,30279478,30279488,10
channel-6994,1324086,30279485,30279493,8
channel-122,667880,30279486,30279488,2
channel-232,49193,30279488,30279501,13
channel-750,682263,30279495,30279506,11
channel-0,4037940,30279496,30279524,28
channel-874,292817,30279501,30279506,5
channel-6994,1324087,30279501,30279514,13
channel-122,667881,30279513,30279517,4
channel-6994,1324088,30279514,30279526,12
channel-208,1489859,30279514,30279525,11
channel-874,292818,30279524,30279536,12
channel-1,408294,30279537,30279550,13
channel-5,184271,30279538,30279549,11
channel-85077,59882,30279541,30279549,8
channel-122,667882,30279546,30279550,4
channel-5,184272,30279547,30279555,8
channel-1,408295,30279550,30279558,8
channel-6994,1324089,30279550,30279562,12
channel-5,184273,30279554,30279562,8
channel-874,292819,30279562,30279571,9
channel-6994,1324090,30279566,30279578,12
channel-0,4037941,30279567,30279577,10
channel-199,132694,30279575,30279583,8
channel-5,184274,30279575,30279585,10
channel-122,667883,30279579,30279583,4
channel-122,667884,30279581,30279584,3
channel-85077,59883,30279585,30279597,12
channel-75,844945,30279593,30279599,6
channel-326,537731,30279597,30279605,8
channel-0,4037942,30279603,30279612,9
channel-115,20367,30279604,30279614,10
channel-326,537732,30279607,30279628,21
channel-1,408296,30279608,30279619,11
channel-208,1489860,30279609,30279620,11
channel-1,408297,30279627,30279661,34
channel-75,844946,30279628,30279635,7
channel-6994,1324091,30279643,30279656,13
channel-208,1489861,30279668,30279678,10
channel-6994,1324092,30279673,30279686,13
channel-208,1489862,30279679,30279691,12
channel-6994,1324093,30279693,30279707,14
channel-782,310143,30279696,30279703,7
channel-122,667885,30279702,30279705,3
channel-750,682264,30279702,30279710,8
channel-326,537733,30279705,30279725,20
channel-85077,59884,30279706,30279735,29
channel-750,682265,30279710,30279726,16
channel-21113,25306,30279710,30279716,6
channel-98451,20,30279730,30279741,11
channel-19774,345852,30279737,30279749,12
channel-6994,1324094,30279742,30279755,13
channel-326,537734,30279750,30279755,5
channel-85077,59885,30279756,30279762,6
channel-184,137406,30279761,30279772,11
channel-0,4037943,30279762,30279773,11
channel-750,682266,30279772,30279783,11
channel-782,310144,30279787,30279796,9
channel-6994,1324095,30279790,30279798,8
channel-750,682267,30279791,30279796,5
channel-199,132695,30279792,30279803,11
channel-85077,59886,30279797,30279806,9
channel-6994,1324096,30279814,30279822,8
channel-326,537735,30279816,30279823,7
channel-326,537736,30279816,30279823,7
channel-326,537737,30279816,30279823,7
channel-326,537738,30279816,30279823,7
channel-326,537739,30279816,30279823,7
channel-326,537740,30279816,30279823,7
channel-326,537741,30279816,30279823,7
channel-326,537742,30279816,30279823,7
channel-6787,166669,30279824,30279829,5
channel-6994,1324097,30279824,30279835,11
channel-208,1489863,30279824,30279833,9
channel-874,292820,30279824,30279833,9
channel-0,4037944,30279827,30279836,9
channel-6994,1324098,30279831,30279840,9
channel-216,94184,30279833,30279898,65
channel-6994,1324099,30279844,30279857,13
channel-750,682268,30279845,30279857,12
channel-6994,1324100,30279847,30279857,10
channel-75,844947,30279847,30279855,8
channel-6787,166670,30279850,30279856,6
channel-750,682269,30279856,30279860,4
channel-2188,43601,30279860,30280004,144
channel-750,682270,30279861,30279875,14
channel-76971,12237,30279864,30279874,10
channel-326,537743,30279871,30279884,13
channel-326,537744,30279871,30279879,8
channel-4,166891,30279883,30279894,11
channel-6994,1324101,30279886,30279893,7
channel-750,682271,30279891,30279897,6
channel-6994,1324102,30279893,30279903,10
channel-0,4037945,30279899,30279912,13
channel-0,4037946,30279899,30279912,13
channel-143,128301,30279905,30279913,8
channel-326,537745,30279905,30279913,8
channel-21113,25307,30279907,30279915,8
channel-4,166892,30279915,30279946,31
channel-144,86680,30279922,30279932,10
channel-750,682272,30279924,30279943,19
channel-6787,166671,30279925,30279930,5
channel-165,71437,30279948,30281178,1230
channel-0,4037947,30279957,30279963,6
channel-6994,1324103,30279969,30279983,14
channel-874,292821,30279969,30279976,7
channel-75,844948,30279969,30279978,9
channel-874,292822,30279985,30279996,11
channel-85077,59887,30279989,30279996,7
channel-75,844949,30279993,30279997,4
channel-88,467091,30279996,30280011,15
channel-782,310145,30280004,30280010,6
channel-6994,1324104,30280013,30280025,12
channel-89298,18642,30280015,30280025,10
channel-6787,166672,30280019,30280023,4
channel-750,682273,30280025,30280029,4
channel-782,310146,30280026,30280033,7
channel-75,844950,30280033,30280038,5
channel-750,682274,30280037,30280049,12
channel-1,408298,30280042,30280074,32
channel-750,682275,30280042,30280058,16
channel-750,682276,30280045,30280058,13
channel-85077,59888,30280054,30280062,8
channel-216,94185,30280059,30280193,134
channel-85077,59889,30280060,30280084,24
channel-6994,1324105,30280063,30280073,10
channel-216,94186,30280068,30280193,125
channel-75,844951,30280072,30280080,8
channel-199,132696,30280076,30280087,11
channel-6787,166673,30280077,30280082,5
channel-85077,59890,30280079,30280089,10
channel-216,94187,30280093,30280293,200
channel-6994,1324106,30280099,30280109,10
channel-208,1489864,30280102,30280112,10
channel-6994,1324107,30280103,30280114,11
channel-750,682277,30280103,30280116,13
channel-6994,1324108,30280114,30280124,10
channel-6994,1324109,30280118,30280129,11
channel-782,310147,30280122,30280130,8
channel-1,408299,30280127,30280154,27
channel-750,682278,30280128,30280145,17
channel-320,119182,30280130,30280144,14
channel-6787,166674,30280130,30280135,5
channel-326,537746,30280134,30280143,9
channel-0,4037948,30280135,30280148,13
channel-782,310148,30280137,30280143,6
channel-0,4037949,30280149,30280164,15
channel-85077,59891,30280153,30280164,11
channel-874,292823,30280169,30280180,11
channel-750,682279,30280170,30280192,22
channel-412,64517,30280174,30280183,9
channel-750,682280,30280175,30280179,4
channel-0,4037950,30280176,30280186,10
channel-89321,19394,30280186,30280195,9
channel-0,4037951,30280198,30280209,11
channel-0,4037952,30280198,30280220,22
channel-320,119183,30280201,30280235,34
channel-122,667886,30280203,30280208,5
channel-1429,140698,30280205,30280216,11
channel-122,667887,30280219,30280223,4
channel-122,667888,30280224,30280227,3
channel-1,408300,30280230,30280255,25
channel-98451,22,30280235,30280245,10
channel-0,4037953,30280236,30280243,7
channel-208,1489865,30280250,30280256,6
channel-19774,345853,30280250,30280255,5
channel-6994,1324110,30280256,30280266,10
channel-750,682281,30280259,30280273,14
channel-750,682282,30280260,30280275,15
channel-0,4037954,30280271,30280281,10
channel-6994,1324111,30280271,30280281,10
channel-0,4037955,30280271,30280281,10
channel-6994,1324112,30280276,30280286,10
channel-1,408301,30280276,30280295,19
channel-1,408302,30280276,30280295,19
channel-208,1489866,30280281,30280290,9
channel-750,682283,30280295,30280299,4
channel-0,4037956,30280295,30280306,11
channel-1,408303,30280301,30280328,27
channel-0,4037957,30280302,30280309,7
channel-0,4037958,30280303,30280314,11
channel-1,408304,30280307,30280328,21
channel-94814,3754,30280311,30280319,8
channel-0,4037959,30280311,30280331,20
channel-6994,1324113,30280317,30280327,10
channel-6994,1324114,30280322,30280337,15
channel-1575,15189,30280335,30280343,8
channel-750,682284,30280340,30280343,3
channel-208,1489867,30280349,30280359,10
channel-85077,59892,30280349,30280358,9
channel-6994,1324115,30280354,30280387,33
channel-6787,166675,30280356,30280362,6
channel-38946,124102,30280358,30280380,22
channel-750,682285,30280358,30280380,22
channel-326,537747,30280363,30280370,7
channel-21113,25308,30280368,30280377,9
channel-122,667889,30280373,30280377,4
channel-21113,25309,30280374,30280383,9
channel-85077,59893,30280374,30280383,9
channel-750,682286,30280375,30280392,17
channel-326,537748,30280378,30280390,12
channel-0,4037960,30280384,30280395,11
channel-5,184275,30280387,30280395,8
channel-750,682287,30280410,30280421,11
channel-750,682288,30280410,30280421,11
channel-85077,59894,30280410,30280427,17
channel-94814,3755,30280423,30280434,11
channel-782,310149,30280424,30280429,5
channel-0,4037961,30280430,30280438,8
channel-6994,1324116,30280431,30280445,14
channel-0,4037962,30280435,30280463,28
channel-122,667890,30280436,30280440,4
channel-750,682289,30280437,30280444,7
channel-750,682290,30280437,30280457,20
channel-144,86681,30280439,30280451,12
channel-38946,124103,30280442,30280451,9
channel-6994,1324117,30280455,30280466,11
channel-122,667891,30280459,30280463,4
channel-412,64518,30280465,30280475,10
channel-750,682291,30280471,30280476,5
channel-259,314244,30280478,30280484,6
channel-750,682292,30280482,30280492,10
channel-750,682293,30280490,30280499,9
channel-0,4037963,30280510,30280519,9
channel-85077,59895,30280510,30280520,10
channel-85077,59896,30280512,30280521,9
channel-750,682294,30280515,30280521,6
channel-750,682295,30280520,30280524,4
channel-0,4037964,30280520,30280542,22
channel-0,4037965,30280530,30280542,12
channel-750,682296,30280557,30280568,11
channel-143,128302,30280559,30280583,24
channel-6994,1324118,30280564,30280578,14
channel-750,682297,30280566,30280571,5
channel-208,1489868,30280571,30280582,11
channel-6994,1324119,30280577,30280587,10
channel-216,94188,30280581,30280672,91
channel-326,537749,30280588,30280595,7
channel-91017,2798,30280591,30280600,9
channel-208,1489869,30280593,30280603,10
channel-85077,59897,30280593,30280600,7
channel-750,682298,30280596,30280607,11
channel-208,1489870,30280600,30280612,12
channel-75,844952,30280604,30280610,6
channel-750,682299,30280614,30280619,5
channel-91017,2799,30280617,30280625,8
channel-208,1489871,30280619,30280629,10
channel-208,1489872,30280619,30280629,10
channel-0,4037966,30280625,30280637,12
channel-750,682300,30280630,30280664,34
channel-5,184276,30280635,30280646,11
channel-750,682301,30280651,30280657,6
channel-208,1489873,30280656,30280666,10
channel-208,1489874,30280671,30280685,14
channel-750,682302,30280677,30280683,6
channel-6994,1324120,30280689,30280702,13
channel-750,682303,30280689,30280694,5
channel-6994,1324121,30280695,30280707,12
channel-0,4037967,30280696,30280706,10
channel-6994,1324122,30280700,30280713,13
channel-783,104220,30280704,30280716,12
channel-0,4037968,30280707,30280717,10
channel-750,682304,30280710,30280720,10
channel-6994,1324123,30280728,30280736,8
channel-122,667892,30280733,30280736,3
channel-750,682305,30280741,30280746,5
channel-98451,25,30280741,30280751,10
channel-750,682306,30280747,30280761,14
channel-208,1489875,30280752,30280763,11
channel-6994,1324124,30280760,30280771,11
channel-216,94189,30280765,30280872,107
channel-259,314245,30280767,30280773,6
channel-216,94190,30280767,30280872,105
channel-874,292824,30280771,30280787,16
channel-6994,1324125,30280790,30280803,13
channel-6994,1324126,30280796,30280806,10
channel-0,4037969,30280798,30280811,13
channel-216,94191,30280811,30280887,76
channel-1,408305,30280820,30280852,32
channel-98451,27,30280824,30280842,18
channel-85077,59898,30280825,30280835,10
channel-122,667893,30280830,30280834,4
channel-6994,1324127,30280837,30280849,12
channel-0,4037970,30280841,30280849,8
channel-122,667894,30280847,30280852,5
channel-412,64519,30280849,30280876,27
channel-208,1489876,30280854,30280864,10
channel-6994,1324128,30280854,30280862,8
channel-750,682307,30280856,30280860,4
channel-6994,1324129,30280866,30280878,12
channel-199,132697,30280867,30280876,9
channel-122,667895,30280870,30280875,5
channel-340,3175,30280872,30280881,9
channel-85077,59899,30280873,30280900,27
channel-783,104221,30280876,30280884,8
channel-208,1489877,30280880,30280893,13
channel-85791,3750,30280882,30280889,7
channel-122,667896,30280884,30280889,5
channel-6994,1324130,30280886,30280898,12
channel-6994,1324131,30280889,30280898,9
channel-75,844953,30280889,30280896,7
channel-750,682308,30280891,30280896,5
channel-208,1489878,30280897,30280907,10
channel-0,4037971,30280901,30280911,10
channel-122,667897,30280901,30280905,4
channel-750,682309,30280903,30280916,13
channel-122,667898,30280910,30280914,4
channel-2,130612,30280913,30280922,9
channel-326,537750,30280914,30280929,15
channel-0,4037972,30280923,30280935,12
channel-122,667899,30280925,30280929,4
channel-73,51333,30280929,30280940,11
channel-85077,59900,30280938,30280944,6
channel-6994,1324132,30280950,30280962,12
channel-6994,1324133,30280951,30280962,11
channel-88,467092,30280961,30280980,19
channel-874,292825,30280961,30280969,8
channel-6994,1324134,30280963,30280976,13
channel-85077,59901,30280965,30280974,9
channel-85077,59902,30280968,30280978,10
channel-98451,28,30280975,30280986,11
channel-0,4037973,30280985,30280995,10
channel-6994,1324135,30280985,30280997,12
channel-38946,124104,30280991,30281014,23
channel-208,1489879,30280993,30281003,10
channel-6994,1324136,30280997,30281008,11
channel-0,4037974,30281005,30281014,9
channel-208,1489880,30281010,30281020,10
channel-6994,1324137,30281012,30281022,10
channel-148,16083,30281035,30281043,8
channel-750,682310,30281039,30281056,17
channel-326,537751,30281041,30281047,6
channel-874,292826,30281051,30281061,10
channel-6994,1324138,30281064,30281075,11
channel-259,314246,30281078,30281084,6
channel-85077,59903,30281087,30281096,9
channel-88,467093,30281108,30281121,13
channel-38946,124105,30281111,30281129,18
channel-6994,1324139,30281120,30281131,11
channel-122,667900,30281126,30281129,3
channel-412,64520,30281130,30281138,8
channel-6994,1324140,30281132,30281147,15
channel-6994,1324141,30281140,30281152,12
channel-412,64521,30281148,30281155,7
channel-143,128303,30281151,30281170,19
channel-0,4037975,30281163,30281173,10
channel-115,20368,30281171,30281181,10
channel-0,4037976,30281174,30281184,10
channel-750,682311,30281174,30281182,8
channel-251,85188,30281181,30281212,31
channel-143,128304,30281188,30281199,11
channel-750,682312,30281195,30281203,8
channel-750,682313,30281197,30281201,4
channel-6994,1324142,30281199,30281211,12
channel-0,4037977,30281210,30281223,13
channel-1279,67117,30281211,30281248,37
channel-1,408306,30281223,30281271,48
channel-85077,59904,30281225,30281234,9
channel-143,128305,30281236,30281246,10
channel-6994,1324143,30281237,30281247,10
channel-184,137407,30281239,30281249,10
channel-6994,1324144,30281245,30281258,13
channel-1,408307,30281247,30281289,42
channel-6994,1324145,30281248,30281263,15
channel-6994,1324146,30281249,30281263,14
channel-6994,1324147,30281262,30281272,10
channel-94814,3756,30281265,30281275,10
channel-1,408308,30281267,30281289,22
channel-6994,1324148,30281270,30281282,12
channel-6994,1324149,30281272,30281282,10
channel-6994,1324150,30281280,30281290,10
channel-208,1489881,30281289,30281299,10
channel-216,94192,30281292,30281349,57
channel-208,1489882,30281297,30281308,11
channel-0,4037978,30281300,30281312,12
channel-38946,124106,30281306,30281325,19
channel-42,1489977,30281317,30281324,7
channel-85077,59905,30281333,30281345,12
channel-6994,1324151,30281340,30281353,13
channel-6994,1324152,30281341,30281353,12
channel-122,667901,30281347,30281349,2
channel-85077,59906,30281351,30281361,10
channel-21113,25310,30281353,30281360,7
channel-184,137408,30281355,30281362,7
channel-94814,3757,30281356,30281365,9
channel-20082,9878,30281359,30281372,13
channel-199,132698,30281385,30281397,12
channel-85077,59907,30281394,30281401,7
channel-208,1489883,30281397,30281405,8
channel-199,132699,30281397,30281409,12
channel-0,4037979,30281421,30281434,13
channel-259,314247,30281421,30281427,6
channel-122,667902,30281430,30281435,5
channel-6994,1324153,30281446,30281462,16
channel-251,85189,30281447,30281456,9
channel-750,682314,30281448,30281453,5
channel-38946,124107,30281448,30281461,13
channel-340,3176,30281459,30281471,12
channel-8,43455,30281469,30281494,25
channel-4,166893,30281471,30281488,17
channel-6994,1324154,30281483,30281497,14
channel-216,94193,30281489,30281558,69
channel-38946,124108,30281492,30281518,26
channel-208,1489884,30281493,30281506,13
channel-208,1489885,30281529,30281539,10
channel-6994,1324155,30281537,30281545,8
channel-0,4037980,30281551,30281556,5
channel-6994,1324156,30281555,30281564,9
channel-0,4037981,30281558,30281568,10
channel-94814,3758,30281568,30281581,13
channel-6994,1324157,30281571,30281585,14
channel-91017,2800,30281581,30281595,14
channel-874,292827,30281588,30281594,6
channel-38946,124109,30281593,30281609,16
channel-782,310150,30281600,30281605,5
channel-750,682315,30281603,30281608,5
channel-188,190546,30281610,30281670,60
channel-122,667903,30281617,30281621,4
channel-750,682316,30281631,30281637,6
channel-874,292828,30281635,30281658,23
channel-85077,59908,30281638,30281647,9
channel-122,667904,30281639,30281641,2
channel-750,682317,30281642,30281655,13
channel-38946,124110,30281648,30281657,9
channel-38946,124111,30281653,30281666,13
channel-85077,59909,30281654,30281661,7
channel-75,844954,30281664,30281671,7
channel-0,4037982,30281665,30281674,9
channel-750,682318,30281666,30281676,10
channel-8945,17741,30281683,30281698,15
channel-874,292829,30281691,30281697,6
channel-85077,59910,30281696,30281704,8
channel-4,166894,30281711,30281734,23
channel-8945,17742,30281714,30281725,11
channel-85791,3751,30281714,30281718,4
channel-85077,59911,30281717,30281725,8
channel-216,94194,30281718,30281785,67
channel-85077,59912,30281721,30281731,10
channel-122,667905,30281721,30281727,6
channel-8945,17743,30281730,30281753,23
channel-6994,1324158,30281736,30281746,10
channel-75,844955,30281737,30281743,6
channel-91017,2801,30281752,30281761,9
channel-6994,1324159,30281756,30281766,10
channel-0,4037983,30281759,30281769,10
channel-85077,59913,30281780,30281789,9
channel-122,667906,30281784,30281787,3
channel-143,128306,30281785,30281798,13
channel-38946,124113,30281786,30281797,11
channel-38946,124114,30281790,30281814,24
channel-113,301315,30281796,30281832,36
channel-782,310151,30281798,30281804,6
channel-326,537752,30281800,30281809,9
channel-750,682319,30281806,30281822,16
channel-0,4037984,30281809,30281815,6
channel-38946,124115,30281818,30281832,14
channel-19774,345854,30281819,30281830,11
channel-122,667907,30281821,30281825,4
channel-1,408309,30281821,30281845,24
channel-199,132700,30281823,30281830,7
channel-0,4037985,30281830,30281842,12
channel-6994,1324160,30281834,30281846,12
channel-259,314248,30281837,30281844,7
channel-2494,31905,30281839,30281850,11
channel-0,4037986,30281842,30281850,8
channel-6994,1324161,30281842,30281855,13
channel-0,4037987,30281850,30281860,10
channel-750,682320,30281856,30281860,4
channel-0,4037988,30281860,30281871,11
channel-38946,124116,30281864,30281886,22
channel-208,1489886,30281871,30281882,11
channel-0,4037989,30281877,30281890,13
channel-412,64522,30281880,30281889,9
channel-38946,124117,30281882,30281896,14
channel-0,4037990,30281883,30281895,12
channel-75,844956,30281887,30281895,8
channel-85077,59914,30281889,30281899,10
channel-412,64523,30281889,30281900,11
channel-208,1489887,30281894,30281903,9
channel-75,844957,30281895,30281899,4
channel-208,1489888,30281899,30281912,13
channel-6994,1324162,30281901,30281912,11
channel-0,4037991,30281909,30281920,11
channel-6994,1324163,30281909,30281923,14
channel-2494,31906,30281910,30281922,12
channel-750,682321,30281914,30281937,23
channel-85077,59915,30281923,30281932,9
channel-85077,59916,30281925,30281938,13
channel-85077,59917,30281928,30281938,10
channel-6994,1324164,30281929,30281940,11
channel-750,682322,30281933,30281942,9
channel-6994,1324165,30281936,30281952,16
channel-750,682323,30281936,30281950,14
channel-412,64524,30281943,30281954,11
channel-85077,59918,30281945,30281953,8
channel-85077,59919,30281950,30281959,9
channel-85077,59920,30281953,30281963,10
channel-6994,1324166,30281953,30281966,13
channel-85077,59921,30281954,30281971,17
channel-6994,1324167,30281956,30281966,10
channel-122,667908,30281963,30281966,3
channel-0,4037992,30281963,30281968,5
channel-85077,59922,30281969,30281975,6
channel-85077,59923,30281975,30281985,10
channel-85077,59924,30281977,30281987,10
channel-326,537753,30282000,30282024,24
channel-85077,59925,30282014,30282024,10
channel-6994,1324168,30282018,30282029,11
channel-85077,59926,30282022,30282035,13
channel-0,4037993,30282026,30282035,9
channel-115,20369,30282026,30282036,10
channel-2716,2664,30282027,30282042,15
channel-2494,31907,30282032,30282042,10
channel-85077,59927,30282033,30282043,10
channel-750,682324,30282035,30282039,4
channel-122,667909,30282036,30282040,4
channel-85077,59928,30282040,30282060,20
channel-2494,31908,30282043,30282059,16
channel-85077,59929,30282044,30282055,11
channel-38946,124118,30282046,30282072,26
channel-2494,31909,30282048,30282059,11
channel-6994,1324169,30282050,30282066,16
channel-2,130613,30282050,30282063,13
channel-85077,59930,30282058,30282064,6
channel-2494,31910,30282062,30282072,10
channel-750,682325,30282064,30282084,20
channel-750,682326,30282065,30282071,6
channel-199,132701,30282066,30282076,10
channel-122,667910,30282072,30282076,4
channel-85077,59931,30282073,30282085,12
channel-85077,59932,30282076,30282099,23
channel-750,682327,30282079,30282084,5
channel-0,4037994,30282086,30282099,13
channel-85077,59933,30282086,30282096,10
channel-0,4037995,30282087,30282099,12
channel-38946,124119,30282093,30282106,13
channel-85077,59934,30282100,30282107,7
channel-750,682328,30282101,30282106,5
channel-0,4037996,30282119,30282130,11
channel-0,4037997,30282122,30282131,9
channel-85077,59935,30282126,30282140,14
channel-750,682329,30282126,30282145,19
channel-750,682330,30282129,30282145,16
channel-750,682331,30282129,30282145,16
channel-38946,124120,30282130,30282146,16
channel-38946,124121,30282133,30282146,13
channel-216,94195,30282134,30282187,53
channel-750,682332,30282137,30282152,15
channel-2494,31911,30282139,30282148,9
channel-326,537754,30282139,30282145,6
channel-85077,59936,30282140,30282151,11
channel-326,537755,30282149,30282170,21
channel-750,682333,30282150,30282160,10
channel-85077,59937,30282155,30282162,7
channel-122,667911,30282158,30282160,2
channel-326,537756,30282160,30282169,9
channel-85077,59938,30282160,30282171,11
channel-75,844958,30282162,30282169,7
channel-1,408310,30282173,30282185,12
channel-750,682334,30282175,30282182,7
channel-85077,59939,30282178,30282188,10
channel-38946,124122,30282181,30282232,51
channel-75,844959,30282182,30282191,9
channel-38946,124123,30282182,30282214,32
channel-122,667912,30282183,30282187,4
channel-782,310152,30282184,30282189,5
channel-6994,1324170,30282185,30282197,12
channel-0,4037998,30282186,30282199,13
channel-38946,124124,30282191,30282218,27
channel-216,94196,30282193,30282253,60
channel-208,1489889,30282193,30282208,15
channel-750,682335,30282196,30282206,10
channel-0,4037999,30282202,30282211,9
channel-122,667913,30282204,30282210,6
channel-0,4038000,30282211,30282220,9
channel-2,130614,30282216,30282225,9
channel-476,11799,30282228,30282238,10
channel-85077,59940,30282229,30282238,9
channel-85077,59941,30282231,30282244,13
channel-72,516418,30282234,30282276,42
channel-85077,59942,30282236,30282248,12
channel-0,4038001,30282239,30282248,9
channel-85077,59943,30282244,30282251,7
channel-0,4038002,30282246,30282256,10
channel-75,844960,30282249,30282258,9
channel-85077,59944,30282251,30282262,11
channel-6994,1324171,30282260,30282269,9
channel-75755,5540,30282262,30282275,13
channel-0,4038003,30282262,30282273,11
channel-208,1489890,30282263,30282272,9
channel-38946,124125,30282265,30282274,9
channel-208,1489891,30282269,30282282,13
channel-85077,59945,30282280,30282290,10
channel-6994,1324172,30282283,30282296,13
channel-0,4038004,30282284,30282295,11
channel-75,844961,30282300,30282310,10
channel-38946,124126,30282302,30282311,9
channel-0,4038005,30282317,30282349,32
channel-6994,1324173,30282325,30282341,16
channel-783,104222,30282330,30282337,7
channel-0,4038006,30282342,30282372,30
channel-750,682336,30282344,30282357,13
channel-85077,59946,30282348,30282359,11
channel-85077,59947,30282349,30282359,10
channel-208,1489892,30282352,30282361,9
channel-0,4038007,30282353,30282364,11
channel-85077,59948,30282362,30282370,8
channel-0,4038008,30282366,30282377,11
channel-326,537757,30282367,30282373,6
channel-4,166895,30282371,30282383,12
channel-0,4038009,30282373,30282402,29
channel-85077,59949,30282376,30282388,12
channel-0,4038010,30282376,30282387,11
channel-6994,1324174,30282376,30282387,11
channel-0,4038011,30282378,30282402,24
channel-208,1489893,30282380,30282389,9
channel-750,682337,30282380,30282389,9
channel-85077,59950,30282380,30282389,9
channel-6994,1324175,30282389,30282400,11
channel-0,4038012,30282406,30282415,9
channel-4,166896,30282410,30282450,40
channel-85077,59951,30282415,30282423,8
channel-85077,59952,30282416,30282423,7
channel-85077,59953,30282417,30282430,13
channel-208,1489894,30282418,30282434,16
channel-0,4038013,30282418,30282443,25
channel-208,1489895,30282418,30282434,16
channel-750,682338,30282422,30282427,5
channel-85077,59954,30282422,30282458,36
channel-85077,59955,30282423,30282433,10
channel-750,682339,30282429,30282434,5
channel-216,94197,30282430,30282511,81
channel-85077,59956,30282432,30282442,10
channel-85077,59957,30282438,30282458,20
channel-6994,1324176,30282445,30282455,10
channel-38946,124127,30282446,30282463,17
channel-85077,59958,30282454,30282468,14
channel-85077,59959,30282454,30282468,14
channel-6994,1324177,30282458,30282469,11
channel-326,537758,30282461,30282466,5
channel-326,537759,30282462,30282468,6
channel-85077,59960,30282470,30282488,18
channel-85077,59961,30282472,30282481,9
channel-85077,59962,30282473,30282485,12
channel-85077,59963,30282480,30282488,8
channel-750,682340,30282482,30282491,9
channel-75,844962,30282483,30282489,6
channel-750,682341,30282484,30282488,4
channel-326,537760,30282485,30282494,9
channel-750,682342,30282485,30282497,12
channel-85077,59964,30282486,30282495,9
channel-229,55010,30282491,30282501,10
channel-6994,1324178,30282497,30282507,10
channel-6994,1324179,30282498,30282507,9
channel-85077,59965,30282504,30282514,10
channel-85077,59966,30282506,30282516,10
channel-326,537761,30282510,30282515,5
channel-89298,18643,30282522,30282534,12
channel-115,20370,30282522,30282531,9
channel-4,166897,30282527,30282544,17
channel-122,667914,30282535,30282539,4
channel-122,667915,30282536,30282540,4
channel-0,4038014,30282540,30282550,10
channel-208,1489896,30282540,30282554,14
channel-85077,59967,30282544,30282551,7
channel-259,314249,30282562,30282567,5
channel-77,50258,30282576,30282585,9
channel-6994,1324180,30282582,30282593,11
channel-750,682343,30282585,30282610,25
channel-0,4038015,30282586,30282596,10
channel-750,682344,30282586,30282599,13
channel-0,4038016,30282588,30282610,22
channel-87,182893,30282589,30282604,15
channel-122,667916,30282589,30282593,4
channel-5,184277,30282593,30282603,10
channel-208,1489897,30282593,30282606,13
channel-6994,1324181,30282602,30282612,10
channel-184,137409,30282603,30282616,13
channel-6994,1324182,30282610,30282623,13
channel-0,4038017,30282612,30282628,16
channel-0,4038018,30282612,30282628,16
channel-750,682345,30282612,30282622,10
channel-259,314250,30282612,30282618,6
channel-77,50259,30282616,30282625,9
channel-6994,1324183,30282622,30282634,12
channel-85077,59968,30282625,30282650,25
channel-0,4038019,30282628,30282643,15
channel-6994,1324184,30282631,30282646,15
channel-208,1489898,30282633,30282646,13
channel-72,516419,30282636,30282664,28
channel-85077,59969,30282638,30282650,12
channel-85077,59970,30282642,30282673,31
channel-2188,43602,30282644,30282649,5
channel-6994,1324185,30282651,30282661,10
channel-122,667917,30282651,30282654,3
channel-6994,1324186,30282652,30282661,9
channel-750,682346,30282659,30282663,4
channel-75,844963,30282661,30282670,9
channel-750,682347,30282661,30282675,14
channel-259,314251,30282668,30282674,6
channel-208,1489899,30282673,30282683,10
channel-0,4038020,30282683,30282694,11
channel-6994,1324187,30282694,30282710,16
channel-750,682348,30282698,30282702,4
channel-750,682349,30282703,30282708,5
channel-750,682350,30282704,30282709,5
channel-0,4038021,30282704,30282718,14
channel-85077,59971,30282704,30282776,72
channel-208,1489900,30282706,30282720,14
channel-75,844964,30282708,30282715,7
channel-216,94198,30282709,30282770,61
channel-122,667918,30282713,30282717,4
channel-6994,1324188,30282733,30282743,10
channel-5,184278,30282733,30282741,8
channel-77,50260,30282733,30282744,11
channel-89321,19395,30282746,30282757,11
channel-75,844965,30282753,30282761,8
channel-208,1489901,30282754,30282765,11
channel-750,682351,30282757,30282763,6
channel-6994,1324189,30282776,30282786,10
channel-122,667919,30282778,30282782,4
channel-1,408311,30282778,30282799,21
channel-1429,140699,30282782,30282793,11
channel-874,292830,30282796,30282801,5
channel-6994,1324190,30282797,30282809,12
channel-6994,1324191,30282808,30282823,15
channel-0,4038022,30282812,30282819,7
channel-750,682352,30282815,30282821,6
channel-75,844966,30282827,30282836,9
channel-326,537762,30282827,30282834,7
channel-0,4038023,30282838,30282848,10
channel-6994,1324192,30282841,30282851,10
channel-0,4038024,30282849,30282856,7
channel-6994,1324193,30282853,30282866,13
channel-4,166898,30282855,30282867,12
channel-412,64525,30282859,30282870,11
channel-6994,1324194,30282862,30282871,9
channel-0,4038025,30282865,30282874,9
channel-113,301316,30282879,30282929,50
channel-0,4038026,30282880,30282888,8
channel-750,682353,30282882,30282897,15
channel-874,292831,30282885,30282890,5
channel-89321,19396,30282886,30282896,10
channel-85077,59972,30282895,30282904,9
channel-6994,1324195,30282898,30282909,11
channel-85077,59973,30282911,30282924,13
channel-0,4038027,30282916,30282925,9
channel-0,4038028,30282927,30282940,13
channel-0,4038029,30282941,30282961,20
channel-42,1489978,30282945,30282955,10
channel-98451,29,30282950,30282966,16
channel-522,40431,30282958,30282970,12
channel-750,682354,30282958,30282965,7
channel-85077,59974,30282966,30282983,17
channel-88,467094,30282996,30283011,15
channel-874,292832,30282997,30283004,7
channel-38946,124128,30283003,30283015,12
channel-122,667920,30283005,30283010,5
channel-199,132702,30283023,30283034,11
channel-122,667921,30283033,30283037,4
channel-6994,1324196,30283037,30283049,12
channel-0,4038030,30283044,30283055,11
channel-199,132703,30283045,30283060,15
channel-85077,59975,30283045,30283059,14
channel-412,64526,30283060,30283070,10
channel-122,667922,30283060,30283064,4
channel-6994,1324197,30283061,30283076,15
channel-208,1489902,30283063,30283073,10
channel-782,310153,30283064,30283073,9
channel-0,4038031,30283089,30283098,9
channel-165,71438,30283091,30283106,15
channel-750,682355,30283105,30283111,6
channel-6994,1324198,30283110,30283119,9
channel-38946,124129,30283112,30283121,9
channel-38946,124130,30283115,30283134,19
channel-750,682356,30283118,30283135,17
channel-89321,19397,30283134,30283144,10
channel-0,4038032,30283138,30283145,7
channel-750,682357,30283140,30283149,9
channel-89321,19398,30283141,30283154,13
channel-89321,19399,30283144,30283154,10
channel-122,667923,30283149,30283153,4
channel-216,94199,30283150,30283279,129
channel-750,682358,30283156,30283161,5
channel-122,667924,30283160,30283164,4
channel-204,670784,30283161,30283169,8
channel-89321,19400,30283169,30283179,10
channel-38946,124131,30283175,30283190,15
channel-0,4038033,30283178,30283191,13
channel-874,292833,30283188,30283193,5
channel-208,1489903,30283190,30283198,8
channel-122,667925,30283191,30283195,4
channel-750,682359,30283192,30283196,4
channel-8,43456,30283199,30283225,26
channel-1,408312,30283202,30283224,22
channel-782,310154,30283214,30283223,9
channel-89321,19401,30283220,30283247,27
channel-165,71439,30283226,30283269,43
channel-208,1489904,30283235,30283247,12
channel-6994,1324199,30283240,30283254,14
channel-208,1489905,30283241,30283251,10
channel-0,4038034,30283242,30283248,6
channel-251,85190,30283244,30283256,12
channel-89321,19402,30283244,30283250,6
channel-750,682360,30283245,30283250,5
channel-6994,1324200,30283247,30283257,10
channel-38946,124132,30283262,30283289,27
channel-8945,17744,30283267,30283278,11
channel-0,4038035,30283270,30283279,9
channel-208,1489906,30283271,30283280,9
channel-6994,1324201,30283275,30283286,11
channel-6994,1324202,30283281,30283290,9
channel-259,314252,30283282,30283288,6
channel-208,1489907,30283283,30283291,8
channel-89321,19403,30283287,30283298,11
channel-750,682361,30283287,30283302,15
channel-1,408313,30283288,30283337,49
channel-782,310155,30283288,30283297,9
channel-1429,140700,30283302,30283313,11
channel-122,667926,30283307,30283310,3
channel-208,1489908,30283314,30283324,10
channel-1,408314,30283316,30283338,22
channel-251,85191,30283326,30283333,7
channel-0,4038036,30283333,30283345,12
channel-208,1489909,30283343,30283356,13
channel-6994,1324203,30283351,30283364,13
channel-750,682362,30283354,30283369,15
channel-0,4038037,30283362,30283373,11
channel-750,682363,30283364,30283369,5
channel-412,64527,30283373,30283380,7
channel-38946,124133,30283382,30283392,10
channel-75,844967,30283387,30283394,7
channel-750,682364,30283403,30283417,14
channel-874,292834,30283406,30283412,6
channel-143,128307,30283408,30283420,12
channel-750,682365,30283412,30283417,5
channel-2494,31912,30283414,30283423,9
channel-85077,59976,30283424,30283435,11
channel-6994,1324204,30283435,30283445,10
channel-6994,1324205,30283458,30283468,10
channel-0,4038038,30283459,30283472,13
channel-0,4038039,30283466,30283491,25
channel-6994,1324206,30283476,30283488,12
channel-85077,59977,30283476,30283490,14
channel-2494,31913,30283478,30283488,10
channel-6994,1324207,30283479,30283492,13
channel-0,4038040,30283481,30283491,10
channel-6994,1324208,30283482,30283492,10
channel-782,310156,30283482,30283489,7
channel-89321,19404,30283485,30283493,8
channel-2,130615,30283493,30283504,11
channel-0,4038041,30283497,30283507,10
channel-98451,30,30283501,30283516,15
channel-88,467095,30283515,30283528,13
channel-85077,59978,30283518,30283544,26
channel-85077,59979,30283522,30283538,16
channel-750,682366,30283526,30283537,11
channel-6994,1324209,30283526,30283538,12
channel-0,4038042,30283542,30283553,11
channel-0,4038043,30283551,30283562,11
channel-5,184279,30283551,30283561,10
channel-6994,1324210,30283560,30283570,10
channel-251,85192,30283564,30283574,10
channel-89321,19405,30283572,30283599,27
channel-148,16084,30283572,30283579,7
channel-750,682367,30283579,30283586,7
channel-5,184280,30283582,30283617,35
channel-750,682368,30283585,30283598,13
channel-38946,124134,30283585,30283599,14
channel-0,4038044,30283609,30283620,11
channel-750,682369,30283617,30283621,4
channel-6994,1324211,30283618,30283631,13
channel-750,682370,30283624,30283630,6
channel-208,1489910,30283624,30283633,9
channel-6994,1324212,30283643,30283653,10
channel-2,130616,30283651,30283663,12
channel-326,537763,30283664,30283675,11
channel-143,128308,30283665,30283673,8
channel-6787,166676,30283666,30283670,4
channel-0,4038045,30283672,30283686,14
channel-0,4038046,30283696,30283707,11
channel-85791,3752,30283711,30283716,5
channel-0,4038047,30283712,30283720,8
channel-6994,1324213,30283715,30283724,9
channel-259,314253,30283719,30283724,5
channel-122,667927,30283734,30283738,4
channel-216,94200,30283741,30283796,55
channel-85791,3753,30283746,30283752,6
channel-216,94201,30283752,30283866,114
channel-750,682371,30283755,30283760,5
channel-259,314254,30283771,30283777,6
channel-0,4038048,30283777,30283788,11
channel-85791,3754,30283778,30283786,8
channel-89321,19406,30283779,30283814,35
channel-0,4038049,30283784,30283807,23
channel-143,128309,30283786,30283797,11
channel-216,94202,30283804,30283895,91
channel-108,39846,30283811,30283838,27
channel-0,4038050,30283814,30283826,12
channel-0,4038051,30283814,30283837,23
channel-4,166899,30283822,30283858,36
channel-251,85193,30283826,30283844,18
channel-0,4038052,30283828,30283837,9
channel-6994,1324214,30283828,30283838,10
channel-0,4038053,30283832,30283840,8
channel-188,190547,30283835,30283857,22
channel-216,94203,30283836,30283921,85
channel-208,1489911,30283838,30283850,12
channel-251,85194,30283843,30283853,10
channel-208,1489912,30283847,30283860,13
channel-42,1489979,30283851,30283860,9
channel-122,667928,30283853,30283862,9
channel-122,667929,30283861,30283865,4
channel-85791,3755,30283866,30283872,6
channel-750,682372,30283873,30283876,3
channel-75,844968,30283875,30283886,11
channel-85077,59980,30283882,30283891,9
channel-2,130617,30283896,30283909,13
channel-204,670785,30283901,30283909,8
channel-6994,1324215,30283906,30283915,9
channel-0,4038054,30283912,30283918,6
channel-204,670786,30283914,30283919,5
channel-6994,1324216,30283914,30283923,9
channel-216,94204,30283923,30284072,149
channel-750,682373,30283942,30283951,9
channel-2,130618,30283954,30283964,10
channel-122,667930,30283961,30283966,5
channel-98451,31,30283962,30283982,20
channel-42,1489980,30283973,30283981,8
channel-89298,18644,30283975,30283985,10
channel-6994,1324217,30283985,30283997,12
channel-782,310157,30283986,30283993,7
channel-208,1489913,30283987,30284001,14
channel-73755,5831,30283990,30283998,8
channel-750,682374,30283996,30284000,4
channel-6994,1324218,30284012,30284026,14
channel-208,1489914,30284016,30284029,13
channel-85077,59981,30284021,30284029,8
channel-75,844969,30284025,30284033,8
channel-89298,18645,30284033,30284041,8
channel-85077,59982,30284037,30284051,14
channel-259,314255,30284039,30284045,6
channel-782,310158,30284040,30284048,8
channel-208,1489915,30284041,30284051,10
channel-6994,1324219,30284045,30284053,8
channel-75,844970,30284051,30284058,7
channel-0,4038055,30284054,30284063,9
channel-750,682375,30284057,30284070,13
channel-19774,345855,30284060,30284067,7
channel-0,4038056,30284067,30284077,10
channel-782,310159,30284073,30284081,8
channel-0,4038057,30284085,30284095,10
channel-782,310160,30284086,30284092,6
channel-750,682376,30284088,30284097,9
channel-6994,1324220,30284090,30284102,12
channel-208,1489916,30284099,30284109,10
channel-6994,1324221,30284100,30284110,10
channel-6994,1324222,30284115,30284130,15
channel-208,1489917,30284119,30284131,12
channel-88,467096,30284120,30284140,20
channel-782,310161,30284136,30284144,8
channel-6994,1324223,30284137,30284150,13
channel-208,1489918,30284142,30284155,13
channel-6994,1324224,30284143,30284154,11
channel-199,132704,30284150,30284159,9
channel-782,310162,30284150,30284157,7
channel-750,682377,30284155,30284162,7
channel-188,190548,30284157,30284166,9
channel-412,64528,30284157,30284170,13
channel-6994,1324225,30284168,30284179,11
channel-208,1489919,30284169,30284180,11
channel-874,292835,30284177,30284190,13
channel-782,310163,30284188,30284196,8
channel-782,310164,30284190,30284200,10
channel-38946,124135,30284190,30284203,13
channel-782,310165,30284195,30284202,7
channel-143,128310,30284201,30284210,9
channel-75,844971,30284204,30284213,9
channel-85791,3756,30284214,30284220,6
channel-6994,1324226,30284217,30284228,11
channel-6994,1324227,30284219,30284228,9
channel-6994,1324228,30284226,30284239,13
channel-199,132705,30284227,30284240,13
channel-1429,140701,30284233,30284241,8
channel-122,667931,30284235,30284239,4
channel-1429,140702,30284237,30284246,9
channel-88,467097,30284237,30284248,11
channel-0,4038058,30284238,30284245,7
channel-782,310166,30284240,30284247,7
channel-6994,1324229,30284241,30284250,9
channel-6994,1324230,30284241,30284250,9
channel-6994,1324231,30284256,30284267,11
channel-199,132706,30284258,30284265,7
channel-208,1489920,30284264,30284274,10
channel-320,119184,30284265,30284301,36
channel-0,4038059,30284271,30284284,13
channel-38946,124136,30284273,30284285,12
channel-75,844972,30284277,30284285,8
channel-4,166900,30284282,30284301,19
channel-4,166901,30284285,30284301,16
channel-38946,124137,30284287,30284303,16
channel-115,20371,30284293,30284304,11
channel-199,132707,30284295,30284305,10
channel-320,119185,30284303,30284357,54
channel-4,166902,30284304,30284314,10
channel-2188,43603,30284312,30284317,5
channel-874,292836,30284324,30284330,6
channel-38946,124138,30284326,30284341,15
channel-4,166903,30284338,30284348,10
channel-4,166904,30284342,30284353,11
channel-2,130619,30284344,30284355,11
channel-750,682378,30284346,30284351,5
channel-4,166905,30284364,30284395,31
channel-4,166906,30284367,30284377,10
channel-0,4038060,30284378,30284388,10
channel-4,166907,30284379,30284390,11
channel-4,166908,30284380,30284390,10
channel-750,682379,30284381,30284387,6
channel-19774,345856,30284383,30284395,12
channel-4,166909,30284388,30284400,12
channel-4,166910,30284392,30284405,13
channel-750,682380,30284405,30284410,5
channel-4,166911,30284405,30284413,8
channel-4,166912,30284410,30284423,13
channel-5,184281,30284423,30284432,9
channel-4,166913,30284423,30284455,32
channel-19774,345857,30284429,30284442,13
channel-208,1489921,30284429,30284442,13
channel-0,4038061,30284434,30284443,9
channel-4,166914,30284434,30284466,32
channel-4,166915,30284435,30284460,25
channel-6994,1324232,30284441,30284450,9
channel-0,4038062,30284449,30284480,31
channel-204,670787,30284451,30304991,20540
channel-4,166916,30284451,30284482,31
channel-19774,345858,30284452,30284462,10
channel-4,166917,30284452,30284482,30
channel-38946,124139,30284454,30284463,9
channel-4,166918,30284459,30284482,23
channel-21113,25311,30284466,30284473,7
channel-1,408315,30284467,30284488,21
channel-75,844973,30284473,30284482,9
channel-0,4038063,30284495,30284509,14
channel-750,682381,30284497,30284501,4
channel-259,314256,30284517,30284524,7
channel-208,1489922,30284523,30284536,13
channel-122,667932,30284523,30284526,3
channel-85077,59983,30284527,30284537,10
channel-89321,19407,30284534,30284546,12
channel-5,184282,30284562,30284572,10
channel-6994,1324233,30284565,30284579,14
channel-326,537764,30284578,30284586,8
channel-750,682382,30284582,30284586,4
channel-6994,1324234,30284583,30284594,11
channel-89298,18646,30284584,30284591,7
channel-21113,25312,30284585,30284592,7
channel-144,86682,30284602,30284613,11
channel-0,4038064,30284617,30284629,12
channel-19774,345859,30284618,30284633,15
channel-0,4038065,30284620,30284629,9
channel-4,166919,30284621,30284631,10
channel-208,1489923,30284625,30284639,14
channel-91017,2802,30284643,30284654,11
channel-85077,59984,30284643,30284652,9
channel-750,682383,30284649,30284661,12
channel-340,3177,30284650,30284660,10
channel-85077,59985,30284652,30284661,9
channel-98451,32,30284658,30284666,8
channel-4,166920,30284663,30284672,9
channel-89298,18647,30284666,30284674,8
channel-87,182894,30284676,30284702,26
channel-122,667933,30284682,30284687,5
channel-122,667934,30284682,30284687,5
channel-89298,18648,30284686,30284695,9
channel-4,166921,30284687,30284703,16
channel-4,166922,30284688,30284703,15
channel-85077,59986,30284692,30284710,18
channel-0,4038066,30284692,30284701,9
channel-208,1489924,30284697,30284710,13
channel-4,166923,30284713,30284740,27
channel-0,4038067,30284713,30284751,38
channel-6994,1324235,30284728,30284739,11
channel-4,166924,30284736,30284759,23
channel-251,85195,30284736,30284749,13
channel-412,64529,30284739,30284752,13
channel-4,166925,30284740,30284773,33
channel-251,85196,30284747,30284758,11
channel-122,667935,30284749,30284753,4
channel-85077,59987,30284751,30284760,9
channel-89298,18649,30284751,30284761,10
channel-4,166926,30284757,30284797,40
channel-4,166927,30284762,30284826,64
channel-122,667936,30284762,30284767,5
channel-98451,33,30284763,30284789,26
channel-85077,59988,30284767,30284776,9
channel-4,166928,30284769,30284843,74
channel-79703,4423,30284785,30284799,14
channel-4,166929,30284787,30284856,69
channel-75,844974,30284801,30284807,6
channel-75,844975,30284801,30284807,6
channel-85077,59989,30284808,30284818,10
channel-750,682384,30284811,30284833,22
channel-4,166930,30284813,30284871,58
channel-0,4038068,30284818,30284831,13
channel-0,4038069,30284828,30284840,12
channel-4,166931,30284830,30284866,36
channel-522,40432,30284834,30284845,11
channel-326,537765,30284838,30284842,4
channel-4,166932,30284839,30284861,22
channel-0,4038070,30284846,30284855,9
channel-0,4038071,30284851,30284860,9
channel-522,40433,30284860,30284872,12
channel-216,94207,30284872,30284954,82
channel-38946,124140,30284878,30284890,12
channel-122,667937,30284883,30284893,10
channel-2188,43604,30284888,30284892,4
channel-0,4038072,30284890,30284900,10
channel-75,844976,30284909,30284917,8
channel-0,4038073,30284912,30284922,10
channel-0,4038074,30284914,30284922,8
channel-216,94208,30284917,30284983,66
channel-91017,2803,30284927,30284936,9
channel-208,1489925,30284928,30284942,14
channel-39535,10293,30284931,30285007,76
channel-208,1489926,30284933,30284945,12
channel-122,667938,30284936,30284940,4
channel-85077,59990,30284938,30284947,9
channel-750,682385,30284963,30284983,20
channel-89321,19408,30284966,30284975,9
channel-259,314257,30284970,30284975,5
channel-6994,1324236,30284976,30284989,13
channel-75,844977,30284978,30284985,7
channel-0,4038075,30284979,30285009,30
channel-85077,59991,30284981,30284990,9
channel-0,4038076,30284982,30284991,9
channel-326,537766,30284982,30284989,7
channel-1,408316,30284986,30285014,28
channel-1,408317,30285011,30285055,44
channel-89321,19409,30285015,30285026,11
channel-259,314258,30285015,30285020,5
channel-208,1489927,30285016,30285029,13
channel-1429,140703,30285018,30285027,9
channel-6787,166677,30285022,30285027,5
channel-1,408318,30285022,30285056,34
channel-750,682386,30285024,30285034,10
channel-412,64530,30285034,30285047,13
channel-0,4038077,30285049,30285062,13
channel-251,85197,30285058,30285070,12
channel-0,4038078,30285068,30285074,6
channel-750,682387,30285072,30285083,11
channel-1,408319,30285091,30285150,59
channel-89321,19410,30285092,30285103,11
channel-91017,2804,30285096,30285104,8
channel-750,682388,30285098,30285108,10
channel-85077,59992,30285102,30285108,6
channel-782,310167,30285103,30285108,5
channel-85077,59993,30285104,30285120,16
channel-259,314259,30285104,30285108,4
channel-0,4038079,30285104,30285114,10
channel-89321,19411,30285108,30285117,9
channel-874,292837,30285108,30285123,15
channel-122,667939,30285108,30285112,4
channel-0,4038080,30285115,30285128,13
channel-85077,59994,30285127,30285138,11
channel-85077,59995,30285133,30285141,8
channel-85077,59996,30285133,30285141,8
channel-208,1489928,30285141,30285152,11
channel-750,682389,30285151,30285170,19
channel-85077,59997,30285173,30285182,9
channel-89321,19412,30285188,30285193,5
channel-0,4038081,30285191,30285201,10
channel-19774,345860,30285193,30285208,15
channel-0,4038082,30285202,30285213,11
channel-89321,19413,30285213,30285221,8
channel-208,1489929,30285222,30285234,12
channel-6994,1324237,30285222,30285237,15
channel-188,190549,30285226,30285247,21
channel-750,682390,30285239,30285267,28
channel-232,49194,30285255,30285266,11
channel-6994,1324238,30285262,30285274,12
channel-85077,59998,30285264,30285274,10
channel-6994,1324239,30285265,30285274,9
channel-208,1489930,30285268,30285277,9
channel-1,408320,30285268,30285294,26
channel-0,4038083,30285271,30285280,9
channel-38946,124141,30285272,30285372,100
channel-1,408321,30285278,30285294,16
channel-85077,59999,30285283,30285294,11
channel-85077,60000,30285293,30285302,9
channel-208,1489931,30285300,30285309,9
channel-1,408322,30285304,30285333,29
channel-208,1489932,30285310,30285322,12
channel-0,4038084,30285310,30285324,14
channel-750,682391,30285318,30285336,18
channel-750,682392,30285324,30285335,11
channel-122,667940,30285328,30285332,4
channel-85077,60001,30285332,30285343,11
channel-6994,1324240,30285333,30285347,14
channel-122,667941,30285335,30285339,4
channel-750,682393,30285343,30285348,5
channel-122,667942,30285344,30285348,4
channel-874,292838,30285350,30285358,8
channel-0,4038085,30285353,30285362,9
channel-85077,60002,30285359,30285365,6
channel-38946,124142,30285361,30285372,11
channel-0,4038086,30285362,30285375,13
channel-783,104223,30285362,30285368,6
channel-412,64531,30285377,30285389,12
channel-0,4038087,30285391,30285396,5
channel-259,314260,30285405,30285410,5
channel-208,1489933,30285406,30285416,10
channel-85077,60003,30285410,30285449,39
channel-85077,60004,30285410,30285449,39
channel-750,682394,30285415,30285446,31
channel-115,20372,30285426,30285438,12
channel-42,1489981,30285437,30285446,9
channel-75,844978,30285442,30285449,7
channel-79703,4424,30285443,30285455,12
channel-874,292839,30285448,30285455,7
channel-874,292840,30285450,30285469,19
channel-188,190550,30285453,30285480,27
channel-89321,19414,30285455,30285478,23
channel-208,1489934,30285459,30285468,9
channel-750,682395,30285462,30285480,18
channel-2188,43605,30285465,30285469,4
channel-85077,60005,30285468,30285479,11
channel-2,130620,30285473,30285488,15
channel-750,682396,30285477,30285486,9
channel-412,64532,30285480,30285494,14
channel-188,190551,30285483,30285503,20
channel-42,1489982,30285486,30285497,11
channel-144,86683,30285488,30285498,10
channel-1,408323,30285489,30285500,11
channel-89321,19415,30285490,30285515,25
channel-750,682397,30285491,30285496,5
channel-2188,43606,30285495,30285499,4
channel-750,682398,30285496,30285500,4
channel-874,292841,30285496,30285505,9
channel-42,1489983,30285500,30285513,13
channel-21113,25313,30285503,30285510,7
channel-750,682399,30285506,30285522,16
channel-0,4038088,30285507,30285516,9
channel-85077,60006,30285510,30285519,9
channel-77,50261,30285510,30285518,8
channel-874,292842,30285512,30285518,6
channel-0,4038089,30285514,30285534,20
channel-188,190552,30285515,30285537,22
channel-0,4038090,30285516,30285540,24
channel-2186,40772,30285516,30285541,25
channel-259,314261,30285518,30285523,5
channel-412,64533,30285519,30285532,13
channel-259,314262,30285520,30285526,6
channel-0,4038091,30285522,30285540,18
channel-750,682400,30285529,30285534,5
channel-91017,2805,30285531,30285539,8
channel-326,537767,30285532,30285558,26
channel-6994,1324241,30285532,30285541,9
channel-874,292843,30285534,30285538,4
channel-208,1489935,30285537,30285545,8
channel-4,166933,30285537,30285553,16
channel-0,4038092,30285537,30285547,10
channel-19774,345861,30285539,30285545,6
channel-0,4038093,30285539,30285547,8
channel-750,682401,30285543,30285553,10
channel-0,4038094,30285545,30285568,23
channel-874,292844,30285545,30285550,5
channel-0,4038095,30285545,30285572,27
channel-42,1489984,30285547,30285552,5
channel-0,4038096,30285549,30285568,19
channel-188,190553,30285549,30285619,70
channel-874,292845,30285550,30285555,5
channel-19774,345862,30285552,30285559,7
channel-1429,140704,30285553,30285564,11
channel-85791,3757,30285553,30285559,6
channel-259,314263,30285553,30285560,7
channel-19774,345863,30285555,30285564,9
channel-82,18950,30285555,30285581,26
channel-75,844979,30285555,30285562,7
channel-0,4038097,30285558,30285568,10
channel-6994,1324242,30285559,30285584,25
channel-75016,4618,30285559,30285573,14
channel-42,1489985,30285562,30285572,10
channel-874,292846,30285562,30285572,10
channel-874,292847,30285567,30285572,5
channel-75,844980,30285567,30285574,7
channel-75755,5541,30285567,30285577,10
channel-6,66635,30285568,30285579,11
channel-750,682402,30285569,30285573,4
channel-0,4038098,30285572,30285602,30
channel-19774,345864,30285572,30285581,9
channel-783,104224,30285572,30285580,8
channel-0,4038099,30285572,30285601,29
channel-91017,2806,30285572,30285581,9
channel-208,1489936,30285572,30285582,10
channel-6994,1324243,30285573,30285584,11
channel-874,292848,30285573,30285579,6
channel-0,4038100,30285574,30285586,12
channel-6994,1324244,30285574,30285589,15
channel-259,314264,30285574,30285581,7
channel-750,682403,30285575,30285646,71
channel-89321,19416,30285575,30285603,28
channel-6994,1324245,30285579,30285604,25
channel-874,292849,30285580,30285585,5
channel-874,292850,30285582,30285601,19
channel-412,64534,30285582,30285599,17
channel-0,4038101,30285583,30285596,13
channel-0,4038102,30285584,30285604,20
channel-188,190554,30285584,30285619,35
channel-6787,166678,30285586,30285592,6
channel-19774,345865,30285587,30285601,14
channel-19774,345866,30285590,30285601,11
channel-0,4038103,30285592,30285604,12
channel-0,4038104,30285592,30285601,9
channel-6994,1324246,30285594,30285601,7
channel-0,4038105,30285597,30285610,13
channel-42,1489986,30285597,30285614,17
channel-750,682404,30285598,30285794,196
channel-874,292851,30285601,30285607,6
channel-0,4038106,30285601,30285609,8
channel-783,104225,30285601,30285607,6
channel-184,137410,30285603,30285617,14
channel-208,1489937,30285604,30285614,10
channel-750,682405,30285608,30285794,186
channel-2188,43607,30285610,30285615,5
channel-87,182895,30285610,30285679,69
channel-874,292852,30285611,30285623,12
channel-208,1489938,30285612,30285621,9
channel-0,4038107,30285613,30285623,10
channel-199,132708,30285614,30285635,21
channel-19774,345867,30285614,30285621,7
channel-874,292853,30285615,30285623,8
channel-91017,2807,30285616,30285623,7
channel-19774,345868,30285616,30285624,8
channel-188,190555,30285618,30285659,41
channel-0,4038108,30285618,30285624,6
channel-88,467098,30285619,30285629,10
channel-19774,345869,30285619,30285624,5
channel-89321,19417,30285619,30285664,45
channel-340,3178,30285621,30285630,9
channel-0,4038109,30285621,30285629,8
channel-874,292854,30285621,30285624,3
channel-85077,60007,30285622,30285628,6
channel-320,119186,30285626,30285788,162
channel-874,292855,30285626,30285634,8
channel-85077,60008,30285628,30285635,7
channel-0,4038110,30285631,30285661,30
channel-2188,43608,30285634,30285639,5
channel-0,4038111,30285634,30285661,27
channel-208,1489939,30285635,30285648,13
channel-874,292856,30285636,30285645,9
channel-6994,1324247,30285639,30285651,12
channel-412,64535,30285640,30285651,11
channel-89321,19418,30285640,30285646,6
channel-750,682406,30285640,30285656,16
channel-19774,345870,30285640,30285648,8
channel-143,128311,30285641,30285727,86
channel-19774,345871,30285642,30285652,10
channel-874,292857,30285646,30285653,7
channel-874,292858,30285647,30285653,6
channel-208,1489940,30285647,30285657,10
channel-874,292859,30285648,30285653,5
channel-143,128312,30285651,30285679,28
channel-91017,2808,30285651,30285662,11
channel-87,182896,30285656,30285737,81
channel-0,4038112,30285661,30285685,24
channel-874,292860,30285661,30285666,5
channel-208,1489941,30285662,30285670,8
channel-0,4038113,30285663,30285680,17
channel-1,408324,30285663,30285704,41
channel-750,682407,30285668,30285702,34
channel-19774,345872,30285668,30285680,12
channel-181,13586,30285669,30285678,9
channel-874,292861,30285670,30285675,5
channel-208,1489942,30285670,30285679,9
channel-208,1489943,30285679,30285688,9
channel-874,292862,30285680,30285687,7
channel-874,292863,30285682,30285687,5
channel-208,1489944,30285686,30285697,11
channel-85077,60009,30285686,30285712,26
channel-19774,345873,30285688,30285696,8
channel-874,292864,30285689,30285695,6
channel-208,1489945,30285692,30285701,9
channel-143,128313,30285694,30285893,199
channel-91017,2809,30285694,30285701,7
channel-750,682408,30285694,30285709,15
channel-2188,43609,30285695,30285700,5
channel-73,51334,30285700,30285710,10
channel-19774,345874,30285706,30285716,10
channel-0,4038114,30285709,30285733,24
channel-208,1489946,30285710,30285718,8
channel-19774,345875,30285714,30285727,13
channel-874,292865,30285721,30285737,16
channel-1575,15190,30285722,30285795,73
channel-874,292866,30285723,30285729,6
channel-874,292867,30285724,30285729,5
channel-874,292868,30285725,30285729,4
channel-874,292869,30285725,30285729,4
channel-1429,140705,30285727,30285737,10
channel-750,682409,30285727,30285731,4
channel-0,4038115,30285729,30285754,25
channel-208,1489947,30285729,30285740,11
channel-188,190556,30285730,30285797,67
channel-750,682410,30285730,30285745,15
channel-0,4038116,30285731,30285761,30
channel-75016,4619,30285731,30285768,37
channel-0,4038117,30285735,30285761,26
channel-2188,43610,30285735,30285739,4
channel-874,292870,30285737,30285743,6
channel-874,292871,30285738,30285745,7
channel-6994,1324248,30285738,30285752,14
channel-38946,124143,30285739,30285771,32
channel-0,4038118,30285740,30285771,31
channel-0,4038119,30285740,30285752,12
channel-6994,1324249,30285742,30285757,15
channel-19774,345876,30285743,30285775,32
channel-750,682411,30285745,30285770,25
channel-19774,345877,30285747,30285756,9
channel-0,4038120,30285747,30285776,29
channel-199,132709,30285748,30285760,12
channel-15464,2655,30285748,30285761,13
channel-208,1489948,30285752,30285769,17
channel-750,682412,30285754,30285783,29
channel-19774,345878,30285755,30285765,10
channel-6787,166679,30285757,30285762,5
channel-208,1489949,30285757,30285769,12
channel-874,292872,30285758,30285763,5
channel-0,4038121,30285760,30285771,11
channel-2188,43611,30285761,30285766,5
channel-188,190557,30285762,30285797,35
channel-874,292873,30285764,30285769,5
channel-874,292874,30285764,30285769,5
channel-6994,1324250,30285765,30285804,39
channel-229,55011,30285765,30285775,10
channel-326,537768,30285766,30285771,5
channel-0,4038122,30285770,30285782,12
channel-874,292875,30285771,30285779,8
channel-21113,25314,30285771,30285778,7
channel-750,682413,30285771,30285776,5
channel-750,682414,30285772,30285788,16
channel-874,292876,30285776,30285782,6
channel-874,292877,30285776,30285782,6
channel-19774,345879,30285778,30285788,10
channel-91017,2810,30285779,30285788,9
channel-5485,1712,30285779,30285788,9
channel-6994,1324251,30285780,30285791,11
channel-5,184283,30285782,30285790,8
channel-6994,1324252,30285784,30285796,12
channel-0,4038123,30285790,30285815,25
channel-0,4038124,30285790,30285803,13
channel-750,682415,30285790,30285803,13
channel-782,310168,30285795,30285801,6
channel-874,292878,30285799,30285807,8
channel-0,4038125,30285800,30285811,11
channel-199,132710,30285802,30285814,12
channel-89298,18650,30285807,30285816,9
channel-8,43457,30285809,30285840,31
channel-750,682416,30285809,30285819,10
channel-19774,345880,30285809,30285821,12
channel-874,292879,30285811,30285817,6
channel-874,292880,30285811,30285817,6
channel-750,682417,30285816,30285833,17
channel-750,682418,30285821,30285831,10
channel-19774,345881,30285823,30285835,12
channel-188,190558,30285824,30285876,52
channel-208,1489950,30285825,30285837,12
channel-19774,345882,30285828,30285844,16
channel-91017,2811,30285829,30285839,10
channel-143,128314,30285830,30285844,14
channel-216,94209,30285830,30285869,39
channel-143,128315,30285832,30285874,42
channel-19774,345883,30285833,30285844,11
channel-6994,1324253,30285833,30285865,32
channel-874,292881,30285839,30285844,5
channel-2,130621,30285841,30285852,11
channel-874,292882,30285841,30285845,4
channel-874,292883,30285846,30285861,15
channel-0,4038126,30285846,30285862,16
channel-874,292884,30285846,30285869,23
channel-208,1489951,30285846,30285859,13
channel-0,4038127,30285849,30285858,9
channel-750,682419,30285853,30285862,9
channel-19774,345884,30285855,30285864,9
channel-0,4038128,30285855,30285875,20
channel-19774,345885,30285855,30285864,9
channel-412,64536,30285856,30285870,14
channel-91017,2812,30285856,30285865,9
channel-19774,345886,30285856,30285864,8
channel-77,50262,30285856,30285864,8
channel-0,4038129,30285857,30285862,5
channel-6994,1324254,30285858,30285879,21
channel-326,537769,30285858,30285861,3
channel-6994,1324255,30285859,30285870,11
channel-0,4038130,30285859,30285879,20
channel-251,85198,30285861,30285874,13
channel-6994,1324256,30285862,30285875,13
channel-0,4038131,30285862,30285893,31
channel-188,190559,30285864,30285921,57
channel-208,1489952,30285865,30285874,9
channel-0,4038132,30285867,30285890,23
channel-6994,1324257,30285867,30285879,12
channel-75,844981,30285868,30285887,19
channel-0,4038133,30285869,30285893,24
channel-88,467099,30285869,30285918,49
channel-6994,1324258,30285869,30285879,10
channel-2186,40773,30285869,30285895,26
channel-6787,166680,30285871,30285878,7
channel-874,292885,30285872,30285892,20
channel-874,292886,30285872,30285880,8
channel-85077,60010,30285872,30285880,8
channel-0,4038134,30285874,30285884,10
channel-0,4038135,30285874,30285884,10
channel-1,408325,30285875,30285884,9
channel-874,292887,30285877,30285881,4
channel-19774,345887,30285878,30285888,10
channel-0,4038136,30285878,30285899,21
channel-874,292888,30285878,30285883,5
channel-91017,2813,30285879,30285890,11
channel-0,4038137,30285880,30285890,10
channel-0,4038138,30285880,30285899,19
channel-2188,43612,30285882,30285887,5
channel-0,4038139,30285883,30285905,22
channel-19774,345888,30285884,30285892,8
channel-6787,166681,30285885,30285890,5
channel-19774,345889,30285887,30285895,8
channel-75016,4620,30285888,30285917,29
channel-82,18951,30285888,30285900,12
channel-251,85199,30285890,30285898,8
channel-19774,345890,30285892,30285898,6
channel-412,64537,30285892,30285906,14
channel-91017,2814,30285893,30285901,8
channel-75,844982,30285893,30285899,6
channel-19774,345891,30285895,30285908,13
channel-874,292889,30285895,30285902,7
channel-0,4038140,30285895,30285922,27
channel-208,1489953,30285895,30285905,10
channel-1,408326,30285895,30285905,10
channel-874,292890,30285900,30285909,9
channel-783,104226,30285900,30285908,8
channel-259,314265,30285900,30285906,6
channel-6994,1324259,30285901,30285950,49
channel-874,292891,30285902,30285909,7
channel-91017,2815,30285902,30285910,8
channel-0,4038141,30285906,30285917,11
channel-750,682420,30285911,30285928,17
channel-874,292892,30285914,30285931,17
channel-874,292893,30285914,30285921,7
channel-642,126499,30285916,30285929,13
channel-1,408327,30285916,30285965,49
channel-208,1489954,30285917,30285928,11
channel-874,292894,30285923,30285927,4
channel-0,4038142,30285926,30285943,17
channel-0,4038143,30285927,30285953,26
channel-4,166934,30285929,30286039,110
channel-492,20117,30285930,30285939,9
channel-208,1489955,30285931,30285942,11
channel-2,130622,30285931,30285942,11
channel-122,667943,30285933,30285939,6
channel-0,4038144,30285936,30285958,22
channel-6994,1324260,30285938,30285950,12
channel-750,682421,30285938,30285957,19
channel-642,126500,30285938,30285953,15
channel-188,190560,30285941,30286008,67
channel-0,4038145,30285944,30285958,14
channel-19774,345892,30285944,30285975,31
channel-208,1489956,30285946,30285958,12
channel-0,4038146,30285946,30285958,12
channel-19774,345893,30285948,30285958,10
channel-874,292895,30285949,30285959,10
channel-2188,43613,30285949,30285954,5
channel-6994,1324261,30285949,30285960,11
channel-143,128316,30285950,30286013,63
channel-1,408328,30285953,30285965,12
channel-2186,40774,30285957,30285987,30
channel-320,119187,30285962,30285980,18
channel-6994,1324262,30285963,30285975,12
channel-143,128317,30285966,30286050,84
channel-382,634,30285966,30285980,14
channel-6994,1324263,30285966,30286009,43
channel-0,4038147,30285966,30285975,9
channel-208,1489957,30285968,30285979,11
channel-874,292896,30285978,30285984,6
channel-874,292897,30285980,30285986,6
channel-874,292898,30285981,30285987,6
channel-750,682422,30285981,30285996,15
channel-750,682423,30285988,30285998,10
channel-874,292899,30285994,30286002,8
channel-2188,43614,30285995,30285998,3
channel-6994,1324264,30285998,30286009,11
channel-6994,1324265,30286000,30286033,33
channel-208,1489958,30286005,30286017,12
channel-87,182897,30286006,30286070,64
channel-874,292900,30286007,30286014,7
channel-874,292901,30286010,30286015,5
channel-750,682424,30286011,30286030,19
channel-874,292902,30286015,30286033,18
channel-208,1489959,30286015,30286026,11
channel-750,682425,30286024,30286037,13
channel-750,682426,30286026,30286036,10
channel-6994,1324266,30286028,30286067,39
channel-6994,1324267,30286028,30286038,10
channel-0,4038148,30286030,30286056,26
channel-0,4038149,30286030,30286042,12
channel-0,4038150,30286032,30286051,19
channel-82,18952,30286034,30286078,44
channel-0,4038151,30286035,30286046,11
channel-6994,1324268,30286041,30286072,31
channel-642,126501,30286042,30286054,12
channel-874,292903,30286043,30286054,11
channel-208,1489960,30286046,30286057,11
channel-874,292904,30286049,30286062,13
channel-87,182898,30286050,30286095,45
channel-122,667944,30286052,30286055,3
channel-0,4038152,30286053,30286064,11
channel-208,1489961,30286054,30286066,12
channel-122,667945,30286055,30286059,4
channel-0,4038153,30286056,30286081,25
channel-874,292905,30286057,30286062,5
channel-750,682427,30286060,30286073,13
channel-0,4038154,30286060,30286070,10
channel-320,119188,30286063,30286073,10
channel-874,292906,30286070,30286075,5
channel-0,4038155,30286072,30286095,23
channel-208,1489962,30286080,30286088,8
channel-216,94210,30286081,30286191,110
channel-79703,4425,30286081,30286095,14
channel-326,537770,30286083,30286088,5
channel-79180,3374,30286084,30286093,9
channel-750,682428,30286084,30286103,19
channel-208,1489963,30286084,30286105,21
channel-0,4038156,30286089,30286113,24
channel-874,292907,30286090,30286100,10
channel-85077,60011,30286091,30286101,10
channel-6994,1324269,30286095,30286140,45
channel-874,292908,30286099,30286109,10
channel-750,682429,30286103,30286111,8
channel-874,292909,30286106,30286110,4
channel-0,4038157,30286107,30286117,10
channel-122,667946,30286109,30286113,4
channel-0,4038158,30286110,30286122,12
channel-6994,1324270,30286118,30286131,13
channel-750,682430,30286120,30286135,15
channel-97998,53,30286122,30286132,10
channel-143,128318,30286122,30286140,18
channel-874,292910,30286122,30286128,6
channel-750,682431,30286131,30286144,13
channel-208,1489964,30286131,30286140,9
channel-143,128319,30286132,30286165,33
channel-6994,1324271,30286132,30286143,11
channel-6897,5642,30286138,30286328,190
channel-0,4038159,30286139,30286148,9
channel-0,4038160,30286140,30286148,8
channel-750,682432,30286140,30286154,14
channel-0,4038161,30286142,30286148,6
channel-0,4038162,30286144,30286153,9
channel-6994,1324272,30286144,30286154,10
channel-874,292911,30286147,30286152,5
channel-122,667947,30286147,30286152,5
channel-19774,345894,30286149,30286162,13
channel-2188,43615,30286154,30286159,5
channel-874,292912,30286154,30286164,10
channel-6994,1324273,30286157,30286217,60
channel-750,682433,30286169,30286183,14
channel-208,1489965,30286175,30286185,10
channel-6994,1324274,30286176,30286206,30
channel-6994,1324275,30286177,30286187,10
channel-188,190561,30286178,30286237,59
channel-72,516420,30286179,30286221,42
channel-122,667948,30286182,30286186,4
channel-208,1489966,30286183,30286195,12
channel-874,292913,30286185,30286192,7
channel-874,292914,30286186,30286192,6
channel-750,682434,30286198,30286203,5
channel-0,4038163,30286199,30286212,13
channel-76971,12238,30286205,30286229,24
channel-6994,1324276,30286206,30286217,11
channel-750,682435,30286206,30286222,16
channel-874,292915,30286212,30286218,6
channel-0,4038164,30286214,30286235,21
channel-874,292916,30286215,30286221,6
channel-6994,1324277,30286220,30286229,9
channel-75,844983,30286220,30286234,14
channel-874,292917,30286222,30286228,6
channel-874,292918,30286222,30286228,6
channel-750,682436,30286224,30286229,5
channel-42,1489987,30286224,30286230,6
channel-320,119189,30286229,30286239,10
channel-208,1489967,30286229,30286238,9
channel-85077,60012,30286230,30286239,9
channel-750,682437,30286231,30286245,14
channel-6994,1324278,30286233,30286274,41
channel-750,682438,30286234,30286242,8
channel-6994,1324279,30286240,30286251,11
channel-92956,195,30286241,30286253,12
channel-1424,7338,30286243,30286254,11
channel-6994,1324280,30286247,30286266,19
channel-6994,1324281,30286252,30286270,18
channel-750,682439,30286252,30286262,10
channel-2188,43616,30286262,30286267,5
channel-874,292919,30286264,30286269,5
channel-73755,5832,30286265,30286273,8
channel-0,4038165,30286266,30286277,11
channel-0,4038166,30286269,30286277,8
channel-6994,1324282,30286273,30286285,12
channel-783,104227,30286273,30286280,7
channel-85077,60013,30286275,30286285,10
channel-750,682440,30286278,30286285,7
channel-115,20373,30286278,30286291,13
channel-85077,60014,30286279,30286290,11
channel-143,128320,30286287,30286325,38
channel-2188,43617,30286290,30286295,5
channel-750,682441,30286293,30286305,12
channel-0,4038167,30286293,30286306,13
channel-6994,1324283,30286296,30286340,44
channel-750,682442,30286297,30286307,10
channel-874,292920,30286300,30286308,8
channel-208,1489968,30286305,30286314,9
channel-6994,1324284,30286310,30286320,10
channel-2188,43618,30286313,30286316,3
channel-208,1489969,30286314,30286322,8
channel-1,408329,30286316,30286333,17
channel-0,4038168,30286319,30286327,8
channel-874,292921,30286323,30286328,5
channel-85077,60015,30286326,30286340,14
channel-0,4038169,30286326,30286337,11
channel-750,682443,30286330,30286342,12
channel-2188,43619,30286335,30286339,4
channel-0,4038170,30286337,30286345,8
channel-874,292922,30286342,30286350,8
channel-85077,60016,30286344,30286354,10
channel-750,682444,30286344,30286350,6
channel-143,128321,30286348,30286373,25
channel-8945,17745,30286349,30286358,9
channel-6994,1324285,30286351,30286363,12
channel-113,301317,30286352,30286478,126
channel-1,408330,30286353,30286369,16
channel-874,292923,30286357,30286362,5
channel-2188,43620,30286359,30286364,5
channel-6994,1324286,30286362,30286402,40
channel-642,126502,30286365,30286409,44
channel-0,4038171,30286373,30286381,8
channel-6994,1324287,30286373,30286386,13
channel-85077,60017,30286373,30286392,19
channel-874,292924,30286373,30286381,8
channel-143,128322,30286374,30286402,28
channel-208,1489970,30286375,30286389,14
channel-750,682445,30286376,30286382,6
channel-2188,43621,30286379,30286384,5
channel-874,292925,30286388,30286394,6
channel-750,682446,30286390,30286395,5
channel-251,85200,30286392,30286425,33
channel-208,1489971,30286397,30286407,10
channel-208,1489972,30286400,30286407,7
channel-750,682447,30286401,30286409,8
channel-6787,166682,30286402,30286407,5
channel-85791,3758,30286408,30286414,6
channel-2188,43622,30286409,30286415,6
channel-0,4038172,30286409,30286418,9
channel-6787,166683,30286415,30286419,4
channel-113,301318,30286422,30286528,106
channel-208,1489973,30286423,30286434,11
channel-6994,1324288,30286427,30286490,63
channel-412,64538,30286430,30286474,44
channel-6994,1324289,30286430,30286439,9
channel-79703,4426,30286431,30286446,15
channel-85791,3759,30286432,30286439,7
channel-326,537771,30286433,30286450,17
channel-85077,60018,30286438,30286450,12
channel-412,64539,30286453,30286474,21
channel-412,64540,30286456,30286474,18
channel-0,4038173,30286457,30286464,7
channel-0,4038174,30286463,30286482,19
channel-251,85201,30286463,30286471,8
channel-19774,345895,30286464,30286476,12
channel-2188,43623,30286469,30286475,6
channel-2494,31914,30286475,30286487,12
channel-208,1489974,30286479,30286488,9
channel-122,667949,30286484,30286488,4
channel-259,314266,30286487,30286492,5
channel-251,85202,30286487,30286496,9
channel-2188,43624,30286489,30286494,5
channel-750,682448,30286490,30286497,7
channel-6994,1324290,30286494,30286556,62
channel-122,667950,30286498,30286502,4
channel-208,1489975,30286501,30286510,9
channel-874,292926,30286503,30286512,9
channel-2188,43625,30286514,30286518,4
channel-42,1489988,30286514,30286519,5
channel-6994,1324291,30286521,30286533,12
channel-750,682449,30286528,30286533,5
channel-143,128323,30286528,30286543,15
channel-783,104228,30286531,30286539,8
channel-0,4038175,30286532,30286544,12
channel-750,682450,30286532,30286545,13
channel-122,667951,30286532,30286536,4
channel-2188,43626,30286540,30286545,5
channel-0,4038176,30286541,30286553,12
channel-1,408331,30286545,30286580,35
channel-216,94211,30286546,30286661,115
channel-208,1489976,30286548,30286559,11
channel-750,682451,30286548,30286557,9
channel-750,682452,30286548,30286554,6
channel-6994,1324292,30286561,30286572,11
channel-750,682453,30286563,30286570,7
channel-6787,166684,30286565,30286570,5
channel-6994,1324293,30286566,30286576,10
channel-750,682454,30286567,30286574,7
channel-6994,1324294,30286569,30286617,48
channel-2188,43627,30286571,30286576,5
channel-0,4038177,30286576,30286585,9
channel-259,314267,30286577,30286584,7
channel-208,1489977,30286577,30286587,10
channel-6994,1324295,30286584,30286594,10
channel-85077,60019,30286585,30286595,10
channel-1429,140706,30286585,30286597,12
channel-21113,25315,30286591,30286597,6
channel-412,64541,30286592,30286609,17
channel-874,292927,30286593,30286603,10
channel-750,682455,30286597,30286609,12
channel-115,20374,30286598,30286609,11
channel-6994,1324296,30286599,30286613,14
channel-251,85203,30286604,30286613,9
channel-6994,1324297,30286611,30286621,10
channel-216,94212,30286615,30286754,139
channel-6994,1324298,30286617,30286630,13
channel-0,4038178,30286622,30286643,21
channel-6994,1324299,30286629,30286679,50
channel-874,292928,30286635,30286648,13
channel-750,682456,30286650,30286657,7
channel-750,682457,30286655,30286661,6
channel-412,64542,30286657,30286667,10
channel-0,4038179,30286657,30286665,8
channel-6994,1324300,30286658,30286669,11
channel-222,3833,30286661,30286670,9
channel-0,4038180,30286671,30286677,6
channel-208,1489978,30286689,30286699,10
channel-6994,1324301,30286694,30286730,36
channel-750,682458,30286695,30286705,10
channel-79703,4427,30286698,30286712,14
channel-6994,1324302,30286698,30286707,9
channel-208,1489979,30286698,30286709,11
channel-0,4038181,30286703,30286713,10
channel-188,190562,30286709,30286713,4
channel-6994,1324303,30286712,30286726,14
channel-6994,1324304,30286715,30286726,11
channel-2188,43628,30286718,30286722,4
channel-259,314268,30286734,30286740,6
channel-85077,60020,30286734,30286744,10
channel-750,682459,30286737,30286743,6
channel-2188,43629,30286741,30286747,6
channel-0,4038182,30286741,30286753,12
channel-85077,60021,30286747,30286756,9
channel-6994,1324305,30286757,30286796,39
channel-4,166935,30286759,30286772,13
channel-208,1489980,30286762,30286775,13
channel-874,292929,30286773,30286780,7
channel-79703,4428,30286777,30286792,15
channel-115,20375,30286779,30286789,10
channel-782,310169,30286783,30286793,10
channel-750,682460,30286790,30286794,4
channel-1279,67118,30286811,30286826,15
channel-122,667952,30286821,30286825,4
channel-6994,1324306,30286822,30286863,41
channel-874,292930,30286822,30286831,9
channel-38946,124144,30286826,30286839,13
channel-0,4038183,30286844,30286855,11
channel-122,667953,30286851,30286855,4
channel-874,292931,30286852,30286857,5
channel-122,667954,30286854,30286857,3
channel-122,667955,30286864,30286868,4
channel-208,1489981,30286866,30286875,9
channel-1429,140707,30286869,30286882,13
channel-88,467100,30286875,30286894,19
channel-208,1489982,30286879,30286889,10
channel-6994,1324307,30286884,30286925,41
channel-85077,60022,30286890,30286902,12
channel-85077,60023,30286904,30286912,8
channel-115,20376,30286906,30286916,10
channel-208,1489983,30286915,30286925,10
channel-874,292932,30286920,30286927,7
channel-122,667956,30286927,30286930,3
channel-144,86684,30286930,30286943,13
channel-85077,60024,30286946,30286956,10
channel-6994,1324308,30286948,30286986,38
channel-113,301319,30286955,30286986,31
channel-0,4038184,30286964,30286972,8
channel-89321,19419,30286965,30286971,6
channel-6994,1324309,30286967,30286982,15
channel-6994,1324310,30286979,30286990,11
channel-6994,1324311,30286982,30286995,13
channel-19774,345896,30286982,30286992,10
channel-0,4038185,30286985,30286995,10
channel-6994,1324312,30286985,30286995,10
channel-122,667957,30286985,30286989,4
channel-4,166936,30286986,30287027,41
channel-6787,166685,30286988,30286993,5
channel-122,667958,30286991,30286996,5
channel-38946,124145,30286991,30287009,18
channel-0,4038186,30286996,30287004,8
channel-326,537772,30287001,30287007,6
channel-782,310170,30287002,30287007,5
channel-6994,1324313,30287007,30287049,42
channel-0,4038187,30287007,30287018,11
channel-0,4038188,30287009,30287018,9
channel-6787,166686,30287009,30287013,4
channel-750,682461,30287011,30287020,9
channel-0,4038189,30287011,30287032,21
channel-0,4038190,30287013,30287022,9
channel-2494,31915,30287015,30287031,16
channel-122,667959,30287018,30287022,4
channel-4,166937,30287019,30287051,32
channel-642,126503,30287026,30287038,12
channel-0,4038191,30287027,30287037,10
channel-750,682462,30287027,30287032,5
channel-113,301320,30287034,30287077,43
channel-0,4038192,30287040,30287051,11
channel-0,4038193,30287044,30287055,11
channel-113,301321,30287047,30287098,51
channel-750,682463,30287050,30287073,23
channel-208,1489984,30287053,30287065,12
channel-79703,4429,30287053,30287067,14
channel-0,4038194,30287054,30287065,11
channel-19774,345897,30287055,30287072,17
channel-642,126504,30287062,30287078,16
channel-208,1489985,30287064,30287073,9
channel-6994,1324314,30287069,30287082,13
channel-6994,1324315,30287069,30287107,38
channel-143,128324,30287074,30287097,23
channel-412,64543,30287076,30287088,12
channel-208,1489986,30287083,30287103,20
channel-750,682464,30287093,30287098,5
channel-0,4038195,30287094,30287101,7
channel-208,1489987,30287095,30287104,9
channel-1634,6717,30287097,30287119,22
channel-1279,67119,30287099,30287109,10
channel-6994,1324316,30287101,30287112,11
channel-85077,60025,30287114,30287128,14
channel-750,682465,30287119,30287130,11
channel-184,137411,30287133,30287143,10
channel-6994,1324317,30287134,30287176,42
channel-251,85204,30287144,30287153,9
channel-6994,1324318,30287145,30287157,12
channel-113,301322,30287146,30287181,35
channel-750,682466,30287148,30287164,16
channel-85077,60026,30287157,30287168,11
channel-6994,1324319,30287159,30287173,14
channel-6994,1324320,30287163,30287173,10
channel-750,682467,30287170,30287176,6
channel-75,844984,30287173,30287179,6
channel-0,4038196,30287176,30287198,22
channel-208,1489988,30287183,30287193,10
channel-0,4038197,30287183,30287194,11
channel-115,20377,30287188,30287197,9
channel-199,132711,30287189,30287200,11
channel-6994,1324321,30287194,30287247,53
channel-1429,140708,30287198,30287207,9
channel-0,4038198,30287200,30287209,9
channel-88,467101,30287200,30287215,15
channel-750,682468,30287203,30287213,10
channel-0,4038199,30287215,30287224,9
channel-122,667960,30287234,30287238,4
channel-750,682469,30287235,30287248,13
channel-19774,345898,30287243,30287253,10
channel-208,1489989,30287243,30287253,10
channel-208,1489990,30287247,30287258,11
channel-874,292933,30287250,30287255,5
channel-750,682470,30287252,30287262,10
channel-0,4038200,30287254,30287272,18
channel-0,4038201,30287257,30287272,15
channel-6994,1324322,30287259,30287324,65
channel-208,1489991,30287262,30287291,29
channel-0,4038202,30287263,30287271,8
channel-4,166938,30287268,30287291,23
channel-208,1489992,30287283,30287293,10
channel-208,1489993,30287294,30287308,14
channel-750,682471,30287304,30287309,5
channel-5,184284,30287305,30287313,8
channel-0,4038203,30287308,30287319,11
channel-6994,1324323,30287312,30287324,12
channel-6994,1324324,30287335,30287385,50
channel-6994,1324325,30287349,30287361,12
channel-6994,1324326,30287362,30287375,13
channel-208,1489994,30287363,30287373,10
channel-6994,1324327,30287375,30287385,10
channel-75,844985,30287386,30287394,8
channel-208,1489995,30287388,30287398,10
channel-122,667961,30287391,30287395,4
channel-750,682472,30287395,30287408,13
channel-115,20378,30287395,30287404,9
channel-6994,1324328,30287397,30287446,49
channel-89321,19420,30287398,30287408,10
channel-85077,60027,30287410,30287421,11
channel-0,4038204,30287412,30287426,14
channel-75,844986,30287413,30287422,9
channel-38946,124146,30287413,30287658,245
channel-85077,60028,30287413,30287423,10
channel-750,682473,30287417,30287438,21
channel-0,4038205,30287418,30287430,12
channel-750,682474,30287424,30287432,8
channel-75,844987,30287424,30287429,5
channel-75,844988,30287424,30287437,13
channel-0,4038206,30287424,30287436,12
channel-251,85205,30287425,30287438,13
channel-1,408332,30287428,30287449,21
channel-750,682475,30287434,30287438,4
channel-75,844989,30287434,30287440,6
channel-38946,124147,30287440,30287450,10
channel-251,85206,30287440,30287447,7
channel-6994,1324329,30287451,30287488,37
channel-750,682476,30287458,30287481,23
channel-251,85207,30287461,30287472,11
channel-0,4038207,30287462,30287473,11
channel-6994,1324330,30287469,30287479,10
channel-874,292934,30287473,30287479,6
channel-208,1489996,30287481,30287489,8
channel-251,85208,30287485,30287495,10
channel-750,682477,30287486,30287502,16
channel-38946,124148,30287490,30287506,16
channel-38946,124149,30287498,30287519,21
channel-874,292935,30287506,30287514,8
channel-6994,1324331,30287511,30287549,38
channel-0,4038208,30287519,30287531,12
channel-0,4038209,30287522,30287531,9
channel-0,4038210,30287537,30287549,12
channel-750,682478,30287538,30287543,5
channel-38946,124150,30287544,30287557,13
channel-1,408333,30287550,30287571,21
channel-85077,60029,30287553,30287561,8
channel-122,667962,30287555,30287559,4
channel-115,20379,30287555,30287572,17
channel-0,4038211,30287557,30287582,25
channel-874,292936,30287564,30287572,8
channel-750,682479,30287566,30287572,6
channel-6994,1324332,30287567,30287607,40
channel-85077,60030,30287572,30287582,10
channel-874,292937,30287580,30287586,6
channel-750,682480,30287593,30287607,14
channel-6994,1324333,30287600,30287621,21
channel-251,85209,30287607,30287618,11
channel-0,4038212,30287607,30287618,11
channel-750,682481,30287608,30287620,12
channel-79703,4430,30287609,30287619,10
channel-5,184285,30287611,30287620,9
channel-6994,1324334,30287622,30287632,10
channel-6994,1324335,30287623,30287636,13
channel-6994,1324336,30287625,30287668,43
channel-208,1489997,30287627,30287639,12
channel-1424,7339,30287629,30287641,12
channel-6994,1324337,30287637,30287652,15
channel-6787,166687,30287647,30287651,4
channel-251,85210,30287649,30287657,8
channel-2,130623,30287659,30287668,9
channel-0,4038213,30287661,30287673,12
channel-750,682482,30287663,30287673,10
channel-38946,124151,30287663,30287675,12
channel-251,85211,30287673,30287682,9
channel-874,292938,30287673,30287689,16
channel-750,682483,30287681,30287687,6
channel-6994,1324338,30287682,30287696,14
channel-6994,1324339,30287685,30287724,39
channel-6994,1324340,30287699,30287709,10
channel-6994,1324341,30287700,30287709,9
channel-874,292939,30287727,30287732,5
channel-6994,1324342,30287731,30287745,14
channel-79703,4431,30287737,30287752,15
channel-326,537773,30287740,30287751,11
channel-122,667963,30287755,30287759,4
channel-6994,1324343,30287756,30287791,35
channel-1,408334,30287767,30287780,13
channel-0,4038214,30287767,30287778,11
channel-782,310171,30287768,30287786,18
channel-874,292940,30287770,30287775,5
channel-6994,1324344,30287774,30287788,14
channel-750,682484,30287779,30287785,6
channel-6994,1324345,30287780,30287791,11
channel-874,292941,30287794,30287803,9
channel-6994,1324346,30287811,30287820,9
channel-122,667964,30287811,30287827,16
channel-75016,4621,30287815,30287842,27
channel-0,4038215,30287816,30287842,26
channel-412,64544,30287816,30287849,33
channel-0,4038216,30287816,30287837,21
channel-6994,1324347,30287817,30287863,46
channel-750,682485,30287817,30287821,4
channel-42,1489989,30287819,30287830,11
channel-0,4038217,30287820,30287842,22
channel-122,667965,30287826,30287831,5
channel-0,4038218,30287827,30287837,10
channel-874,292942,30287828,30287835,7
channel-750,682486,30287829,30287835,6
channel-874,292943,30287830,30287835,5
channel-85077,60031,30287833,30287843,10
channel-6994,1324348,30287836,30287848,12
channel-208,1489998,30287836,30287847,11
channel-91017,2816,30287838,30287848,10
channel-0,4038219,30287838,30287862,24
channel-208,1489999,30287841,30287853,12
channel-1,408335,30287843,30287883,40
channel-0,4038220,30287848,30287867,19
channel-0,4038221,30287859,30287870,11
channel-208,1490000,30287868,30287877,9
channel-874,292944,30287873,30287877,4
channel-874,292945,30287873,30287877,4
channel-750,682487,30287876,30287885,9
channel-767,14364,30287880,30287890,10
channel-0,4038222,30287882,30287893,11
channel-122,667966,30287884,30287889,5
channel-6994,1324350,30287894,30287902,8
channel-750,682488,30287902,30287919,17
channel-522,40434,30287902,30287911,9
channel-326,537774,30287903,30287908,5
channel-750,682489,30287907,30287923,16
channel-6994,1324351,30287910,30287921,11
channel-0,4038223,30287916,30287923,7
channel-19774,345899,30287922,30287930,8
channel-874,292946,30287923,30287929,6
channel-750,682490,30287923,30287937,14
channel-412,64545,30287949,30287965,16
channel-6994,1324352,30287949,30287992,43
channel-0,4038224,30287949,30287959,10
channel-874,292947,30287952,30287958,6
channel-208,1490001,30287964,30287978,14
channel-91017,2817,30287970,30287979,9
channel-208,1490002,30287971,30287982,11
channel-0,4038225,30287972,30287998,26
channel-115,20380,30287974,30287983,9
channel-767,14365,30287975,30287986,11
channel-208,1490003,30287980,30287990,10
channel-208,1490004,30287989,30287999,10
channel-874,292948,30287990,30287996,6
channel-259,314269,30287998,30288008,10
channel-326,537775,30288004,30288010,6
channel-750,682491,30288004,30288009,5
channel-0,4038226,30288004,30288025,21
channel-0,4038227,30288007,30288029,22
channel-412,64546,30288008,30288016,8
channel-6994,1324353,30288008,30288045,37
channel-0,4038228,30288009,30288029,20
channel-1279,67120,30288009,30288027,18
channel-750,682492,30288017,30288022,5
channel-1424,7340,30288022,30288031,9
channel-0,4038229,30288023,30288048,25
channel-75,844990,30288026,30288042,16
channel-91017,2818,30288034,30288045,11
channel-75,844991,30288034,30288039,5
channel-85077,60032,30288035,30288045,10
channel-874,292949,30288036,30288045,9
channel-750,682493,30288037,30288041,4
channel-19774,345900,30288037,30288048,11
channel-412,64547,30288038,30288045,7
channel-0,4038230,30288039,30288068,29
channel-0,4038231,30288040,30288064,24
channel-75016,4622,30288040,30288066,26
channel-21113,25316,30288041,30288046,5
channel-2188,43630,30288042,30288046,4
channel-85077,60033,30288042,30288052,10
channel-85077,60034,30288045,30288054,9
channel-874,292950,30288045,30288066,21
channel-0,4038232,30288045,30288068,23
channel-0,4038233,30288045,30288054,9
channel-0,4038234,30288045,30288072,27
channel-1,408336,30288046,30288062,16
channel-188,190563,30288050,30288102,52
channel-782,310172,30288050,30288056,6
channel-19774,345901,30288055,30288067,12
channel-0,4038235,30288056,30288068,12
channel-0,4038236,30288057,30288083,26
channel-6994,1324354,30288058,30288070,12
channel-874,292951,30288058,30288063,5
channel-77,50263,30288058,30288070,12
channel-75,844992,30288058,30288064,6
channel-91017,2819,30288059,30288068,9
channel-4,166939,30288062,30288090,28
channel-0,4038237,30288062,30288093,31
channel-143,128325,30288064,30288077,13
channel-82,18953,30288064,30288086,22
channel-874,292952,30288065,30288070,5
channel-19774,345902,30288066,30288077,11
channel-6787,166688,30288067,30288073,6
channel-412,64548,30288068,30288078,10
channel-208,1490005,30288069,30288084,15
channel-208,1490006,30288071,30288084,13
channel-19774,345903,30288073,30288078,5
channel-0,4038238,30288077,30288095,18
channel-6994,1324355,30288077,30288121,44
channel-0,4038239,30288079,30288095,16
channel-0,4038240,30288080,30288102,22
channel-6787,166689,30288081,30288086,5
channel-91017,2820,30288082,30288092,10
channel-19774,345904,30288083,30288093,10
channel-0,4038241,30288085,30288095,10
channel-208,1490007,30288086,30288098,12
channel-6994,1324356,30288087,30288099,12
channel-0,4038242,30288087,30288109,22
channel-874,292953,30288090,30288095,5
channel-0,4038243,30288093,30288120,27
channel-0,4038244,30288093,30288102,9
channel-0,4038245,30288094,30288120,26
channel-0,4038246,30288095,30288102,7
channel-6,66636,30288095,30288108,13
channel-783,104229,30288098,30288106,8
channel-874,292954,30288098,30288104,6
channel-85077,60035,30288098,30288109,11
channel-874,292955,30288100,30288106,6
channel-0,4038247,30288102,30288125,23
channel-208,1490008,30288102,30288114,12
channel-2186,40775,30288106,30288133,27
channel-148,16085,30288106,30288114,8
channel-750,682494,30288107,30288112,5
channel-6994,1324357,30288107,30288117,10
channel-2188,43631,30288109,30288114,5
channel-750,682495,30288116,30288127,11
channel-750,682496,30288117,30288126,9
channel-143,128326,30288119,30288162,43
channel-750,682497,30288120,30288135,15
channel-874,292956,30288122,30288131,9
channel-0,4038248,30288124,30288182,58
channel-208,1490009,30288127,30288136,9
channel-208,1490010,30288129,30288137,8
channel-208,1490011,30288129,30288137,8
channel-2188,43632,30288131,30288136,5
channel-208,1490012,30288132,30288141,9
channel-208,1490013,30288133,30288141,8
channel-0,4038249,30288134,30288153,19
channel-85077,60036,30288136,30288147,11
channel-874,292957,30288144,30288150,6
channel-750,682498,30288149,30288155,6
channel-6994,1324358,30288153,30288195,42
channel-85077,60037,30288153,30288163,10
channel-91017,2821,30288156,30288168,12
channel-326,537776,30288158,30288163,5
channel-208,1490014,30288160,30288168,8
channel-76971,12239,30288163,30288186,23
channel-75016,4623,30288165,30288190,25
channel-874,292958,30288166,30288174,8
channel-208,1490015,30288167,30288177,10
channel-326,537777,30288169,30288175,6
channel-208,1490016,30288170,30288182,12
channel-750,682499,30288171,30288183,12
channel-143,128327,30288171,30288214,43
channel-5,184286,30288178,30288188,10
channel-251,85212,30288179,30288188,9
channel-75016,4624,30288179,30288213,34
channel-98451,34,30288180,30288196,16
channel-19774,345905,30288182,30288194,12
channel-1,408337,30288185,30288194,9
channel-208,1490017,30288188,30288200,12
channel-5,184287,30288190,30288202,12
channel-122,667967,30288195,30288198,3
channel-85077,60038,30288199,30288212,13
channel-208,1490018,30288200,30288209,9
channel-750,682500,30288204,30288219,15
channel-208,1490019,30288206,30288219,13
channel-750,682501,30288213,30288224,11
channel-6787,166690,30288213,30288217,4
channel-750,682502,30288213,30288224,11
channel-874,292959,30288216,30288224,8
channel-0,4038250,30288219,30288244,25
channel-874,292960,30288219,30288224,5
channel-412,64549,30288220,30288226,6
channel-1,408338,30288220,30288243,23
channel-874,292961,30288223,30288234,11
channel-85077,60039,30288224,30288231,7
channel-750,682503,30288224,30288229,5
channel-1429,140709,30288226,30288231,5
channel-6994,1324359,30288226,30288268,42
channel-0,4038251,30288227,30288248,21
channel-750,682504,30288229,30288232,3
channel-750,682505,30288229,30288244,15
channel-874,292962,30288232,30288242,10
channel-208,1490020,30288237,30288248,11
channel-874,292963,30288238,30288244,6
channel-0,4038252,30288242,30288253,11
channel-122,667968,30288242,30288245,3
channel-750,682506,30288246,30288258,12
channel-122,667969,30288246,30288250,4
channel-874,292964,30288248,30288253,5
channel-750,682507,30288249,30288260,11
channel-208,1490021,30288250,30288261,11
channel-874,292965,30288254,30288260,6
channel-874,292966,30288255,30288266,11
channel-0,4038253,30288257,30288266,9
channel-874,292967,30288257,30288262,5
channel-19774,345906,30288258,30288272,14
channel-874,292968,30288262,30288268,6
channel-143,128328,30288264,30288322,58
channel-874,292969,30288270,30288278,8
channel-874,292970,30288270,30288278,8
channel-750,682508,30288274,30288288,14
channel-0,4038254,30288278,30288288,10
channel-75,844993,30288280,30288288,8
channel-6994,1324360,30288285,30288323,38
channel-6994,1324361,30288286,30288300,14
channel-6994,1324362,30288286,30288300,14
channel-750,682509,30288290,30288296,6
channel-0,4038255,30288299,30288309,10
channel-143,128329,30288299,30288333,34
channel-874,292971,30288302,30288307,5
channel-750,682510,30288305,30288314,9
channel-89321,19421,30288305,30288314,9
channel-208,1490022,30288307,30288314,7
channel-0,4038256,30288307,30288317,10
channel-208,1490023,30288309,30288319,10
channel-6994,1324363,30288309,30288319,10
channel-0,4038257,30288310,30288321,11
channel-750,682511,30288314,30288340,26
channel-6994,1324364,30288320,30288333,13
channel-0,4038258,30288322,30288353,31
channel-0,4038259,30288327,30288348,21
channel-2186,40776,30288328,30288342,14
channel-874,292972,30288329,30288335,6
channel-19774,345907,30288330,30288339,9
channel-6994,1324365,30288331,30288347,16
channel-85077,60040,30288333,30288345,12
channel-326,537778,30288334,30288341,7
channel-750,682512,30288345,30288357,12
channel-143,128330,30288346,30288381,35
channel-6994,1324366,30288347,30288386,39
channel-19774,345908,30288348,30288356,8
channel-0,4038260,30288352,30288375,23
channel-122,667970,30288360,30288370,10
channel-750,682513,30288373,30288394,21
channel-874,292973,30288375,30288384,9
channel-85077,60041,30288376,30288390,14
channel-750,682514,30288381,30288396,15
channel-2494,31916,30288384,30288396,12
channel-0,4038261,30288387,30288397,10
channel-750,682515,30288389,30288400,11
channel-188,190564,30288390,30288435,45
channel-750,682516,30288398,30288403,5
channel-143,128331,30288402,30288414,12
channel-874,292974,30288402,30288410,8
channel-6994,1324367,30288403,30288444,41
channel-750,682517,30288406,30288420,14
channel-19774,345909,30288409,30288417,8
channel-6994,1324368,30288410,30288432,22
channel-208,1490024,30288410,30288419,9
channel-750,682518,30288416,30288426,10
channel-143,128332,30288422,30288431,9
channel-750,682519,30288432,30288451,19
channel-874,292975,30288432,30288438,6
channel-874,292976,30288436,30288443,7
channel-5,184288,30288436,30288448,12
channel-85077,60042,30288450,30288469,19
channel-874,292977,30288451,30288460,9
channel-750,682520,30288455,30288469,14
channel-143,128333,30288466,30288491,25
channel-79703,4432,30288466,30288476,10
channel-1,408339,30288468,30288498,30
channel-0,4038262,30288470,30288481,11
channel-0,4038263,30288470,30288481,11
channel-6994,1324369,30288473,30288513,40
channel-874,292978,30288474,30288483,9
channel-874,292979,30288477,30288484,7
channel-19774,345910,30288481,30288489,8
channel-85077,60043,30288484,30288502,18
channel-38946,124152,30288485,30288508,23
channel-750,682521,30288489,30288503,14
channel-750,682522,30288490,30288501,11
channel-750,682523,30288495,30288507,12
channel-0,4038264,30288495,30288506,11
channel-85077,60044,30288502,30288511,9
channel-750,682524,30288502,30288507,5
channel-85077,60045,30288503,30288520,17
channel-0,4038265,30288506,30288529,23
channel-2494,31917,30288507,30288518,11
channel-0,4038266,30288513,30288519,6
channel-874,292980,30288517,30288521,4
channel-874,292981,30288524,30288535,11
channel-6994,1324370,30288527,30288537,10
channel-750,682525,30288531,30288545,14
channel-2494,31918,30288537,30288547,10
channel-2494,31919,30288540,30288550,10
channel-874,292982,30288554,30288563,9
channel-0,4038267,30288559,30288579,20
channel-750,682526,30288566,30288577,11
channel-19774,345911,30288567,30288587,20
channel-0,4038268,30288569,30288579,10
channel-0,4038269,30288572,30288584,12
channel-115,20381,30288572,30288580,8
channel-6787,166691,30288577,30288581,4
channel-874,292983,30288583,30288588,5
channel-874,292984,30288583,30288588,5
channel-2494,31920,30288585,30288594,9
channel-259,314270,30288592,30288598,6
channel-6994,1324372,30288594,30288633,39
channel-85077,60046,30288599,30288611,12
channel-216,94213,30288609,30288730,121
channel-0,4038270,30288614,30288629,15
channel-874,292985,30288615,30288624,9
channel-2494,31921,30288616,30288626,10
channel-216,94214,30288618,30288690,72
channel-750,682527,30288620,30288632,12
channel-199,132712,30288623,30288628,5
channel-2494,31922,30288639,30288650,11
channel-874,292986,30288643,30288648,5
channel-750,682528,30288643,30288657,14
channel-1,408340,30288646,30288677,31
channel-19774,345912,30288657,30288667,10
channel-326,537779,30288658,30288672,14
channel-6994,1324373,30288659,30288701,42
channel-259,314271,30288664,30288671,7
channel-2494,31923,30288666,30288678,12
channel-874,292987,30288670,30288677,7
channel-122,667971,30288688,30288692,4
channel-750,682529,30288694,30288705,11
channel-6994,1324374,30288696,30288707,11
channel-2494,31924,30288696,30288706,10
channel-874,292988,30288701,30288710,9
channel-0,4038271,30288704,30288714,10
channel-6994,1324375,30288704,30288716,12
channel-750,682530,30288707,30288722,15
channel-6994,1324376,30288724,30288762,38
channel-6994,1324377,30288724,30288735,11
channel-750,682531,30288727,30288743,16
channel-19774,345913,30288728,30288739,11
channel-85077,60047,30288728,30288739,11
channel-874,292989,30288732,30288741,9
channel-750,682532,30288734,30288745,11
channel-85077,60048,30288743,30288749,6
channel-750,682533,30288751,30288766,15
channel-6994,1324378,30288753,30288767,14
channel-0,4038272,30288776,30288785,9
channel-750,682534,30288778,30288792,14
channel-208,1490025,30288780,30288790,10
channel-874,292990,30288785,30288790,5
channel-6994,1324379,30288785,30288824,39
channel-6787,166692,30288801,30288806,5
channel-874,292991,30288807,30288813,6
channel-874,292992,30288819,30288825,6
channel-208,1490026,30288819,30288830,11
channel-85077,60049,30288820,30288829,9
channel-2188,43633,30288821,30288825,4
channel-874,292993,30288822,30288827,5
channel-19774,345914,30288822,30288830,8
channel-750,682535,30288822,30288835,13
channel-2,130624,30288826,30288838,12
channel-6994,1324380,30288832,30288842,10
channel-0,4038273,30288842,30288850,8
channel-6994,1324381,30288842,30288884,42
channel-874,292994,30288847,30288853,6
channel-0,4038274,30288847,30288860,13
channel-229,55012,30288850,30288862,12
channel-85077,60050,30288855,30288863,8
channel-874,292995,30288860,30288866,6
channel-229,55013,30288865,30288874,9
channel-232,49195,30288868,30288879,11
channel-208,1490027,30288875,30288887,12
channel-0,4038275,30288885,30288894,9
channel-85077,60051,30288889,30288898,9
channel-88,467102,30288891,30288905,14
channel-229,55014,30288894,30288906,12
channel-0,4038276,30288895,30288905,10
channel-208,1490028,30288896,30288904,8
channel-326,537780,30288906,30288918,12
channel-326,537781,30288906,30288918,12
channel-326,537782,30288906,30288918,12
channel-326,537783,30288906,30288918,12
channel-326,537784,30288906,30288918,12
channel-6994,1324382,30288910,30288956,46
channel-6994,1324383,30288914,30288926,12
channel-122,667972,30288915,30288921,6
channel-19774,345915,30288931,30288942,11
channel-750,682536,30288943,30288967,24
channel-85077,60052,30288948,30288959,11
channel-782,310173,30288953,30288958,5
channel-91017,2822,30288955,30288970,15
channel-6994,1324384,30288975,30289026,51
channel-0,4038277,30288984,30288994,10
channel-750,682537,30288987,30288991,4
channel-750,682538,30288994,30289005,11
channel-229,55015,30288996,30289004,8
channel-0,4038278,30289000,30289009,9
channel-1,408341,30289004,30289018,14
channel-0,4038279,30289006,30289015,9
channel-782,310174,30289007,30289012,5
channel-1,408342,30289009,30289018,9
channel-19774,345916,30289009,30289017,8
channel-874,292996,30289015,30289020,5
channel-38946,124153,30289017,30289039,22
channel-122,667973,30289018,30289021,3
channel-0,4038280,30289020,30289032,12
channel-750,682539,30289022,30289026,4
channel-2,130625,30289026,30289036,10
channel-229,55016,30289028,30289039,11
channel-79703,4433,30289036,30289050,14
channel-750,682540,30289039,30289055,16
channel-6994,1324385,30289043,30289091,48
channel-115,20382,30289047,30289057,10
channel-122,667974,30289060,30289064,4
channel-122,667975,30289066,30289071,5
channel-0,4038281,30289068,30289079,11
channel-874,292997,30289073,30289080,7
channel-204,670788,30289073,30289088,15
channel-88,467103,30289077,30289122,45
channel-0,4038282,30289080,30289088,8
channel-1,408343,30289084,30289114,30
channel-0,4038283,30289086,30289097,11
channel-0,4038284,30289089,30289112,23
channel-75,844994,30289094,30289112,18
channel-19774,345917,30289097,30289110,13
channel-0,4038285,30289099,30289126,27
channel-6994,1324386,30289104,30289159,55
channel-6994,1324387,30289106,30289159,53
channel-874,292998,30289108,30289115,7
channel-750,682541,30289109,30289123,14
channel-251,85213,30289119,30289127,8
channel-0,4038286,30289123,30289135,12
channel-251,85214,30289145,30289158,13
channel-251,85215,30289150,30289163,13
channel-0,4038287,30289155,30289179,24
channel-874,292999,30289155,30289162,7
channel-85077,60053,30289156,30289165,9
channel-750,682542,30289157,30289169,12
channel-874,293000,30289159,30289165,6
channel-251,85216,30289164,30289174,10
channel-251,85217,30289164,30289210,46
channel-89321,19422,30289174,30289182,8
channel-6994,1324388,30289176,30289228,52
channel-1279,67123,30289176,30289252,76
channel-0,4038288,30289179,30289203,24
channel-0,4038289,30289179,30289186,7
channel-21113,25317,30289179,30289184,5
channel-251,85218,30289179,30289187,8
channel-208,1490029,30289183,30289194,11
channel-2494,31925,30289184,30289197,13
channel-6994,1324389,30289185,30289194,9
channel-19774,345918,30289185,30289194,9
channel-0,4038290,30289189,30289200,11
channel-6994,1324390,30289189,30289214,25
channel-208,1490030,30289189,30289199,10
channel-0,4038291,30289206,30289219,13
channel-79703,4434,30289210,30289225,15
channel-251,85219,30289212,30289221,9
channel-229,55017,30289217,30289225,8
channel-0,4038292,30289219,30289227,8
channel-38946,124154,30289227,30289243,16
channel-874,293001,30289233,30289241,8
channel-0,4038293,30289237,30289247,10
channel-6994,1324391,30289238,30289289,51
channel-38946,124155,30289240,30289252,12
channel-19774,345919,30289252,30289259,7
channel-0,4038294,30289257,30289265,8
channel-0,4038295,30289258,30289267,9
channel-38946,124156,30289258,30289270,12
channel-122,667976,30289259,30289265,6
channel-229,55018,30289267,30289283,16
channel-874,293002,30289273,30289276,3
channel-165,71440,30289280,30289291,11
channel-0,4038296,30289281,30289288,7
channel-165,71441,30289292,30289303,11
channel-208,1490031,30289295,30289304,9
channel-204,670789,30289296,30289304,8
channel-91017,2823,30289296,30289306,10
channel-874,293003,30289298,30289307,9
channel-6994,1324392,30289302,30289352,50
channel-229,55019,30289311,30289324,13
channel-19774,345920,30289317,30289325,8
channel-208,1490032,30289325,30289339,14
channel-750,682543,30289326,30289331,5
channel-326,537785,30289335,30289341,6
channel-750,682544,30289342,30289349,7
channel-75,844995,30289342,30289349,7
channel-0,4038297,30289343,30289352,9
channel-750,682545,30289346,30289364,18
channel-750,682546,30289352,30289357,5
channel-85077,60054,30289355,30289365,10
channel-85077,60055,30289357,30289371,14
channel-874,293004,30289361,30289366,5
channel-750,682547,30289362,30289372,10
channel-0,4038298,30289364,30289376,12
channel-6994,1324393,30289367,30289410,43
channel-750,682548,30289370,30289374,4
channel-85077,60056,30289376,30289386,10
channel-0,4038299,30289388,30289400,12
channel-85077,60057,30289392,30289400,8
channel-6994,1324394,30289397,30289410,13
channel-232,49196,30289401,30289411,10
channel-874,293005,30289402,30289408,6
channel-750,682549,30289402,30289408,6
channel-208,1490033,30289406,30289419,13
channel-19774,345921,30289407,30289418,11
channel-874,293006,30289409,30289417,8
channel-75,844996,30289414,30289423,9
channel-6994,1324395,30289428,30289464,36
channel-0,4038300,30289428,30289434,6
channel-6994,1324396,30289432,30289444,12
channel-208,1490034,30289432,30289444,12
channel-874,293007,30289438,30289443,5
channel-0,4038301,30289440,30289449,9
channel-1,408344,30289444,30289462,18
channel-874,293008,30289451,30289457,6
channel-259,314272,30289459,30289465,6
channel-89321,19423,30289460,30289469,9
channel-750,682550,30289464,30289469,5
channel-874,293009,30289464,30289470,6
channel-85077,60058,30289464,30289472,8
channel-259,314273,30289464,30289469,5
channel-259,314274,30289467,30289472,5
channel-750,682551,30289468,30289481,13
channel-0,4038302,30289471,30289481,10
channel-19774,345922,30289472,30289482,10
channel-874,293010,30289476,30289482,6
channel-259,314275,30289481,30289488,7
channel-874,293011,30289481,30289501,20
channel-259,314276,30289496,30289503,7
channel-0,4038303,30289497,30289507,10
channel-259,314277,30289502,30289509,7
channel-122,667977,30289503,30289507,4
channel-6994,1324398,30289505,30289519,14
channel-19774,345923,30289520,30289528,8
channel-208,1490035,30289533,30289544,11
channel-6994,1324399,30289548,30289591,43
channel-113,301323,30289549,30289586,37
channel-259,314278,30289551,30289557,6
channel-750,682552,30289573,30289579,6
channel-750,682553,30289579,30289590,11
channel-0,4038304,30289585,30289595,10
channel-19774,345924,30289587,30289596,9
channel-115,20383,30289590,30289602,12
channel-85077,60059,30289591,30289618,27
channel-6994,1324400,30289593,30289605,12
channel-6994,1324401,30289614,30289656,42
channel-0,4038305,30289614,30289625,11
channel-874,293012,30289616,30289622,6
channel-208,1490036,30289621,30289632,11
channel-874,293013,30289635,30289653,18
channel-251,85220,30289637,30289646,9
channel-6994,1324402,30289639,30289652,13
channel-874,293014,30289648,30289653,5
channel-2186,40777,30289654,30289704,50
channel-6994,1324403,30289655,30289664,9
channel-113,301324,30289662,30289688,26
channel-874,293015,30289663,30289669,6
channel-19774,345925,30289664,30289672,8
channel-1,408345,30289671,30289684,13
channel-208,1490037,30289680,30289689,9
channel-6994,1324404,30289681,30289725,44
channel-259,314279,30289682,30289688,6
channel-750,682554,30289682,30289711,29
channel-874,293016,30289683,30289700,17
channel-782,310175,30289685,30289691,6
channel-216,94216,30289689,30289788,99
channel-259,314280,30289692,30289700,8
channel-2186,40778,30289692,30289723,31
channel-874,293017,30289695,30289710,15
channel-208,1490038,30289695,30289706,11
channel-4,166940,30289696,30289717,21
channel-188,190565,30289702,30289744,42
channel-6994,1324405,30289703,30289725,22
channel-122,667978,30289705,30289709,4
channel-208,1490039,30289705,30289712,7
channel-782,310176,30289706,30289711,5
channel-208,1490040,30289706,30289727,21
channel-88,467104,30289707,30289719,12
channel-79703,4435,30289711,30289726,15
channel-85077,60060,30289712,30289723,11
channel-208,1490041,30289712,30289721,9
channel-148,16086,30289715,30289721,6
channel-874,293018,30289726,30289731,5
channel-208,1490042,30289730,30289739,9
channel-19774,345926,30289732,30289742,10
channel-0,4038306,30289736,30289744,8
channel-874,293019,30289738,30289744,6
channel-146,20028,30289739,30289758,19
channel-199,132713,30289744,30289778,34
channel-91017,2824,30289744,30289755,11
channel-6994,1324406,30289748,30289785,37
channel-874,293020,30289749,30289754,5
channel-143,128334,30289749,30290022,273
channel-874,293021,30289749,30289754,5
channel-143,128335,30289755,30289781,26
channel-42,1489990,30289759,30289770,11
channel-6,66637,30289776,30289791,15
channel-208,1490043,30289778,30289788,10
channel-2188,43634,30289781,30289786,5
channel-85077,60061,30289781,30289791,10
channel-874,293022,30289784,30289791,7
channel-85077,60062,30289785,30289794,9
channel-75,844997,30289795,30289801,6
channel-88,467105,30289802,30289812,10
channel-750,682555,30289806,30289821,15
channel-6994,1324407,30289808,30289853,45
channel-259,314281,30289809,30289815,6
channel-326,537786,30289811,30289817,6
channel-259,314282,30289811,30289817,6
channel-782,310177,30289813,30289819,6
channel-87,182899,30289816,30289871,55
channel-2,130626,30289818,30289828,10
channel-91017,2825,30289819,30289829,10
channel-72,516421,30289820,30289869,49
channel-750,682556,30289821,30289832,11
channel-1424,7341,30289821,30289830,9
channel-0,4038307,30289826,30289832,6
channel-874,293023,30289827,30289833,6
channel-87,182900,30289828,30289871,43
channel-19774,345927,30289830,30289842,12
channel-143,128336,30289838,30289855,17
channel-208,1490044,30289838,30289847,9
channel-115,20384,30289840,30289852,12
channel-259,314283,30289843,30289849,6
channel-0,4038308,30289863,30289870,7
channel-326,537787,30289867,30289873,6
channel-6994,1324408,30289871,30289906,35
channel-874,293024,30289878,30289883,5
channel-42,1489991,30289883,30289893,10
channel-750,682557,30289889,30289900,11
channel-1,408346,30289892,30289905,13
channel-1,408347,30289896,30289905,9
channel-6994,1324409,30289898,30289911,13
channel-208,1490045,30289905,30289914,9
channel-874,293025,30289917,30289922,5
channel-143,128337,30289918,30289960,42
channel-0,4038309,30289928,30289934,6
channel-6994,1324410,30289932,30289971,39
channel-19774,345928,30289933,30289945,12
channel-750,682558,30289937,30289942,5
channel-208,1490046,30289954,30289962,8
channel-750,682559,30289960,30289972,12
channel-0,4038310,30289966,30289978,12
channel-750,682560,30289966,30289971,5
channel-21113,25318,30289971,30289978,7
channel-85077,60063,30289972,30289981,9
channel-0,4038311,30289973,30289983,10
channel-208,1490047,30289974,30289983,9
channel-115,20385,30289982,30289994,12
channel-750,682561,30289989,30290008,19
channel-6994,1324411,30289999,30290034,35
channel-113,301325,30290000,30290206,206
channel-750,682562,30290001,30290014,13
channel-0,4038312,30290003,30290011,8
channel-782,310178,30290016,30290023,7
channel-19774,345929,30290017,30290027,10
channel-75,844998,30290023,30290031,8
channel-6994,1324412,30290023,30290034,11
channel-750,682563,30290033,30290044,11
channel-113,301326,30290035,30290226,191
channel-0,4038313,30290037,30290046,9
channel-2494,31926,30290041,30290050,9
channel-2494,31927,30290043,30290055,12
channel-21113,25319,30290048,30290055,7
channel-6994,1324413,30290058,30290095,37
channel-0,4038314,30290062,30290075,13
channel-0,4038315,30290065,30290075,10
channel-0,4038316,30290067,30290079,12
channel-21113,25320,30290079,30290085,6
channel-6994,1324414,30290080,30290089,9
channel-6994,1324415,30290092,30290107,15
channel-85077,60064,30290096,30290105,9
channel-85077,60065,30290096,30290105,9
channel-19774,345930,30290099,30290112,13
channel-750,682564,30290103,30290109,6
channel-75,844999,30290106,30290113,7
channel-122,667979,30290110,30290113,3
channel-2188,43635,30290115,30290119,4
channel-208,1490048,30290117,30290129,12
channel-6994,1324416,30290117,30290157,40
channel-208,1490049,30290125,30290131,6
channel-2188,43636,30290135,30290139,4
channel-108,39847,30290144,30290169,25
channel-6994,1324417,30290151,30290161,10
channel-0,4038317,30290156,30290167,11
channel-2188,43637,30290158,30290163,5
channel-79703,4436,30290158,30290171,13
channel-6994,1324418,30290160,30290170,10
channel-326,537788,30290163,30290174,11
channel-85077,60066,30290168,30290179,11
channel-91017,2826,30290172,30290182,10
channel-6994,1324419,30290175,30290214,39
channel-874,293026,30290177,30290185,8
channel-115,20386,30290178,30290185,7
channel-208,1490050,30290183,30290194,11
channel-750,682565,30290185,30290196,11
channel-143,128338,30290186,30290197,11
channel-0,4038318,30290194,30290207,13
channel-208,1490051,30290198,30290209,11
channel-85077,60067,30290208,30290216,8
channel-85077,60068,30290225,30290233,8
channel-0,4038319,30290230,30290242,12
channel-6994,1324420,30290234,30290244,10
channel-6994,1324421,30290238,30290277,39
channel-6994,1324422,30290246,30290258,12
channel-0,4038320,30290251,30290261,10
channel-874,293027,30290253,30290259,6
channel-21113,25321,30290258,30290266,8
channel-2188,43638,30290271,30290275,4
channel-4,166941,30290276,30290290,14
channel-6994,1324423,30290280,30290291,11
channel-19774,345931,30290295,30290307,12
channel-89298,18651,30290298,30290309,11
channel-6994,1324424,30290298,30290336,38
channel-0,4038321,30290303,30290310,7
channel-208,1490052,30290303,30290312,9
channel-6994,1324425,30290304,30290326,22
channel-750,682566,30290304,30290309,5
channel-6994,1324426,30290305,30290311,6
channel-750,682567,30290307,30290323,16
channel-208,1490053,30290323,30290334,11
channel-326,537789,30290334,30290339,5
channel-326,537790,30290334,30290339,5
channel-326,537791,30290334,30290339,5
channel-326,537792,30290334,30290339,5
channel-326,537793,30290334,30290339,5
channel-326,537794,30290334,30290339,5
channel-326,537795,30290334,30290339,5
channel-326,537796,30290334,30290339,5
channel-208,1490054,30290339,30290353,14
channel-750,682568,30290341,30290354,13
channel-89298,18652,30290345,30290353,8
channel-0,4038322,30290354,30290365,11
channel-0,4038323,30290354,30290365,11
channel-6994,1324427,30290355,30290391,36
channel-0,4038324,30290366,30290377,11
channel-91017,2827,30290377,30290388,11
channel-19774,345932,30290383,30290389,6
channel-874,293028,30290385,30290388,3
channel-750,682569,30290385,30290388,3
channel-0,4038325,30290399,30290408,9
channel-0,4038326,30290407,30290418,11
channel-874,293029,30290411,30290423,12
channel-0,4038327,30290411,30290422,11
channel-750,682570,30290418,30290430,12
channel-75,845000,30290418,30290425,7
channel-6994,1324428,30290419,30290459,40
channel-4,166942,30290419,30290441,22
channel-0,4038328,30290421,30290432,11
channel-91017,2828,30290421,30290432,11
channel-750,682571,30290421,30290432,11
channel-6994,1324429,30290434,30290447,13
channel-21113,25322,30290434,30290442,8
channel-21113,25323,30290441,30290447,6
channel-38946,124157,30290447,30290459,12
channel-750,682572,30290460,30290472,12
channel-19774,345933,30290461,30290471,10
channel-208,1490055,30290475,30290485,10
channel-750,682573,30290478,30290483,5
channel-6994,1324430,30290479,30290513,34
channel-874,293030,30290483,30290488,5
channel-4,166943,30290485,30290513,28
channel-2188,43639,30290486,30290491,5
channel-42,1489992,30290486,30290497,11
channel-6994,1324431,30290488,30290500,12
channel-199,132714,30290494,30290502,8
channel-75,845001,30290502,30290508,6
channel-0,4038329,30290507,30290519,12
channel-208,1490056,30290508,30290519,11
channel-6897,5643,30290509,30290516,7
channel-6787,166693,30290509,30290513,4
channel-750,682574,30290511,30290526,15
channel-259,314284,30290512,30290517,5
channel-750,682575,30290514,30290526,12
channel-2188,43640,30290515,30290519,4
channel-259,314285,30290517,30290523,6
channel-0,4038330,30290517,30290547,30
channel-0,4038331,30290518,30290547,29
channel-750,682576,30290524,30290536,12
channel-208,1490057,30290526,30290537,11
channel-6994,1324432,30290527,30290536,9
channel-91017,2829,30290535,30290545,10
channel-6994,1324433,30290536,30290579,43
channel-874,293031,30290536,30290554,18
channel-143,128339,30290537,30290566,29
channel-412,64550,30290537,30290549,12
channel-362,86679,30290537,30290546,9
channel-6994,1324434,30290539,30290551,12
channel-89298,18653,30290541,30290548,7
channel-750,682577,30290542,30290555,13
channel-4,166944,30290543,30290576,33
channel-165,71442,30290545,30290555,10
channel-122,667980,30290547,30290551,4
channel-0,4038332,30290547,30290557,10
channel-0,4038333,30290561,30290574,13
channel-208,1490058,30290563,30290572,9
channel-6994,1324435,30290563,30290575,12
channel-19774,345934,30290568,30290578,10
channel-91017,2830,30290578,30290587,9
channel-4,166945,30290579,30290619,40
channel-208,1490059,30290580,30290590,10
channel-750,682578,30290580,30290595,15
channel-874,293032,30290581,30290586,5
channel-4,166946,30290581,30290623,42
channel-0,4038334,30290586,30290598,12
channel-89321,19424,30290587,30290596,9
channel-340,3179,30290588,30290601,13
channel-6994,1324436,30290595,30290646,51
channel-0,4038335,30290598,30290606,8
channel-75,845002,30290606,30290613,7
channel-98451,35,30290611,30290621,10
channel-782,310179,30290615,30290621,6
channel-19774,345935,30290618,30290627,9
channel-208,1490060,30290618,30290625,7
channel-6994,1324437,30290623,30290631,8
channel-1279,67124,30290642,30290656,14
channel-208,1490061,30290651,30290662,11
channel-6994,1324438,30290659,30290692,33
channel-750,682579,30290666,30290676,10
channel-208,1490062,30290670,30290679,9
channel-89298,18654,30290675,30290682,7
channel-6994,1324439,30290688,30290699,11
channel-208,1490063,30290693,30290704,11
channel-0,4038336,30290693,30290704,11
channel-259,314286,30290703,30290709,6
channel-750,682580,30290709,30290720,11
channel-75,845003,30290715,30290722,7
channel-6994,1324440,30290717,30290755,38
channel-6994,1324441,30290719,30290728,9
channel-85077,60069,30290723,30290731,8
channel-6994,1324442,30290725,30290735,10
channel-19774,345936,30290727,30290733,6
channel-1,408348,30290727,30290755,28
channel-98451,36,30290743,30290754,11
channel-0,4038337,30290743,30290752,9
channel-89321,19425,30290752,30290758,6
channel-0,4038338,30290772,30290785,13
channel-6994,1324443,30290773,30290830,57
channel-782,310180,30290778,30290787,9
channel-6994,1324444,30290791,30290802,11
channel-208,1490064,30290792,30290804,12
channel-750,682581,30290805,30290809,4
channel-2188,43641,30290810,30290815,5
channel-19774,345937,30290813,30290830,17
channel-750,682582,30290817,30290826,9
channel-122,667981,30290819,30290831,12
channel-251,85221,30290820,30290833,13
channel-750,682583,30290820,30290825,5
channel-750,682584,30290834,30290840,6
channel-199,132715,30290836,30290845,9
channel-143,128340,30290837,30290869,32
channel-782,310181,30290848,30290854,6
channel-208,1490065,30290848,30290859,11
channel-750,682585,30290849,30290867,18
channel-6994,1324445,30290861,30290911,50
channel-0,4038339,30290865,30290876,11
channel-750,682586,30290867,30290872,5
channel-750,682587,30290867,30290872,5
channel-0,4038340,30290870,30290882,12
channel-750,682588,30290882,30290886,4
channel-89321,19426,30290884,30290889,5
channel-75,845004,30290886,30290893,7
channel-122,667982,30290886,30290889,3
channel-6994,1324446,30290897,30290911,14
channel-750,682589,30290898,30290903,5
channel-113,301327,30290899,30290935,36
channel-750,682590,30290904,30290909,5
channel-38946,124158,30290909,30290921,12
channel-750,682591,30290911,30290915,4
channel-208,1490066,30290917,30290925,8
channel-19774,345938,30290920,30290927,7
channel-6994,1324447,30290923,30290955,32
channel-89298,18655,30290925,30290936,11
channel-750,682592,30290925,30290929,4
channel-550,1890,30290926,30290940,14
channel-6994,1324448,30290932,30290943,11
channel-750,682593,30290939,30290943,4
channel-216,94217,30290944,30291056,112
channel-4,166947,30290945,30290974,29
channel-0,4038341,30290948,30290960,12
channel-2188,43642,30290948,30290951,3
channel-0,4038342,30290950,30290965,15
channel-6994,1324449,30290951,30290965,14
channel-115,20387,30290951,30290963,12
channel-750,682594,30290952,30290965,13
channel-750,682595,30290952,30290959,7
channel-122,667983,30290960,30290964,4
channel-750,682596,30290964,30290975,11
channel-19774,345939,30290965,30290974,9
channel-750,682597,30290966,30290981,15
channel-4,166948,30290967,30290983,16
channel-208,1490067,30290967,30290975,8
channel-750,682598,30290967,30290975,8
channel-208,1490068,30290975,30290983,8
channel-1,408349,30290992,30291005,13
channel-6994,1324450,30290994,30291033,39
channel-750,682599,30290995,30290999,4
channel-6994,1324451,30291004,30291014,10
channel-6994,1324452,30291004,30291014,10
channel-79703,4437,30291005,30291017,12
channel-208,1490069,30291008,30291018,10
channel-95,331594,30291020,30291034,14
channel-0,4038343,30291020,30291033,13
channel-79703,4438,30291029,30291041,12
channel-208,1490070,30291030,30291041,11
channel-122,667984,30291040,30291044,4
channel-0,4038344,30291042,30291052,10
channel-6994,1324453,30291055,30291091,36
channel-0,4038345,30291058,30291069,11
channel-19774,345940,30291065,30291074,9
channel-208,1490071,30291066,30291076,10
channel-0,4038346,30291068,30291079,11
channel-79703,4439,30291068,30291078,10
channel-21113,25324,30291084,30291092,8
channel-122,667985,30291096,30291100,4
channel-75,845005,30291102,30291109,7
channel-0,4038347,30291105,30291126,21
channel-79703,4440,30291111,30291124,13
channel-6994,1324454,30291115,30291150,35
channel-6994,1324455,30291116,30291124,8
channel-750,682600,30291120,30291124,4
channel-75,845006,30291121,30291127,6
channel-750,682601,30291130,30291135,5
channel-19774,345941,30291143,30291160,17
channel-85077,60070,30291158,30291209,51
channel-0,4038348,30291165,30291192,27
channel-782,310182,30291166,30291172,6
channel-320,119190,30291168,30291183,15
channel-6994,1324456,30291171,30291212,41
channel-94814,3759,30291185,30291195,10
channel-75,845007,30291192,30291199,7
channel-208,1490072,30291197,30291208,11
channel-19774,345942,30291200,30291208,8
channel-326,537797,30291202,30291217,15
channel-85077,60071,30291202,30291209,7
channel-259,314287,30291203,30291206,3
channel-1429,140710,30291205,30291213,8
channel-750,682602,30291208,30291227,19
channel-188,190566,30291208,30291218,10
channel-85077,60072,30291209,30291219,10
channel-75,845008,30291209,30291217,8
channel-874,293033,30291221,30291242,21
channel-144,86685,30291222,30291233,11
channel-0,4038349,30291226,30291256,30
channel-19774,345943,30291226,30291239,13
channel-750,682603,30291228,30291239,11
channel-79703,4441,30291230,30291244,14
channel-750,682604,30291233,30291249,16
channel-6994,1324457,30291234,30291290,56
channel-199,132716,30291235,30291248,13
channel-874,293034,30291237,30291242,5
channel-6994,1324458,30291239,30291265,26
channel-326,537798,30291240,30291245,5
channel-38946,124159,30291240,30291253,13
channel-750,682605,30291251,30291256,5
channel-750,682606,30291252,30291265,13
channel-91017,2831,30291253,30291264,11
channel-2188,43643,30291254,30291258,4
channel-89321,19427,30291257,30291267,10
channel-208,1490073,30291259,30291267,8
channel-750,682607,30291263,30291280,17
channel-122,667986,30291266,30291270,4
channel-208,1490074,30291268,30291277,9
channel-0,4038350,30291268,30291278,10
channel-0,4038351,30291278,30291289,11
channel-5485,1713,30291279,30291295,16
channel-6994,1324459,30291281,30291313,32
channel-0,4038352,30291282,30291307,25
channel-6994,1324460,30291283,30291300,17
channel-6994,1324461,30291288,30291318,30
channel-1,408350,30291293,30291310,17
channel-75016,4625,30291293,30291308,15
channel-208,1490075,30291298,30291308,10
channel-19774,345944,30291301,30291306,5
channel-6994,1324462,30291301,30291313,12
channel-122,667987,30291303,30291307,4
channel-874,293035,30291307,30291311,4
channel-6994,1324463,30291308,30291355,47
channel-2188,43644,30291309,30291314,5
channel-42,1489993,30291313,30291324,11
channel-19774,345945,30291316,30291337,21
channel-208,1490076,30291319,30291330,11
channel-88,467106,30291322,30291339,17
channel-259,314288,30291323,30291329,6
channel-85077,60073,30291325,30291337,12
channel-4,166949,30291325,30291335,10
channel-750,682608,30291325,30291330,5
channel-0,4038353,30291325,30291333,8
channel-0,4038354,30291326,30291346,20
channel-204,670790,30291327,30291335,8
channel-259,314289,30291328,30291334,6
channel-42,1489994,30291329,30291339,10
channel-750,682609,30291333,30291338,5
channel-874,293036,30291335,30291348,13
channel-750,682610,30291337,30291342,5
channel-1,408351,30291337,30291347,10
channel-0,4038355,30291338,30291420,82
channel-0,4038356,30291342,30291355,13
channel-412,64551,30291345,30291355,10
channel-208,1490077,30291345,30291353,8
channel-874,293037,30291346,30291353,7
channel-208,1490078,30291346,30291358,12
channel-21113,25325,30291346,30291349,3
channel-0,4038357,30291346,30291368,22
channel-6994,1324464,30291353,30291376,23
channel-89321,19428,30291361,30291369,8
channel-750,682611,30291363,30291373,10
channel-6994,1324465,30291367,30291422,55
channel-362,86680,30291368,30291377,9
channel-6994,1324466,30291380,30291392,12
channel-89321,19429,30291385,30291396,11
channel-122,667988,30291386,30291401,15
channel-199,132717,30291390,30291420,30
channel-874,293038,30291391,30291399,8
channel-79703,4442,30291395,30291408,13
channel-0,4038358,30291396,30291429,33
channel-0,4038359,30291396,30291420,24
channel-89321,19430,30291411,30291418,7
channel-75016,4626,30291421,30291440,19
channel-19774,345946,30291425,30291429,4
channel-874,293039,30291427,30291442,15
channel-0,4038360,30291428,30291445,17
channel-89321,19431,30291429,30291436,7
channel-208,1490079,30291430,30291440,10
channel-0,4038361,30291431,30291451,20
channel-6994,1324467,30291435,30291477,42
channel-6994,1324468,30291436,30291462,26
channel-874,293040,30291436,30291442,6
channel-0,4038362,30291437,30291445,8
channel-750,682612,30291441,30291445,4
channel-750,682613,30291442,30291455,13
channel-0,4038363,30291445,30291451,6
channel-75,845009,30291449,30291455,6
channel-0,4038364,30291451,30291458,7
channel-208,1490080,30291453,30291463,10
channel-199,132718,30291455,30291481,26
channel-4,166950,30291455,30291495,40
channel-0,4038365,30291459,30291488,29
channel-0,4038366,30291463,30291481,18
channel-85077,60074,30291463,30291474,11
channel-188,190567,30291463,30291508,45
channel-75,845010,30291465,30291473,8
channel-208,1490081,30291465,30291477,12
channel-750,682614,30291466,30291482,16
channel-6787,166694,30291467,30291472,5
channel-874,293041,30291472,30291488,16
channel-0,4038367,30291473,30291500,27
channel-874,293042,30291481,30291488,7
channel-91017,2832,30291483,30291492,9
channel-19774,345947,30291491,30291502,11
channel-42,1489995,30291493,30291500,7
channel-783,104230,30291493,30291503,10
channel-750,682615,30291493,30291508,15
channel-783,104231,30291493,30291503,10
channel-259,314290,30291496,30291502,6
channel-184,137412,30291496,30291510,14
channel-6994,1324469,30291498,30291540,42
channel-188,190568,30291499,30291546,47
channel-874,293043,30291506,30291510,4
channel-143,128341,30291509,30291547,38
channel-143,128342,30291518,30291533,15
channel-91017,2833,30291522,30291533,11
channel-874,293044,30291524,30291533,9
channel-874,293045,30291524,30291533,9
channel-642,126505,30291532,30291545,13
channel-750,682616,30291536,30291553,17
channel-143,128343,30291542,30291595,53
channel-0,4038368,30291546,30291558,12
channel-6994,1324470,30291547,30291561,14
channel-874,293046,30291551,30291559,8
channel-750,682617,30291555,30291566,11
channel-782,310183,30291557,30291564,7
channel-6994,1324471,30291559,30291606,47
channel-0,4038369,30291559,30291568,9
channel-6994,1324472,30291567,30291579,12
channel-79703,4443,30291568,30291582,14
channel-89321,19432,30291568,30291578,10
channel-199,132719,30291585,30291594,9
channel-750,682618,30291594,30291605,11
channel-85077,60075,30291602,30291610,8
channel-0,4038370,30291606,30291616,10
channel-204,670791,30291610,30291616,6
channel-6994,1324473,30291622,30291671,49
channel-750,682619,30291623,30291633,10
channel-782,310184,30291626,30291632,6
channel-6994,1324474,30291644,30291653,9
channel-143,128344,30291650,30291701,51
channel-6994,1324475,30291655,30291667,12
channel-0,4038371,30291664,30291674,10
channel-6994,1324476,30291664,30291681,17
channel-0,4038372,30291666,30291674,8
channel-750,682620,30291672,30291677,5
channel-750,682621,30291673,30291687,14
channel-750,682622,30291673,30291685,12
channel-199,132720,30291673,30291681,8
channel-108,39848,30291680,30291695,15
channel-750,682623,30291685,30291698,13
channel-1429,140711,30291688,30291696,8
channel-143,128345,30291690,30291755,65
channel-259,314291,30291690,30291696,6
channel-6994,1324477,30291690,30291746,56
channel-750,682624,30291691,30291704,13
channel-4,166951,30291694,30291724,30
channel-0,4038373,30291706,30291715,9
channel-204,670792,30291710,30304991,13281
channel-750,682625,30291710,30291722,12
channel-750,682626,30291710,30291715,5
channel-4,166952,30291721,30291747,26
channel-750,682627,30291725,30291733,8
channel-750,682628,30291727,30291739,12
channel-208,1490082,30291730,30291740,10
channel-6994,1324478,30291730,30291741,11
channel-0,4038374,30291733,30291746,13
channel-750,682629,30291736,30291739,3
channel-320,119191,30291743,30291781,38
channel-750,682630,30291744,30291749,5
channel-259,314292,30291747,30291755,8
channel-4,166953,30291747,30291772,25
channel-750,682631,30291748,30291761,13
channel-750,682632,30291748,30291753,5
channel-2188,43645,30291750,30291755,5
channel-0,4038375,30291753,30291761,8
channel-874,293047,30291767,30291775,8
channel-0,4038376,30291768,30291781,13
channel-750,682633,30291768,30291781,13
channel-122,667989,30291770,30291774,4
channel-143,128346,30291774,30291869,95
channel-750,682634,30291774,30291779,5
channel-1429,140712,30291777,30291788,11
channel-208,1490083,30291784,30291793,9
channel-522,40435,30291788,30291801,13
channel-750,682635,30291789,30291802,13
channel-750,682636,30291793,30291811,18
channel-199,132721,30291793,30291805,12
channel-229,55020,30291797,30291808,11
channel-2186,40779,30291798,30291809,11
channel-2186,40780,30291812,30291827,15
channel-750,682637,30291817,30291834,17
channel-143,128347,30291825,30291835,10
channel-0,4038377,30291826,30291837,11
channel-750,682638,30291827,30291837,10
channel-73755,5833,30291844,30291852,8
channel-0,4038378,30291865,30291876,11
channel-750,682639,30291865,30291881,16
channel-85077,60076,30291866,30291875,9
channel-4,166954,30291874,30291897,23
channel-1575,15191,30291874,30291884,10
channel-51,20930,30291877,30291893,16
channel-750,682640,30291890,30291895,5
channel-85077,60077,30291896,30291907,11
channel-208,1490084,30291900,30291912,12
channel-750,682641,30291906,30291919,13
channel-750,682642,30291906,30291916,10
channel-750,682643,30291907,30291920,13
channel-2188,43646,30291917,30291922,5
channel-750,682644,30291924,30291928,4
channel-2186,40781,30291926,30291937,11
channel-199,132722,30291935,30291944,9
channel-146,20029,30291935,30291955,20
channel-0,4038379,30291937,30291946,9
channel-750,682645,30291941,30291949,8
channel-2188,43647,30291941,30291946,5
channel-6994,1324479,30291941,30291975,34
channel-750,682646,30291942,30291954,12
channel-79703,4444,30291942,30291955,13
channel-6994,1324480,30291949,30291959,10
channel-783,104232,30291955,30291963,8
channel-0,4038380,30291959,30291970,11
channel-85077,60078,30291959,30291970,11
channel-750,682647,30291967,30291976,9
channel-0,4038381,30291971,30291996,25
channel-94814,3760,30291976,30291986,10
channel-85077,60079,30291977,30291986,9
channel-874,293048,30291977,30291987,10
channel-208,1490085,30291982,30291995,13
channel-2188,43648,30291987,30291992,5
channel-208,1490086,30291988,30292000,12
channel-522,40436,30291995,30292003,8
channel-85791,3760,30291999,30292004,5
channel-750,682648,30292001,30292015,14
channel-750,682649,30292005,30292015,10
channel-2188,43649,30292014,30292019,5
channel-208,1490087,30292014,30292028,14
channel-89321,19433,30292016,30292028,12
channel-89321,19434,30292022,30292029,7
channel-6994,1324481,30292026,30292032,6
channel-20082,9879,30292027,30292036,9
channel-0,4038382,30292034,30292079,45
channel-85791,3761,30292039,30292045,6
channel-1,408352,30292041,30292056,15
channel-750,682650,30292042,30292051,9
channel-522,40437,30292045,30292056,11
channel-6994,1324482,30292049,30292060,11
channel-6994,1324483,30292049,30292070,21
channel-0,4038383,30292050,30292084,34
channel-85077,60080,30292051,30292060,9
channel-19774,345948,30292060,30292074,14
channel-782,310185,30292062,30292069,7
channel-199,132723,30292075,30292082,7
channel-0,4038384,30292084,30292094,10
channel-750,682651,30292085,30292090,5
channel-208,1490088,30292099,30292109,10
channel-89321,19435,30292103,30292113,10
channel-208,1490089,30292113,30292122,9
channel-208,1490090,30292118,30292126,8
channel-1429,140713,30292119,30292127,8
channel-0,4038385,30292120,30292144,24
channel-6994,1324484,30292132,30292143,11
channel-21113,25326,30292137,30292145,8
channel-6994,1324485,30292163,30292170,7
channel-21113,25327,30292164,30292169,5
channel-89321,19436,30292165,30292173,8
channel-208,1490091,30292169,30292178,9
channel-208,1490092,30292185,30292196,11
channel-89321,19437,30292193,30292204,11
channel-750,682652,30292194,30292209,15
channel-0,4038386,30292201,30292219,18
channel-229,55021,30292204,30292214,10
channel-143,128348,30292206,30292216,10
channel-6994,1324486,30292228,30292239,11
channel-229,55022,30292228,30292238,10
channel-91017,2834,30292228,30292240,12
channel-208,1490093,30292230,30292242,12
channel-85077,60081,30292231,30292242,11
channel-0,4038387,30292231,30292242,11
channel-75,845011,30292241,30292247,6
channel-0,4038388,30292244,30292256,12
channel-0,4038389,30292262,30292275,13
channel-85791,3762,30292263,30292269,6
channel-89321,19438,30292263,30292271,8
channel-0,4038390,30292270,30292288,18
channel-0,4038391,30292280,30292303,23
channel-122,667990,30292280,30292284,4
channel-0,4038392,30292287,30292295,8
channel-89321,19439,30292288,30292317,29
channel-232,49197,30292295,30292321,26
channel-0,4038393,30292295,30292303,8
channel-19774,345949,30292299,30292308,9
channel-122,667991,30292299,30292303,4
channel-0,4038394,30292316,30292335,19
channel-89321,19440,30292317,30292353,36
channel-0,4038395,30292336,30292345,9
channel-89298,18656,30292341,30292351,10
channel-208,1490094,30292345,30292356,11
channel-47,198637,30292352,30292368,16
channel-108,39849,30292355,30292371,16
channel-89321,19441,30292366,30292383,17
channel-6994,1324487,30292373,30292384,11
channel-750,682653,30292374,30292387,13
channel-122,667992,30292387,30292392,5
channel-750,682654,30292388,30292393,5
channel-874,293049,30292394,30292403,9
channel-89321,19442,30292403,30292446,43
channel-85077,60082,30292411,30292420,9
channel-82,18954,30292422,30292454,32
channel-208,1490095,30292425,30292435,10
channel-0,4038396,30292442,30292466,24
channel-750,682655,30292448,30292459,11
channel-146,20030,30292450,30292482,32
channel-208,1490096,30292453,30292464,11
channel-0,4038397,30292456,30292466,10
channel-0,4038398,30292458,30292484,26
channel-2188,43650,30292465,30292470,5
channel-208,1490097,30292465,30292477,12
channel-89321,19443,30292468,30292480,12
channel-750,682656,30292471,30292474,3
channel-89321,19444,30292484,30292527,43
channel-1,408353,30292484,30292515,31
channel-1,408354,30292494,30292515,21
channel-750,682657,30292495,30292499,4
channel-0,4038399,30292502,30292521,19
channel-750,682658,30292511,30292516,5
channel-75,845012,30292515,30292523,8
channel-89321,19445,30292520,30292560,40
channel-6994,1324488,30292523,30292564,41
channel-750,682659,30292531,30292535,4
channel-874,293050,30292534,30292540,6
channel-6994,1324489,30292536,30292547,11
channel-85077,60083,30292537,30292547,10
channel-2188,43651,30292539,30292544,5
channel-76971,12240,30292541,30292554,13
channel-75016,4627,30292542,30292563,21
channel-75016,4628,30292555,30292570,15
channel-750,682660,30292557,30292561,4
channel-0,4038400,30292558,30292566,8
channel-6994,1324490,30292560,30292591,31
channel-2188,43652,30292568,30292573,5
channel-6994,1324491,30292572,30292583,11
channel-75,845013,30292577,30292584,7
channel-750,682661,30292588,30292609,21
channel-6994,1324492,30292589,30292626,37
channel-2188,43653,30292593,30292597,4
channel-199,132724,30292598,30292610,12
channel-75016,4629,30292598,30292632,34
channel-19774,345950,30292599,30292610,11
channel-750,682662,30292607,30292617,10
channel-75016,4630,30292612,30292632,20
channel-75016,4631,30292614,30292632,18
channel-874,293051,30292616,30292625,9
channel-2188,43654,30292617,30292621,4
channel-199,132725,30292619,30292626,7
channel-85077,60084,30292619,30292628,9
channel-0,4038401,30292638,30292645,7
channel-79703,4445,30292639,30292652,13
channel-208,1490098,30292643,30292652,9
channel-2188,43655,30292644,30292649,5
channel-75016,4632,30292648,30292661,13
channel-6994,1324493,30292655,30292690,35
channel-204,670793,30292655,30304991,12336
channel-229,55023,30292657,30292669,12
channel-208,1490099,30292660,30292670,10
channel-73,51335,30292666,30292677,11
channel-75016,4633,30292679,30292695,16
channel-0,4038402,30292680,30292706,26
channel-75,845014,30292692,30292700,8
channel-6994,1324494,30292693,30292705,12
channel-73,51336,30292698,30292707,9
channel-6994,1324495,30292723,30292758,35
channel-874,293052,30292744,30292749,5
channel-76971,12241,30292744,30292761,17
channel-89321,19446,30292746,30292779,33
channel-0,4038403,30292753,30292777,24
channel-208,1490100,30292755,30292768,13
channel-42,1489996,30292757,30292765,8
channel-0,4038404,30292761,30292772,11
channel-75016,4634,30292765,30292788,23
channel-0,4038405,30292766,30292777,11
channel-75016,4635,30292778,30292794,16
channel-208,1490101,30292782,30292791,9
channel-874,293053,30292784,30292791,7
channel-6994,1324496,30292784,30292822,38
channel-1,408355,30292785,30292828,43
channel-75016,4636,30292803,30292824,21
channel-75016,4637,30292821,30292846,25
channel-874,293054,30292828,30292833,5
channel-0,4038406,30292834,30292860,26
channel-2188,43656,30292835,30292839,4
channel-122,667993,30292838,30292842,4
channel-75016,4638,30292838,30292863,25
channel-251,85222,30292842,30292859,17
channel-412,64552,30292848,30292860,12
channel-122,667994,30292849,30292853,4
channel-6994,1324497,30292855,30292896,41
channel-122,667995,30292857,30292865,8
channel-874,293055,30292859,30292865,6
channel-874,293056,30292867,30292874,7
channel-208,1490102,30292867,30292876,9
channel-85077,60085,30292871,30292878,7
channel-229,55024,30292876,30292886,10
channel-75016,4639,30292877,30292901,24
channel-750,682663,30292879,30292893,14
channel-88,467107,30292884,30292903,19
channel-208,1490103,30292897,30292906,9
channel-750,682664,30292898,30292904,6
channel-874,293057,30292898,30292902,4
channel-874,293058,30292901,30292907,6
channel-88,467108,30292903,30292942,39
channel-2188,43657,30292904,30292909,5
channel-208,1490104,30292904,30292916,12
channel-208,1490105,30292916,30292926,10
channel-75016,4640,30292918,30292939,21
channel-75016,4641,30292919,30292939,20
channel-6994,1324498,30292921,30292962,41
channel-75016,4642,30292922,30292945,23
channel-1,408356,30292926,30292943,17
channel-122,667996,30292935,30292939,4
channel-208,1490106,30292937,30292948,11
channel-122,667997,30292939,30292950,11
channel-0,4038407,30292943,30292951,8
channel-75016,4643,30292943,30292963,20
channel-782,310186,30292946,30292951,5
channel-89298,18657,30292959,30292969,10
channel-199,132726,30292973,30292983,10
channel-75016,4644,30292981,30292999,18
channel-75016,4645,30292982,30292999,17
channel-0,4038408,30292983,30292993,10
channel-1429,140714,30292984,30292993,9
channel-326,537799,30292985,30293010,25
channel-2494,31928,30292985,30292994,9
channel-320,119192,30293008,30293037,29
channel-75016,4646,30293029,30293052,23
channel-874,293059,30293037,30293045,8
channel-6787,166695,30293042,30293046,4
channel-0,4038409,30293047,30293057,10
channel-251,85223,30293063,30293075,12
channel-750,682665,30293066,30293077,11
channel-208,1490107,30293073,30293081,8
channel-75016,4647,30293073,30293092,19
channel-208,1490108,30293073,30293081,8
channel-874,293060,30293077,30293082,5
channel-75016,4648,30293077,30293098,21
channel-89321,19447,30293087,30293098,11
channel-750,682666,30293087,30293097,10
channel-750,682667,30293088,30293102,14
channel-19774,345951,30293094,30293106,12
channel-75016,4649,30293101,30293123,22
channel-874,293061,30293110,30293116,6
channel-208,1490109,30293130,30293141,11
channel-19774,345952,30293131,30293142,11
channel-320,119193,30293133,30293158,25
channel-0,4038410,30293140,30293148,8
channel-874,293062,30293152,30293159,7
channel-19774,345953,30293169,30293180,11
channel-0,4038411,30293182,30293195,13
channel-115,20388,30293190,30293202,12
channel-750,682668,30293191,30293206,15
channel-6994,1324499,30293195,30293207,12
channel-750,682669,30293200,30293210,10
channel-750,682670,30293204,30293216,12
channel-85077,60086,30293210,30293230,20
channel-1411,1989,30293212,30293222,10
channel-874,293063,30293226,30293236,10
channel-874,293064,30293260,30293271,11
channel-750,682671,30293264,30293274,10
channel-208,1490110,30293265,30293278,13
channel-208,1490111,30293266,30293278,12
channel-750,682672,30293269,30293274,5
channel-782,310187,30293269,30293274,5
channel-6994,1324500,30293270,30293282,12
channel-89298,18658,30293288,30293298,10
channel-208,1490112,30293293,30293306,13
channel-85077,60087,30293306,30293315,9
channel-874,293065,30293309,30293314,5
channel-782,310188,30293328,30293334,6
channel-750,682673,30293335,30293348,13
channel-85077,60088,30293340,30293349,9
channel-38946,124160,30293343,30293361,18
channel-750,682674,30293361,30293375,14
channel-750,682675,30293361,30293366,5
channel-89298,18659,30293363,30293372,9
channel-208,1490113,30293372,30293381,9
channel-326,537800,30293373,30293380,7
channel-750,682676,30293373,30293387,14
channel-750,682677,30293374,30293384,10
channel-115,20389,30293380,30293387,7
channel-874,293066,30293382,30293388,6
channel-782,310189,30293385,30293392,7
channel-208,1490114,30293386,30293399,13
channel-2,130627,30293404,30293411,7
channel-19774,345954,30293407,30293414,7
channel-184,137413,30293409,30293416,7
channel-874,293067,30293411,30293416,5
channel-122,667998,30293416,30293422,6
channel-259,314293,30293417,30293422,5
channel-750,682678,30293421,30293425,4
channel-2,130628,30293426,30293431,5
channel-2188,43658,30293431,30293435,4
channel-750,682679,30293438,30293449,11
channel-0,4038412,30293442,30293453,11
channel-874,293068,30293447,30293459,12
channel-412,64553,30293456,30293479,23
channel-0,4038413,30293464,30293474,10
channel-326,537801,30293499,30293527,28
channel-750,682680,30293511,30293516,5
channel-0,4038414,30293513,30293536,23
channel-1,408357,30293517,30293536,19
channel-874,293069,30293520,30293526,6
channel-6787,166696,30293529,30293535,6
channel-326,537802,30293534,30293542,8
channel-5,184289,30293544,30293552,8
channel-326,537803,30293575,30293586,11
channel-874,293070,30293580,30293585,5
channel-208,1490115,30293583,30293592,9
channel-229,55025,30293587,30293594,7
channel-0,4038415,30293587,30293598,11
channel-208,1490116,30293594,30293605,11
channel-750,682681,30293602,30293609,7
channel-0,4038416,30293606,30293618,12
channel-21113,25328,30293607,30293614,7
channel-115,20390,30293607,30293620,13
channel-874,293071,30293618,30293623,5
channel-874,293072,30293622,30293626,4
channel-208,1490117,30293624,30293630,6
channel-6994,1324501,30293625,30293651,26
channel-1,408358,30293627,30293645,18
channel-326,537804,30293630,30293644,14
channel-326,537805,30293637,30293650,13
channel-874,293073,30293644,30293649,5
channel-148,16087,30293646,30293655,9
channel-0,4038417,30293647,30293671,24
channel-85077,60089,30293648,30293658,10
channel-750,682682,30293650,30293655,5
channel-85077,60090,30293652,30293661,9
channel-750,682683,30293665,30293681,16
channel-85077,60091,30293668,30293675,7
channel-6994,1324502,30293678,30293687,9
channel-874,293074,30293698,30293706,8
channel-208,1490118,30293711,30293721,10
channel-181,13587,30293711,30293722,11
channel-412,64554,30293722,30293735,13
channel-750,682684,30293723,30293727,4
channel-750,682685,30293726,30293742,16
channel-6994,1324503,30293726,30293736,10
channel-0,4038418,30293728,30293745,17
channel-750,682686,30293739,30293754,15
channel-0,4038419,30293744,30293764,20
channel-204,670794,30293747,30305003,11256
channel-0,4038420,30293758,30293767,9
channel-208,1490119,30293759,30293768,9
channel-181,13588,30293761,30293768,7
channel-750,682687,30293769,30293774,5
channel-750,682688,30293770,30293775,5
channel-5,184290,30293774,30293783,9
channel-208,1490120,30293776,30293786,10
channel-2694,3286,30293776,30293785,9
channel-750,682689,30293782,30293795,13
channel-251,85224,30293783,30293794,11
channel-750,682690,30293783,30293825,42
channel-38946,124161,30293783,30293807,24
channel-208,1490121,30293786,30293796,10
channel-6994,1324504,30293790,30293803,13
channel-1,408359,30293792,30293806,14
channel-208,1490122,30293811,30293822,11
channel-750,682691,30293818,30293842,24
channel-6994,1324505,30293821,30293828,7
channel-38946,124162,30293823,30293835,12
channel-782,310190,30293824,30293829,5
channel-208,1490123,30293845,30293855,10
channel-38946,124163,30293869,30293884,15
channel-1,408360,30293898,30293908,10
channel-750,682692,30293900,30293906,6
channel-874,293075,30293903,30293912,9
channel-38946,124164,30293906,30293917,11
channel-208,1490124,30293906,30293917,11
channel-6994,1324506,30293907,30293948,41
channel-38946,124165,30293912,30293927,15
channel-0,4038421,30293915,30293936,21
channel-0,4038422,30293916,30293938,22
channel-2188,43659,30293917,30293922,5
channel-874,293076,30293917,30293937,20
channel-208,1490125,30293918,30293931,13
channel-38946,124166,30293920,30293936,16
channel-412,64555,30293927,30293937,10
channel-874,293077,30293930,30293937,7
channel-412,64556,30293931,30293938,7
channel-0,4038423,30293933,30293943,10
channel-1,408361,30293940,30293975,35
channel-1,408362,30293941,30293975,34
channel-38946,124167,30293943,30293964,21
channel-0,4038424,30293951,30293961,10
channel-38946,124168,30293956,30293967,11
channel-21113,25329,30293957,30293965,8
channel-750,682693,30293963,30293982,19
channel-38946,124169,30293968,30293985,17
channel-6994,1324507,30293968,30294018,50
channel-0,4038425,30293968,30293978,10
channel-122,667999,30293971,30293976,5
channel-750,682694,30293971,30293975,4
channel-0,4038426,30293974,30293999,25
channel-91017,2835,30293974,30293983,9
channel-38946,124170,30293978,30338275,44297
channel-208,1490126,30293978,30293987,9
channel-42,1489997,30293980,30293989,9
channel-0,4038427,30293994,30294004,10
channel-208,1490127,30293995,30294005,10
channel-0,4038428,30293996,30294004,8
channel-38946,124171,30293998,30299174,5176
channel-1,408363,30294016,30294024,8
channel-208,1490128,30294019,30294028,9
channel-0,4038429,30294023,30294046,23
channel-38946,124172,30294024,30294037,13
channel-874,293078,30294025,30294039,14
channel-783,104233,30294026,30294031,5
channel-874,293079,30294026,30294029,3
channel-0,4038430,30294028,30294052,24
channel-6994,1324508,30294028,30294038,10
channel-38946,124173,30294029,30294059,30
channel-750,682695,30294030,30294035,5
channel-0,4038431,30294031,30294056,25
channel-188,190569,30294031,30294075,44
channel-750,682696,30294033,30294047,14
channel-6994,1324509,30294034,30294073,39
channel-184,137414,30294037,30294049,12
channel-89321,19448,30294040,30294051,11
channel-115,20391,30294040,30294051,11
channel-0,4038432,30294041,30294052,11
channel-0,4038433,30294044,30294056,12
channel-38946,124174,30294052,30294077,25
channel-1429,140715,30294059,30294071,12
channel-98451,37,30294062,30294079,17
channel-88,467109,30294062,30294076,14
channel-42,1489998,30294064,30294089,25
channel-91017,2836,30294068,30294079,11
channel-326,537806,30294075,30294093,18
channel-199,132727,30294077,30294086,9
channel-783,104234,30294082,30294088,6
channel-0,4038434,30294082,30294095,13
channel-750,682697,30294083,30294087,4
channel-38946,124176,30294083,30338280,44197
channel-184,137415,30294086,30294098,12
channel-6994,1324510,30294100,30294146,46
channel-0,4038435,30294103,30294123,20
channel-0,4038436,30294104,30294112,8
channel-412,64557,30294117,30294125,8
channel-750,682698,30294118,30294123,5
channel-783,104235,30294118,30294124,6
channel-208,1490129,30294123,30294134,11
channel-199,132728,30294133,30294142,9
channel-412,64558,30294137,30294148,11
channel-38946,124177,30294140,30294157,17
channel-750,682699,30294141,30294146,5
channel-1,408364,30294146,30294168,22
channel-38946,124178,30294153,30294169,16
channel-6994,1324511,30294160,30294201,41
channel-38946,124179,30294172,30294192,20
channel-0,4038437,30294177,30294186,9
channel-874,293080,30294181,30294186,5
channel-38946,124180,30294181,30294208,27
channel-750,682700,30294192,30294204,12
channel-38946,124181,30294192,30294201,9
channel-412,64559,30294196,30294205,9
channel-750,682701,30294198,30294209,11
channel-412,64560,30294204,30294214,10
channel-750,682702,30294207,30294221,14
channel-0,4038438,30294224,30294238,14
channel-2186,40782,30294224,30294238,14
channel-38946,124182,30294229,30294244,15
channel-0,4038439,30294240,30294250,10
channel-750,682703,30294243,30294248,5
channel-0,4038440,30294245,30294253,8
channel-208,1490130,30294246,30294253,7
channel-85077,60092,30294247,30294253,6
channel-208,1490131,30294260,30294272,12
channel-85077,60093,30294264,30294272,8
channel-0,4038441,30294268,30294276,8
channel-750,682704,30294278,30294289,11
channel-1,408365,30294282,30294291,9
channel-326,537807,30294287,30294302,15
channel-750,682705,30294290,30294301,11
channel-783,104236,30294292,30294300,8
channel-0,4038442,30294299,30294307,8
channel-89321,19449,30294312,30294322,10
channel-750,682706,30294317,30294328,11
channel-208,1490132,30294334,30294345,11
channel-0,4038443,30294346,30294360,14
channel-6994,1324512,30294348,30294357,9
channel-874,293081,30294350,30294358,8
channel-0,4038444,30294379,30294389,10
channel-6994,1324513,30294464,30294474,10
channel-113,301328,30294467,30294482,15
channel-115,20392,30294470,30294479,9
channel-0,4038445,30294473,30294485,12
channel-412,64561,30294474,30294483,9
channel-113,301329,30294485,30294508,23
channel-6994,1324514,30294504,30294515,11
channel-0,4038446,30294516,30294529,13
channel-208,1490133,30294520,30294532,12
channel-1,408366,30294520,30294530,10
channel-251,85225,30294522,30294532,10
channel-88,467110,30294523,30294537,14
channel-783,104237,30294531,30294537,6
channel-782,310191,30294538,30294546,8
channel-750,682707,30294540,30294548,8
channel-85077,60094,30294540,30294548,8
channel-6994,1324515,30294542,30294550,8
channel-208,1490134,30294545,30294552,7
channel-171,7590,30294547,30294555,8
channel-6994,1324516,30294552,30294565,13
channel-750,682708,30294566,30294570,4
channel-208,1490135,30294568,30294581,13
channel-750,682709,30294569,30294580,11
channel-0,4038447,30294576,30294586,10
channel-0,4038448,30294581,30294590,9
channel-15464,2656,30294581,30294594,13
channel-208,1490136,30294589,30294598,9
channel-208,1490137,30294598,30294608,10
channel-750,682710,30294608,30294613,5
channel-874,293082,30294612,30294622,10
channel-6994,1324517,30294612,30294624,12
channel-412,64562,30294616,30294628,12
channel-750,682711,30294618,30294624,6
channel-750,682712,30294621,30294633,12
channel-42,1489999,30294641,30294649,8
channel-208,1490138,30294647,30294656,9
channel-208,1490139,30294648,30294656,8
channel-0,4038449,30294648,30294655,7
channel-412,64563,30294652,30294661,9
channel-1279,67125,30294667,30294683,16
channel-6994,1324518,30294678,30294688,10
channel-89321,19450,30294681,30294688,7
channel-750,682713,30294686,30294695,9
channel-0,4038450,30294695,30294706,11
channel-0,4038451,30294704,30294715,11
channel-750,682714,30294710,30294721,11
channel-6994,1324519,30294719,30294729,10
channel-88,467111,30294763,30294777,14
channel-122,668000,30294763,30294766,3
channel-750,682715,30294780,30294795,15
channel-6787,166697,30294784,30294788,4
channel-412,64564,30294791,30294801,10
channel-750,682716,30294795,30294800,5
channel-326,537808,30294800,30294818,18
channel-6994,1324520,30294801,30294810,9
channel-750,682717,30294801,30294806,5
channel-122,668001,30294813,30294816,3
channel-0,4038452,30294817,30294829,12
channel-1,408367,30294821,30294832,11
channel-0,4038453,30294827,30294838,11
channel-208,1490140,30294843,30294856,13
channel-251,85226,30294852,30294864,12
channel-1,408368,30294855,30294881,26
channel-2494,31929,30294861,30294869,8
channel-0,4038454,30294862,30294867,5
channel-258,17754,30294863,30294874,11
channel-750,682718,30294869,30294875,6
channel-0,4038455,30294874,30294883,9
channel-0,4038456,30294875,30294883,8
channel-1,408369,30294877,30294916,39
channel-2188,43660,30294881,30294885,4
channel-122,668002,30294882,30294885,3
channel-750,682719,30294883,30294887,4
channel-6994,1324521,30294895,30294905,10
channel-412,64565,30294908,30294916,8
channel-750,682720,30294916,30294931,15
channel-89321,19451,30294917,30294927,10
channel-0,4038457,30294931,30294944,13
channel-208,1490141,30294935,30294945,10
channel-85077,60095,30294936,30294944,8
channel-2,130629,30294945,30294958,13
channel-208,1490142,30294953,30294965,12
channel-1429,140716,30294955,30294963,8
channel-208,1490143,30294962,30294974,12
channel-208,1490144,30294967,30294978,11
channel-750,682721,30294972,30294981,9
channel-122,668003,30294975,30294978,3
channel-750,682722,30294977,30294988,11
channel-0,4038458,30294978,30294988,10
channel-88,467112,30294985,30294996,11
channel-782,310192,30294995,30295000,5
channel-750,682723,30295000,30295013,13
channel-750,682724,30295001,30295014,13
channel-750,682725,30295008,30295013,5
channel-251,85227,30295008,30295020,12
channel-782,310193,30295013,30295021,8
channel-0,4038459,30295020,30295032,12
channel-750,682726,30295027,30295043,16
channel-412,64566,30295027,30295043,16
channel-782,310194,30295033,30295040,7
channel-6994,1324522,30295038,30295051,13
channel-0,4038460,30295043,30295053,10
channel-750,682727,30295053,30295059,6
channel-326,537809,30295076,30295083,7
channel-89298,18660,30295076,30295088,12
channel-6994,1324523,30295084,30295094,10
channel-8945,17746,30295086,30295097,11
channel-6787,166698,30295088,30295093,5
channel-1279,67126,30295092,30295111,19
channel-0,4038461,30295100,30295110,10
channel-750,682728,30295109,30295123,14
channel-42,1490000,30295117,30295123,6
channel-750,682729,30295119,30295122,3
channel-326,537810,30295125,30295130,5
channel-8945,17747,30295128,30295138,10
channel-750,682730,30295129,30295146,17
channel-89321,19452,30295130,30295140,10
channel-783,104238,30295133,30295142,9
channel-874,293083,30295144,30295149,5
channel-6994,1324524,30295146,30295156,10
channel-216,94221,30295151,30295312,161
channel-8945,17748,30295154,30295163,9
channel-208,1490145,30295154,30295166,12
channel-19774,345955,30295155,30295165,10
channel-122,668004,30295161,30295165,4
channel-0,4038462,30295165,30295175,10
channel-1634,6718,30295169,30295197,28
channel-320,119194,30295180,30295208,28
channel-0,4038463,30295190,30295203,13
channel-75,845015,30295199,30295206,7
channel-2494,31930,30295201,30295212,11
channel-1429,140717,30295207,30295218,11
channel-326,537811,30295207,30295213,6
channel-208,1490146,30295209,30295219,10
channel-0,4038464,30295215,30295225,10
channel-0,4038465,30295215,30295225,10
channel-767,14366,30295216,30295227,11
channel-0,4038466,30295223,30295244,21
channel-208,1490147,30295245,30295255,10
channel-199,132729,30295249,30295261,12
channel-326,537812,30295250,30295256,6
channel-85077,60096,30295262,30295270,8
channel-2186,40783,30295267,30295279,12
channel-0,4038467,30295284,30295293,9
channel-326,537813,30295296,30295302,6
channel-0,4038468,30295304,30295316,12
channel-326,537814,30295306,30295313,7
channel-94814,3761,30295312,30295323,11
channel-0,4038469,30295313,30295324,11
channel-326,537815,30295339,30295345,6
channel-782,310195,30295340,30295345,5
channel-2494,31931,30295349,30295362,13
channel-208,1490148,30295349,30295361,12
channel-326,537816,30295351,30295358,7
channel-204,670795,30295367,30295378,11
channel-75,845016,30295376,30295384,8
channel-320,119195,30295383,30295394,11
channel-326,537817,30295390,30295397,7
channel-6994,1324525,30295393,30295406,13
channel-122,668005,30295396,30295400,4
channel-750,682731,30295397,30295407,10
channel-1,408370,30295398,30295416,18
channel-122,668006,30295415,30295420,5
channel-75,845017,30295418,30295426,8
channel-122,668007,30295427,30295431,4
channel-750,682732,30295435,30295449,14
channel-326,537818,30295440,30295446,6
channel-5,184291,30295440,30295451,11
channel-208,1490149,30295465,30295477,12
channel-750,682733,30295475,30295489,14
channel-0,4038470,30295480,30295494,14
channel-326,537819,30295486,30295497,11
channel-4,166955,30295489,30295524,35
channel-6994,1324526,30295491,30295525,34
channel-5,184292,30295494,30295501,7
channel-6994,1324527,30295496,30295507,11
channel-2188,43661,30295499,30295502,3
channel-783,104239,30295501,30295512,11
channel-75,845018,30295505,30295511,6
channel-208,1490150,30295506,30295519,13
channel-4,166956,30295510,30295553,43
channel-1429,140718,30295517,30295529,12
channel-4,166957,30295522,30295553,31
channel-0,4038471,30295522,30295550,28
channel-326,537820,30295523,30295529,6
channel-326,537821,30295536,30295545,9
channel-6994,1324528,30295555,30295566,11
channel-326,537822,30295571,30295577,6
channel-47,198638,30295583,30295594,11
channel-0,4038472,30295603,30295612,9
channel-204,670796,30295612,30305003,9391
channel-326,537823,30295618,30295624,6
channel-47,198639,30295633,30295644,11
channel-19774,345956,30295661,30295671,10
channel-326,537824,30295665,30295673,8
channel-6994,1324529,30295671,30295681,10
channel-750,682734,30295699,30295704,5
channel-8,43458,30295703,30295734,31
channel-6994,1324530,30295703,30295712,9
channel-2494,31932,30295705,30295723,18
channel-5,184293,30295707,30295719,12
channel-326,537825,30295712,30295722,10
channel-1429,140719,30295721,30295731,10
channel-204,670797,30295724,30295733,9
channel-144,86686,30295725,30295736,11
channel-21113,25330,30295726,30295734,8
channel-320,119196,30295746,30295773,27
channel-208,1490151,30295748,30295759,11
channel-412,64567,30295748,30295757,9
channel-122,668009,30295755,30295758,3
channel-326,537826,30295758,30295768,10
channel-181,13589,30295765,30295778,13
channel-0,4038473,30295783,30295796,13
channel-6787,166699,30295793,30295798,5
channel-208,1490152,30295800,30295811,11
channel-750,682735,30295802,30295813,11
channel-326,537827,30295809,30295818,9
channel-216,94222,30295812,30295882,70
channel-6994,1324531,30295824,30295834,10
channel-750,682736,30295825,30295830,5
channel-19774,345957,30295838,30295849,11
channel-326,537828,30295840,30295847,7
channel-326,537829,30295849,30295854,5
channel-6994,1324532,30295851,30295863,12
channel-6994,1324533,30295866,30295889,23
channel-19774,345958,30295879,30295892,13
channel-2494,31933,30295890,30295902,12
channel-326,537830,30295893,30295898,5
channel-0,4038474,30295900,30295911,11
channel-19774,345959,30295900,30295911,11
channel-1,408371,30295905,30295934,29
channel-750,682737,30295909,30295925,16
channel-326,537831,30295909,30295912,3
channel-6994,1324534,30295917,30295947,30
channel-412,64568,30295927,30295938,11
channel-326,537832,30295934,30295940,6
channel-115,20393,30295934,30295946,12
channel-208,1490153,30295935,30295944,9
channel-6994,1324535,30295936,30295947,11
channel-75,845019,30295946,30295952,6
channel-6994,1324536,30295948,30295960,12
channel-326,537833,30295979,30295984,5
channel-108,39850,30295989,30296000,11
channel-750,682738,30295991,30296004,13
channel-326,537834,30296015,30296022,7
channel-0,4038475,30296024,30296056,32
channel-750,682739,30296024,30296038,14
channel-326,537835,30296026,30296032,6
channel-326,537836,30296031,30296038,7
channel-143,128349,30296049,30296115,66
channel-6994,1324537,30296066,30296108,42
channel-85077,60097,30296068,30296077,9
channel-85077,60098,30296070,30296085,15
channel-326,537837,30296071,30296079,8
channel-1,408372,30296077,30296092,15
channel-0,4038476,30296082,30296106,24
channel-42,1490001,30296084,30296094,10
channel-85077,60099,30296085,30296094,9
channel-6994,1324538,30296112,30296125,13
channel-326,537838,30296115,30296119,4
channel-0,4038477,30296120,30296132,12
channel-85077,60100,30296121,30296129,8
channel-208,1490154,30296121,30296131,10
channel-750,682740,30296123,30296128,5
channel-208,1490155,30296125,30296136,11
channel-326,537839,30296126,30296131,5
channel-6994,1324539,30296132,30296172,40
channel-6994,1324540,30296138,30296152,14
channel-204,670798,30296142,30296152,10
channel-750,682741,30296145,30296159,14
channel-326,537840,30296167,30296176,9
channel-122,668010,30296168,30296172,4
channel-6994,1324541,30296176,30296185,9
channel-85077,60101,30296188,30296197,9
channel-85077,60102,30296188,30296197,9
channel-750,682742,30296193,30296205,12
channel-98451,38,30296194,30296204,10
channel-0,4038478,30296195,30296219,24
channel-750,682743,30296201,30296214,13
channel-326,537841,30296204,30296211,7
channel-6994,1324542,30296205,30296219,14
channel-6994,1324543,30296206,30296219,13
channel-85077,60103,30296206,30296217,11
channel-204,670799,30296208,30305009,8801
channel-326,537842,30296217,30296224,7
channel-326,537843,30296231,30296238,7
channel-750,682744,30296233,30296238,5
channel-6994,1324544,30296240,30296257,17
channel-750,682745,30296250,30296263,13
channel-326,537844,30296251,30296258,7
channel-38946,124183,30296257,30296279,22
channel-326,537845,30296261,30296268,7
channel-326,537846,30296272,30296277,5
channel-326,537847,30296284,30296293,9
channel-216,94223,30296305,30296404,99
channel-326,537848,30296307,30296317,10
channel-122,668012,30296310,30296319,9
channel-326,537849,30296317,30296321,4
channel-782,310197,30296319,30296325,6
channel-208,1490156,30296331,30296343,12
channel-326,537850,30296336,30296346,10
channel-115,20394,30296336,30296344,8
channel-782,310198,30296341,30296346,5
channel-326,537851,30296353,30296359,6
channel-6994,1324545,30296353,30296366,13
channel-326,537852,30296370,30296379,9
channel-0,4038479,30296376,30296384,8
channel-6994,1324546,30296380,30296393,13
channel-6787,166700,30296382,30296387,5
channel-208,1490157,30296384,30296397,13
channel-750,682746,30296384,30296397,13
channel-326,537853,30296388,30296395,7
channel-0,4038480,30296391,30296402,11
channel-208,1490158,30296394,30296407,13
channel-204,670800,30296403,30305009,8606
channel-326,537854,30296406,30296412,6
channel-259,314294,30296416,30296425,9
channel-6787,166701,30296423,30296427,4
channel-412,64569,30296428,30296438,10
channel-143,128350,30296430,30296443,13
channel-320,119197,30296431,30296474,43
channel-0,4038481,30296434,30296443,9
channel-85077,60104,30296436,30296442,6
channel-6994,1324547,30296437,30296448,11
channel-326,537855,30296437,30296443,6
channel-6994,1324548,30296450,30296463,13
channel-208,1490159,30296454,30296467,13
channel-204,670801,30296454,30296461,7
channel-122,668013,30296455,30296459,4
channel-6994,1324549,30296462,30296472,10
channel-165,71443,30296474,30296482,8
channel-0,4038482,30296477,30296486,9
channel-326,537856,30296483,30296489,6
channel-85077,60105,30296486,30296496,10
channel-2494,31934,30296497,30296508,11
channel-6994,1324550,30296506,30296519,13
channel-85077,60106,30296512,30296523,11
channel-6787,166702,30296514,30296519,5
channel-85077,60107,30296519,30296526,7
channel-6994,1324551,30296520,30296530,10
channel-85077,60108,30296521,30296529,8
channel-122,668014,30296521,30296524,3
channel-750,682747,30296527,30296540,13
channel-326,537857,30296529,30296540,11
channel-251,85228,30296529,30296540,11
channel-19774,345960,30296544,30296557,13
channel-0,4038483,30296547,30296557,10
channel-122,668015,30296551,30296556,5
channel-0,4038484,30296552,30296576,24
channel-85077,60109,30296557,30296566,9
channel-0,4038485,30296563,30296576,13
channel-19774,345961,30296569,30296581,12
channel-6994,1324552,30296571,30296581,10
channel-326,537858,30296575,30296581,6
channel-143,128351,30296576,30296604,28
channel-874,293084,30296576,30296585,9
channel-208,1490160,30296588,30296601,13
channel-208,1490161,30296590,30296601,11
channel-0,4038486,30296595,30296606,11
channel-6994,1324553,30296600,30296627,27
channel-6994,1324554,30296611,30296622,11
channel-326,537859,30296620,30296628,8
channel-0,4038487,30296624,30296635,11
channel-1,408373,30296624,30296638,14
channel-216,94224,30296630,30296692,62
channel-412,64570,30296631,30296641,10
channel-85077,60110,30296632,30296641,9
channel-0,4038488,30296647,30296659,12
channel-6994,1324555,30296650,30296675,25
channel-85077,60111,30296652,30296662,10
channel-94814,3762,30296657,30296666,9
channel-326,537860,30296664,30296672,8
channel-6994,1324556,30296665,30296675,10
channel-0,4038489,30296669,30296675,6
channel-208,1490162,30296672,30296683,11
channel-6994,1324557,30296678,30296690,12
channel-0,4038490,30296697,30296710,13
channel-6787,166703,30296700,30296704,4
channel-326,537861,30296713,30296720,7
channel-19774,345962,30296717,30296727,10
channel-1,408374,30296717,30296728,11
channel-1,408375,30296727,30296740,13
channel-326,537862,30296750,30296756,6
channel-19774,345963,30296761,30296772,11
channel-122,668017,30296775,30296781,6
channel-199,132730,30296799,30296809,10
channel-326,537863,30296803,30296809,6
channel-94814,3763,30296810,30296819,9
channel-208,1490163,30296814,30296826,12
channel-326,537864,30296836,30296846,10
channel-6994,1324558,30296836,30296848,12
channel-750,682748,30296837,30296842,5
channel-326,537865,30296843,30296852,9
channel-208,1490164,30296843,30296852,9
channel-0,4038491,30296845,30296855,10
channel-0,4038492,30296846,30296855,9
channel-208,1490165,30296850,30296860,10
channel-6994,1324559,30296865,30296874,9
channel-6994,1324560,30296876,30296903,27
channel-6994,1324561,30296878,30296887,9
channel-85077,60112,30296880,30296895,15
channel-115,20395,30296881,30296888,7
channel-6994,1324562,30296883,30296892,9
channel-251,85229,30296884,30296894,10
channel-326,537866,30296885,30296893,8
channel-208,1490166,30296886,30296896,10
channel-208,1490167,30296891,30296900,9
channel-750,682749,30296893,30296905,12
channel-326,537867,30296896,30296903,7
channel-188,190570,30296899,30296932,33
channel-1,408376,30296902,30296921,19
channel-85077,60113,30296908,30296916,8
channel-208,1490168,30296909,30296918,9
channel-326,537868,30296910,30296915,5
channel-251,85230,30296910,30296922,12
channel-88,467113,30296915,30296929,14
channel-750,682750,30296916,30296924,8
channel-208,1490169,30296921,30296932,11
channel-750,682751,30296923,30296940,17
channel-208,1490170,30296924,30296932,8
channel-0,4038493,30296925,30296946,21
channel-188,190571,30296925,30296959,34
channel-326,537869,30296935,30296943,8
channel-750,682752,30296936,30296942,6
channel-188,190572,30296941,30296961,20
channel-6787,166704,30296948,30296953,5
channel-326,537870,30296948,30296956,8
channel-208,1490171,30296959,30296969,10
channel-0,4038494,30296964,30296972,8
channel-188,190573,30296966,30297015,49
channel-326,537871,30296967,30296973,6
channel-188,190574,30296970,30297015,45
channel-251,85231,30296971,30296982,11
channel-6787,166705,30296971,30296975,4
channel-326,537872,30296977,30296983,6
channel-6994,1324563,30296978,30296990,12
channel-874,293085,30296987,30296997,10
channel-326,537873,30296987,30296995,8
channel-208,1490172,30296990,30297001,11
channel-251,85232,30296998,30297007,9
channel-326,537874,30296999,30297008,9
channel-208,1490173,30297001,30297010,9
channel-6994,1324564,30297004,30297014,10
channel-98451,39,30297006,30297020,14
channel-42,1490002,30297010,30297019,9
channel-188,190575,30297012,30297045,33
channel-199,132731,30297015,30297027,12
channel-326,537875,30297020,30297025,5
channel-750,682753,30297022,30297031,9
channel-85077,60114,30297030,30297048,18
channel-208,1490174,30297031,30297043,12
channel-85077,60115,30297042,30297073,31
channel-188,190576,30297043,30297072,29
channel-750,682754,30297044,30297048,4
channel-6994,1324565,30297050,30297060,10
channel-750,682755,30297058,30297063,5
channel-0,4038495,30297059,30297083,24
channel-208,1490175,30297062,30297070,8
channel-326,537876,30297066,30297073,7
channel-188,190577,30297068,30297085,17
channel-750,682756,30297072,30297077,5
channel-750,682757,30297073,30297077,4
channel-326,537877,30297075,30297083,8
channel-208,1490176,30297077,30297090,13
channel-85077,60116,30297078,30297087,9
channel-326,537878,30297088,30297097,9
channel-85077,60117,30297088,30297101,13
channel-874,293086,30297095,30297102,7
channel-750,682758,30297096,30297106,10
channel-0,4038496,30297096,30297105,9
channel-0,4038497,30297102,30297808,706
channel-122,668019,30297109,30297118,9
channel-326,537879,30297114,30297120,6
channel-0,4038498,30297119,30297128,9
channel-6994,1324566,30297121,30297159,38
channel-85077,60118,30297126,30297134,8
channel-750,682759,30297127,30297135,8
channel-0,4038499,30297127,30297138,11
channel-85077,60119,30297128,30297138,10
channel-85077,60120,30297128,30297138,10
channel-85077,60121,30297143,30297151,8
channel-0,4038500,30297146,30297155,9
channel-143,128352,30297150,30297229,79
channel-750,682760,30297153,30297164,11
channel-750,682761,30297155,30297160,5
channel-326,537880,30297156,30297159,3
channel-6994,1324567,30297159,30297173,14
channel-6994,1324568,30297159,30297173,14
channel-208,1490177,30297163,30297173,10
channel-6994,1324569,30297169,30297182,13
channel-326,537881,30297173,30297179,6
channel-750,682762,30297175,30297181,6
channel-122,668020,30297178,30297182,4
channel-6994,1324570,30297180,30297222,42
channel-85077,60122,30297187,30297198,11
channel-326,537882,30297194,30297228,34
channel-326,537883,30297199,30297207,8
channel-750,682763,30297202,30297211,9
channel-750,682764,30297210,30297226,16
channel-85791,3763,30297214,30297221,7
channel-0,4038501,30297221,30297229,8
channel-326,537884,30297227,30297233,6
channel-208,1490178,30297228,30297240,12
channel-0,4038502,30297230,30297239,9
channel-750,682765,30297236,30297241,5
channel-85791,3764,30297238,30297244,6
channel-6994,1324571,30297240,30297252,12
channel-6994,1324572,30297243,30297279,36
channel-326,537885,30297243,30297248,5
channel-19774,345964,30297244,30297259,15
channel-85791,3765,30297257,30297262,5
channel-0,4038503,30297263,30297270,7
channel-0,4038504,30297269,30297278,9
channel-85791,3766,30297276,30297281,5
channel-326,537886,30297290,30297297,7
channel-85791,3767,30297296,30297302,6
channel-6994,1324573,30297296,30297306,10
channel-874,293087,30297307,30297313,6
channel-6994,1324574,30297308,30297348,40
channel-95,331595,30297314,30297329,15
channel-326,537887,30297319,30297329,10
channel-19774,345965,30297321,30297335,14
channel-98451,40,30297333,30297344,11
channel-188,190578,30297335,30297355,20
channel-143,128353,30297336,30297374,38
channel-326,537888,30297340,30297347,7
channel-6994,1324575,30297347,30297356,9
channel-750,682766,30297348,30297353,5
channel-326,537889,30297355,30297362,7
channel-750,682767,30297366,30297370,4
channel-6994,1324576,30297367,30297414,47
channel-199,132732,30297377,30297385,8
channel-6994,1324577,30297377,30297388,11
channel-782,310199,30297390,30297396,6
channel-85077,60123,30297399,30297407,8
channel-326,537890,30297407,30297413,6
channel-143,128354,30297422,30297448,26
channel-6994,1324578,30297427,30297468,41
channel-326,537891,30297431,30297436,5
channel-0,4038505,30297437,30297449,12
channel-750,682768,30297445,30297456,11
channel-326,537892,30297461,30297473,12
channel-232,49198,30297463,30297475,12
channel-0,4038506,30297482,30297500,18
channel-326,537893,30297483,30297488,5
channel-208,1490179,30297486,30297493,7
channel-6994,1324579,30297491,30297530,39
channel-326,537894,30297495,30297503,8
channel-88,467114,30297495,30297512,17
channel-208,1490180,30297503,30297515,12
channel-1279,67127,30297525,30297558,33
channel-188,190579,30297537,30297557,20
channel-85077,60124,30297538,30297557,19
channel-412,64571,30297541,30297552,11
channel-0,4038507,30297551,30297564,13
channel-6994,1324580,30297555,30297589,34
channel-6994,1324581,30297564,30297571,7
channel-6994,1324582,30297570,30297580,10
channel-115,20396,30297572,30297585,13
channel-326,537895,30297574,30297579,5
channel-188,190580,30297585,30297604,19
channel-326,537896,30297589,30297594,5
channel-122,668023,30297592,30297597,5
channel-0,4038508,30297594,30297604,10
channel-122,668024,30297595,30297599,4
channel-6994,1324583,30297597,30297607,10
channel-326,537897,30297605,30297678,73
channel-199,132733,30297614,30297626,12
channel-6994,1324584,30297616,30297656,40
channel-326,537898,30297617,30297627,10
channel-0,4038509,30297618,30297808,190
channel-1575,15192,30297620,30297631,11
channel-750,682769,30297630,30297635,5
channel-750,682770,30297638,30297647,9
channel-188,190581,30297642,30297665,23
channel-326,537899,30297651,30297658,7
channel-750,682771,30297651,30297661,10
channel-326,537900,30297661,30297669,8
channel-326,537901,30297669,30297678,9
channel-6994,1324585,30297691,30297703,12
channel-326,537902,30297701,30297707,6
channel-326,537903,30297704,30297711,7
channel-767,14367,30297705,30297712,7
channel-122,668025,30297709,30297712,3
channel-0,4038510,30297718,30297727,9
channel-326,537904,30297722,30297761,39
channel-6994,1324586,30297725,30297734,9
channel-326,537905,30297725,30297734,9
channel-85077,60125,30297731,30297741,10
channel-750,682772,30297735,30297740,5
channel-85077,60126,30297737,30297747,10
channel-326,537906,30297750,30297754,4
channel-143,128355,30297754,30297767,13
channel-0,4038511,30297756,30297767,11
channel-750,682773,30297765,30297772,7
channel-326,537907,30297778,30297783,5
channel-88,467115,30297778,30297851,73
channel-326,537908,30297794,30297800,6
channel-750,682774,30297797,30297802,5
channel-208,1490181,30297803,30297813,10
channel-259,314295,30297803,30297809,6
channel-115,20397,30297814,30297828,14
channel-89298,18661,30297816,30297828,12
channel-0,4038512,30297816,30297822,6
channel-0,4038513,30297820,30297830,10
channel-216,94225,30297820,30297889,69
channel-208,1490182,30297820,30297830,10
channel-208,1490183,30297825,30297835,10
channel-750,682775,30297828,30297842,14
channel-1,408377,30297830,30297877,47
channel-326,537909,30297834,30297842,8
channel-326,537910,30297845,30297850,5
channel-0,4038514,30297851,30297858,7
channel-0,4038515,30297865,30297877,12
channel-6994,1324587,30297867,30297877,10
channel-326,537911,30297874,30297879,5
channel-326,537912,30297883,30297893,10
channel-0,4038516,30297892,30297902,10
channel-38946,124184,30297894,30297907,13
channel-0,4038517,30297896,30297903,7
channel-1,408378,30297922,30297932,10
channel-6994,1324588,30297922,30297931,9
channel-0,4038518,30297924,30297932,8
channel-85077,60127,30297926,30297940,14
channel-326,537913,30297930,30297936,6
channel-0,4038519,30297940,30297952,12
channel-122,668026,30297945,30297948,3
channel-0,4038520,30297945,30297957,12
channel-0,4038521,30297953,30297983,30
channel-216,94226,30297963,30298053,90
channel-0,4038522,30297965,30297977,12
channel-85077,60128,30297974,30297982,8
channel-326,537914,30297981,30297991,10
channel-122,668027,30297981,30297985,4
channel-208,1490184,30297983,30297994,11
channel-199,132734,30297983,30297995,12
channel-85077,60129,30297987,30297996,9
channel-1429,140720,30297992,30298002,10
channel-0,4038523,30298005,30298011,6
channel-326,537915,30298013,30298018,5
channel-750,682776,30298015,30298028,13
channel-326,537916,30298022,30298028,6
channel-6994,1324589,30298027,30298039,12
channel-6994,1324590,30298037,30298051,14
channel-6994,1324591,30298040,30298056,16
channel-85077,60130,30298048,30298058,10
channel-38946,124185,30298057,30298068,11
channel-0,4038524,30298064,30298075,11
channel-208,1490185,30298067,30298078,11
channel-326,537917,30298073,30298082,9
channel-750,682777,30298088,30298100,12
channel-143,128356,30298088,30298100,12
channel-122,668028,30298088,30298094,6
channel-0,4038525,30298092,30298101,9
channel-199,132735,30298095,30298103,8
channel-326,537918,30298100,30298105,5
channel-208,1490186,30298101,30298113,12
channel-199,132736,30298105,30298118,13
channel-874,293088,30298108,30298115,7
channel-0,4038526,30298108,30298117,9
channel-143,128357,30298114,30298234,120
channel-0,4038527,30298117,30298126,9
channel-326,537919,30298117,30298123,6
channel-0,4038528,30298119,30298130,11
channel-6994,1324592,30298119,30298129,10
channel-1,408379,30298121,30298138,17
channel-1,408380,30298125,30298138,13
channel-750,682778,30298126,30298135,9
channel-1,408381,30298128,30298138,10
channel-6787,166706,30298130,30298134,4
channel-1,408382,30298135,30298148,13
channel-6994,1324593,30298139,30298153,14
channel-750,682779,30298144,30298149,5
channel-0,4038529,30298150,30298162,12
channel-783,104240,30298151,30298158,7
channel-2694,3287,30298157,30298173,16
channel-326,537920,30298160,30298166,6
channel-750,682780,30298167,30298173,6
channel-6994,1324594,30298167,30298176,9
channel-199,132737,30298180,30298190,10
channel-216,94227,30298181,30298252,71
channel-326,537921,30298186,30298193,7
channel-216,94228,30298186,30298252,66
channel-750,682781,30298187,30298195,8
channel-750,682782,30298190,30298212,22
channel-750,682783,30298191,30298200,9
channel-750,682784,30298192,30298211,19
channel-0,4038530,30298198,30298211,13
channel-326,537922,30298200,30298206,6
channel-216,94229,30298202,30298310,108
channel-0,4038531,30298214,30298228,14
channel-750,682785,30298228,30298241,13
channel-0,4038532,30298231,30298243,12
channel-750,682786,30298240,30298251,11
channel-122,668029,30298243,30298247,4
channel-326,537923,30298247,30298252,5
channel-783,104241,30298253,30298262,9
channel-85077,60131,30298255,30298265,10
channel-85077,60132,30298257,30298271,14
channel-6994,1324595,30298259,30298269,10
channel-750,682787,30298260,30298265,5
channel-750,682788,30298264,30298276,12
channel-326,537924,30298272,30298277,5
channel-750,682789,30298278,30298289,11
channel-148,16088,30298288,30298296,8
channel-2694,3288,30298290,30298310,20
channel-208,1490187,30298290,30298302,12
channel-326,537925,30298294,30298300,6
channel-208,1490188,30298296,30298308,12
channel-79703,4446,30298297,30298312,15
channel-85077,60133,30298298,30298309,11
channel-0,4038533,30298303,30298329,26
channel-0,4038534,30298311,30298323,12
channel-0,4038535,30298324,30298333,9
channel-0,4038536,30298327,30298349,22
channel-208,1490189,30298328,30298339,11
channel-148,16089,30298330,30298337,7
channel-85077,60134,30298332,30298340,8
channel-750,682790,30298338,30298355,17
channel-326,537926,30298340,30298348,8
channel-783,104242,30298343,30298353,10
channel-750,682791,30298350,30298360,10
channel-750,682792,30298361,30298376,15
channel-750,682793,30298361,30298373,12
channel-326,537927,30298368,30298377,9
channel-750,682794,30298368,30298374,6
channel-75,845020,30298368,30298375,7
channel-0,4038537,30298368,30298381,13
channel-2694,3289,30298373,30298388,15
channel-750,682795,30298383,30298396,13
channel-85077,60135,30298384,30298399,15
channel-326,537928,30298387,30298393,6
channel-0,4038538,30298390,30298400,10
channel-750,682796,30298399,30298413,14
channel-115,20398,30298404,30298414,10
channel-750,682797,30298408,30298419,11
channel-6994,1324596,30298417,30298426,9
channel-326,537929,30298429,30298440,11
channel-208,1490190,30298434,30298442,8
channel-750,682798,30298436,30298445,9
channel-6994,1324597,30298449,30298459,10
channel-750,682799,30298459,30298470,11
channel-0,4038539,30298459,30298469,10
channel-85077,60136,30298460,30298470,10
channel-1429,140721,30298468,30298480,12
channel-2694,3290,30298469,30298489,20
channel-6994,1324598,30298473,30298500,27
channel-326,537930,30298478,30298485,7
channel-2188,43662,30298482,30298487,5
channel-85077,60137,30298484,30298493,9
channel-750,682800,30298484,30298488,4
channel-85077,60138,30298486,30298505,19
channel-326,537931,30298487,30298496,9
channel-326,537932,30298501,30298507,6
channel-85077,60139,30298502,30298511,9
channel-85077,60140,30298505,30298518,13
channel-750,682801,30298521,30298526,5
channel-750,682802,30298522,30298537,15
channel-85077,60141,30298523,30298532,9
channel-750,682803,30298524,30298537,13
channel-75755,5542,30298525,30298536,11
channel-326,537933,30298526,30298531,5
channel-750,682804,30298535,30298554,19
channel-6994,1324599,30298540,30298568,28
channel-750,682805,30298542,30298553,11
channel-326,537934,30298557,30298563,6
channel-85077,60142,30298558,30298568,10
channel-8945,17749,30298560,30298570,10
channel-326,537935,30298566,30298575,9
channel-91017,2838,30298566,30298973,407
channel-1,408383,30298568,30298625,57
channel-0,4038540,30298573,30298584,11
channel-6994,1324600,30298588,30298600,12
channel-2716,2665,30298591,30298657,66
channel-89321,19453,30298595,30298603,8
channel-0,4038541,30298604,30298634,30
channel-259,314296,30298606,30298613,7
channel-326,537936,30298608,30298613,5
channel-0,4038542,30298611,30298629,18
channel-85077,60143,30298612,30298621,9
channel-188,190582,30298613,30298638,25
channel-85077,60144,30298615,30298623,8
channel-0,4038543,30298617,30298629,12
channel-874,293089,30298617,30298624,7
channel-750,682806,30298619,30298636,17
channel-85077,60145,30298625,30298634,9
channel-85077,60146,30298626,30298640,14
channel-6994,1324601,30298628,30298640,12
channel-750,682807,30298630,30298642,12
channel-750,682808,30298635,30298646,11
channel-750,682809,30298637,30298650,13
channel-750,682810,30298637,30298642,5
channel-750,682811,30298641,30298651,10
channel-750,682812,30298642,30298655,13
channel-85077,60147,30298645,30298653,8
channel-208,1490191,30298649,30298659,10
channel-326,537937,30298649,30298655,6
channel-19774,345966,30298649,30298659,10
channel-208,1490192,30298652,30298662,10
channel-750,682813,30298660,30298667,7
channel-6994,1324602,30298660,30298667,7
channel-750,682814,30298662,30298675,13
channel-874,293090,30298662,30298670,8
channel-750,682815,30298665,30298678,13
channel-750,682816,30298665,30298677,12
channel-208,1490193,30298666,30298676,10
channel-750,682817,30298666,30298671,5
channel-750,682818,30298667,30298680,13
channel-259,314297,30298668,30298676,8
channel-750,682819,30298683,30298693,10
channel-208,1490194,30298687,30298697,10
channel-750,682820,30298687,30298699,12
channel-122,668030,30298691,30298695,4
channel-326,537938,30298692,30298699,7
channel-259,314298,30298694,30298701,7
channel-208,1490195,30298695,30298706,11
channel-208,1490196,30298697,30298706,9
channel-326,537939,30298701,30298709,8
channel-750,682821,30298706,30298715,9
channel-750,682822,30298706,30298716,10
channel-38946,124186,30298706,30298721,15
channel-208,1490197,30298706,30298717,11
channel-6994,1324603,30298711,30298743,32
channel-874,293091,30298717,30298723,6
channel-750,682823,30298717,30298735,18
channel-208,1490198,30298726,30298736,10
channel-750,682824,30298726,30298738,12
channel-2694,3291,30298728,30298743,15
channel-6994,1324604,30298729,30298743,14
channel-750,682825,30298733,30298742,9
channel-208,1490199,30298739,30298749,10
channel-326,537940,30298743,30298748,5
channel-750,682826,30298746,30298749,3
channel-85077,60148,30298748,30298761,13
channel-85077,60149,30298751,30298784,33
channel-122,668031,30298753,30298762,9
channel-874,293092,30298755,30298762,7
channel-750,682827,30298760,30298769,9
channel-89298,18662,30298761,30298770,9
channel-204,670802,30298764,30298770,6
channel-750,682828,30298767,30298776,9
channel-326,537941,30298768,30298773,5
channel-750,682829,30298768,30298784,16
channel-750,682830,30298770,30298784,14
channel-0,4038544,30298771,30298795,24
channel-188,190583,30298771,30298813,42
channel-750,682831,30298773,30298788,15
channel-0,4038545,30298775,30298784,9
channel-326,537942,30298778,30298784,6
channel-750,682832,30298778,30298784,6
channel-750,682833,30298779,30298784,5
channel-42,1490003,30298784,30298792,8
channel-208,1490200,30298784,30298795,11
channel-750,682834,30298784,30298790,6
channel-326,537943,30298786,30298797,11
channel-1,408384,30298786,30298821,35
channel-85077,60150,30298793,30298800,7
channel-783,104243,30298794,30298799,5
channel-208,1490201,30298794,30298803,9
channel-208,1490202,30298795,30298803,8
channel-2188,43663,30298799,30298804,5
channel-85077,60151,30298800,30298811,11
channel-208,1490203,30298801,30298813,12
channel-750,682835,30298802,30298813,11
channel-750,682836,30298806,30298826,20
channel-122,668032,30298810,30298820,10
channel-750,682837,30298815,30298819,4
channel-0,4038546,30298816,30298822,6
channel-326,537944,30298819,30298827,8
channel-750,682838,30298819,30298823,4
channel-874,293093,30298823,30298829,6
channel-208,1490204,30298826,30298833,7
channel-2694,3292,30298829,30298849,20
channel-750,682839,30298829,30298843,14
channel-0,4038547,30298829,30298840,11
channel-874,293094,30298830,30298836,6
channel-874,293095,30298837,30298841,4
channel-6994,1324605,30298839,30298870,31
channel-88,467116,30298841,30298855,14
channel-6994,1324606,30298842,30298854,12
channel-38946,124187,30298845,30298857,12
channel-750,682840,30298847,30298856,9
channel-0,4038548,30298852,30298864,12
channel-750,682841,30298853,30298857,4
channel-259,314299,30298855,30298861,6
channel-146,20031,30298858,30298879,21
channel-326,537945,30298865,30298875,10
channel-115,20399,30298865,30298877,12
channel-750,682842,30298871,30298875,4
channel-0,4038549,30298872,30298881,9
channel-750,682843,30298872,30298882,10
channel-783,104244,30298874,30298880,6
channel-1,408385,30298874,30298915,41
channel-6994,1324607,30298879,30298903,24
channel-0,4038550,30298879,30298891,12
channel-6994,1324608,30298880,30298891,11
channel-122,668033,30298882,30298886,4
channel-320,119198,30298884,30298910,26
channel-0,4038551,30298886,30298893,7
channel-1,408386,30298891,30298920,29
channel-0,4038552,30298893,30298903,10
channel-326,537946,30298895,30298903,8
channel-208,1490205,30298897,30298907,10
channel-208,1490206,30298897,30298907,10
channel-6994,1324609,30298898,30298908,10
channel-229,55026,30298901,30298911,10
channel-0,4038553,30298903,30298915,12
channel-326,537947,30298907,30298917,10
channel-750,682844,30298908,30298912,4
channel-204,670803,30298911,30298920,9
channel-38946,124188,30298911,30298931,20
channel-85077,60152,30298914,30298921,7
channel-874,293096,30298919,30298924,5
channel-42,1490004,30298919,30298924,5
channel-85077,60153,30298920,30298930,10
channel-208,1490207,30298920,30298929,9
channel-143,128358,30298922,30298933,11
channel-750,682845,30298924,30298929,5
channel-259,314300,30298924,30298929,5
channel-874,293097,30298925,30298930,5
channel-6994,1324610,30298926,30298936,10
channel-91017,2839,30298929,30298945,16
channel-1429,140722,30298934,30298942,8
channel-2694,3293,30298934,30298951,17
channel-0,4038554,30298935,30298958,23
channel-208,1490208,30298936,30298947,11
channel-0,4038555,30298938,30298958,20
channel-216,94230,30298939,30299012,73
channel-0,4038556,30298943,30298951,8
channel-94814,3764,30298944,30298956,12
channel-874,293098,30298945,30298954,9
channel-326,537948,30298947,30298954,7
channel-148,16090,30298960,30298968,8
channel-208,1490209,30298963,30298972,9
channel-208,1490210,30298967,30298977,10
channel-208,1490211,30298968,30298977,9
channel-143,128359,30298969,30298994,25
channel-143,128360,30298972,30298985,13
channel-143,128361,30298974,30298985,11
channel-6994,1324611,30298982,30298991,9
channel-208,1490212,30298982,30298988,6
channel-326,537949,30298985,30298989,4
channel-874,293099,30298986,30298991,5
channel-0,4038557,30298991,30298998,7
channel-208,1490213,30298995,30299004,9
channel-326,537950,30298995,30299000,5
channel-0,4038558,30298998,30299007,9
channel-0,4038559,30298998,30299018,20
channel-143,128362,30299001,30299015,14
channel-750,682846,30299006,30299019,13
channel-0,4038560,30299007,30299018,11
channel-326,537951,30299007,30299013,6
channel-94814,3765,30299007,30299019,12
channel-6994,1324612,30299010,30299023,13
channel-0,4038561,30299021,30299031,10
channel-6994,1324613,30299023,30299036,13
channel-326,537952,30299023,30299032,9
channel-20082,9880,30299023,30299035,12
channel-6994,1324614,30299023,30299036,13
channel-259,314301,30299023,30299030,7
channel-0,4038562,30299023,30299035,12
channel-326,537953,30299034,30299043,9
channel-259,314302,30299035,30299041,6
channel-874,293100,30299039,30299051,12
channel-85077,60154,30299048,30299057,9
channel-0,4038563,30299051,30299072,21
channel-0,4038564,30299052,30299072,20
channel-326,537954,30299053,30299062,9
channel-1,408387,30299069,30299085,16
channel-326,537955,30299070,30299080,10
channel-2694,3294,30299070,30299094,24
channel-326,537956,30299072,30299080,8
channel-1,408388,30299073,30299085,12
channel-208,1490214,30299082,30299090,8
channel-750,682847,30299086,30299101,15
channel-6994,1324615,30299105,30299119,14
channel-326,537957,30299118,30299124,6
channel-88,467117,30299122,30299136,14
channel-0,4038565,30299123,30299148,25
channel-326,537958,30299128,30299137,9
channel-326,537959,30299139,30299145,6
channel-0,4038566,30299152,30299160,8
channel-208,1490215,30299153,30299159,6
channel-0,4038567,30299158,30299170,12
channel-6994,1324616,30299158,30299168,10
channel-326,537960,30299163,30299168,5
channel-0,4038568,30299175,30299194,19
channel-750,682848,30299183,30299207,24
channel-326,537961,30299184,30299190,6
channel-251,85233,30299185,30299194,9
channel-0,4038569,30299188,30299200,12
channel-208,1490216,30299190,30299202,12
channel-750,682849,30299191,30299195,4
channel-326,537962,30299207,30299213,6
channel-0,4038570,30299208,30299217,9
channel-326,537963,30299215,30299222,7
channel-2694,3295,30299222,30299237,15
channel-6994,1324617,30299222,30299232,10
channel-0,4038571,30299238,30299247,9
channel-0,4038572,30299249,30299257,8
channel-326,537964,30299254,30299265,11
channel-750,682850,30299258,30299276,18
channel-0,4038573,30299260,30299269,9
channel-2188,43664,30299265,30299270,5
channel-874,293101,30299270,30299275,5
channel-874,293102,30299274,30299294,20
channel-750,682851,30299291,30299316,25
channel-208,1490217,30299296,30299306,10
channel-326,537965,30299299,30299304,5
channel-783,104245,30299311,30299318,7
channel-320,119199,30299320,30299343,23
channel-5,184294,30299328,30299338,10
channel-0,4038574,30299336,30299348,12
channel-2694,3296,30299343,30299370,27
channel-326,537966,30299344,30299352,8
channel-750,682852,30299346,30299368,22
channel-72,516422,30299370,30299392,22
channel-750,682853,30299372,30299379,7
channel-5,184295,30299372,30299382,10
channel-6994,1324618,30299373,30299382,9
channel-6994,1324619,30299383,30299389,6
channel-0,4038575,30299386,30299402,16
channel-326,537967,30299388,30299394,6
channel-259,314303,30299388,30299396,8
channel-750,682854,30299389,30299399,10
channel-2188,43665,30299394,30299399,5
channel-188,190584,30299394,30299409,15
channel-326,537968,30299396,30299405,9
channel-1429,140723,30299397,30299408,11
channel-208,1490218,30299398,30299410,12
channel-85077,60155,30299398,30299406,8
channel-326,537969,30299407,30299413,6
channel-326,537970,30299408,30299432,24
channel-1279,67128,30299412,30299429,17
channel-259,314304,30299415,30299421,6
channel-204,670804,30299417,30299426,9
channel-326,537971,30299423,30299432,9
channel-326,537972,30299423,30299432,9
channel-326,537973,30299423,30299432,9
channel-326,537974,30299423,30299432,9
channel-326,537975,30299423,30299432,9
channel-326,537976,30299425,30299432,7
channel-2188,43666,30299426,30299430,4
channel-259,314305,30299426,30299431,5
channel-208,1490219,30299432,30299443,11
channel-169,117525,30299433,30299459,26
channel-0,4038576,30299433,30299457,24
channel-21113,25331,30299433,30299440,7
channel-874,293103,30299439,30299444,5
channel-0,4038577,30299441,30299472,31
channel-2188,43667,30299446,30299452,6
channel-750,682855,30299446,30299459,13
channel-750,682856,30299448,30299453,5
channel-1,408389,30299449,30299462,13
channel-259,314306,30299450,30299457,7
channel-1429,140724,30299453,30299462,9
channel-874,293104,30299455,30299472,17
channel-91017,2840,30299463,30299476,13
channel-4,166958,30299463,30299498,35
channel-874,293105,30299464,30299474,10
channel-874,293106,30299468,30299474,6
channel-143,128363,30299469,30299488,19
channel-326,537977,30299473,30299480,7
channel-2188,43668,30299475,30299480,5
channel-0,4038578,30299475,30299485,10
channel-208,1490220,30299476,30299486,10
channel-85077,60156,30299478,30299485,7
channel-0,4038579,30299484,30299490,6
channel-1429,140725,30299488,30299496,8
channel-42,1490005,30299488,30299708,220
channel-0,4038580,30299489,30299497,8
channel-750,682857,30299490,30299502,12
channel-208,1490221,30299490,30299500,10
channel-874,293107,30299491,30299498,7
channel-874,293108,30299492,30299498,6
channel-143,128364,30299494,30299498,4
channel-6994,1324620,30299494,30299498,4
channel-2188,43669,30299497,30299502,5
channel-874,293109,30299497,30299502,5
channel-1,408390,30299497,30299540,43
channel-0,4038581,30299497,30299522,25
channel-6994,1324621,30299498,30299508,10
channel-2694,3297,30299498,30299508,10
channel-208,1490222,30299498,30299510,12
channel-750,682858,30299499,30299504,5
channel-208,1490223,30299500,30299510,10
channel-6994,1324622,30299501,30299512,11
channel-0,4038582,30299501,30299531,30
channel-326,537978,30299502,30299507,5
channel-42,1490006,30299506,30299516,10
channel-85077,60157,30299506,30299516,10
channel-85077,60158,30299506,30299516,10
channel-6787,166707,30299507,30299511,4
channel-1279,67129,30299508,30299549,41
channel-75,845021,30299510,30299518,8
channel-412,64572,30299511,30299522,11
channel-0,4038583,30299512,30299531,19
channel-0,4038584,30299512,30299588,76
channel-326,537979,30299512,30299520,8
channel-2188,43670,30299519,30299523,4
channel-642,126506,30299519,30299534,15
channel-341,3389,30299521,30299534,13
channel-2188,43671,30299522,30299526,4
channel-75,845022,30299527,30299549,22
channel-208,1490224,30299530,30299541,11
channel-750,682859,30299534,30299539,5
channel-2,130630,30299538,30299549,11
channel-42,1490007,30299540,30299552,12
channel-0,4038585,30299540,30299567,27
channel-85077,60159,30299541,30299551,10
channel-6994,1324623,30299541,30299563,22
channel-326,537980,30299549,30299556,7
channel-143,128365,30299549,30299557,8
channel-0,4038586,30299551,30299562,11
channel-181,13590,30299552,30299560,8
channel-259,314307,30299554,30299560,6
channel-2188,43672,30299555,30299559,4
channel-0,4038587,30299558,30299567,9
channel-91017,2841,30299560,30299592,32
channel-0,4038588,30299561,30299577,16
channel-874,293110,30299561,30299569,8
channel-85077,60160,30299565,30299572,7
channel-259,314308,30299568,30299573,5
channel-4,166959,30299571,30299600,29
channel-42,1490008,30299572,30299587,15
channel-2188,43673,30299576,30299582,6
channel-259,314309,30299577,30299583,6
channel-412,64573,30299580,30299589,9
channel-208,1490225,30299581,30299594,13
channel-2,130631,30299583,30299595,12
channel-188,190585,30299586,30299613,27
channel-144,86687,30299586,30299597,11
channel-326,537981,30299587,30299594,7
channel-85077,60161,30299587,30299599,12
channel-874,293111,30299593,30299599,6
channel-143,128366,30299598,30299607,9
channel-85077,60162,30299599,30299608,9
channel-2694,3298,30299599,30299616,17
channel-88,467118,30299601,30299634,33
channel-2188,43674,30299604,30299608,4
channel-341,3390,30299605,30299613,8
channel-4,166960,30299608,30299635,27
channel-0,4038589,30299608,30299618,10
channel-85077,60163,30299611,30299622,11
channel-2,130632,30299612,30299624,12
channel-320,119200,30299613,30299623,10
channel-0,4038590,30299614,30299641,27
channel-0,4038591,30299614,30299623,9
channel-412,64574,30299614,30299625,11
channel-91017,2842,30299614,30299626,12
channel-0,4038592,30299617,30299641,24
channel-85077,60164,30299617,30299628,11
channel-77,50264,30299618,30299627,9
channel-750,682860,30299620,30299626,6
channel-85077,60165,30299623,30299630,7
channel-0,4038593,30299624,30299641,17
channel-2188,43675,30299626,30299631,5
channel-750,682861,30299628,30299633,5
channel-4,166961,30299630,30299674,44
channel-0,4038594,30299630,30299641,11
channel-85077,60166,30299631,30299651,20
channel-85077,60167,30299635,30299645,10
channel-91017,2843,30299636,30299651,15
channel-0,4038595,30299637,30299647,10
channel-4,166962,30299639,30299687,48
channel-1,408391,30299641,30299674,33
channel-874,293112,30299643,30299649,6
channel-0,4038596,30299647,30299659,12
channel-874,293113,30299649,30299653,4
channel-412,64575,30299650,30299658,8
channel-2188,43676,30299653,30299658,5
channel-750,682862,30299655,30299664,9
channel-208,1490226,30299655,30299663,8
channel-22172,2617,30299656,30299665,9
channel-208,1490227,30299658,30299667,9
channel-0,4038597,30299658,30299667,9
channel-0,4038598,30299658,30299681,23
channel-85077,60168,30299658,30299667,9
channel-19774,345967,30299659,30299668,9
channel-208,1490228,30299660,30299672,12
channel-750,682863,30299660,30299667,7
channel-19774,345968,30299661,30299673,12
channel-85077,60169,30299661,30299669,8
channel-85077,60170,30299662,30299680,18
channel-85077,60171,30299663,30299672,9
channel-0,4038599,30299663,30299672,9
channel-326,537982,30299666,30299672,6
channel-0,4038600,30299666,30299677,11
channel-42,1490009,30299668,30299678,10
channel-38946,124189,30299668,30299676,8
channel-259,314310,30299668,30299674,6
channel-0,4038601,30299670,30299698,28
channel-412,64576,30299675,30299687,12
channel-2188,43677,30299676,30299681,5
channel-208,1490229,30299676,30299686,10
channel-21113,25332,30299677,30299685,8
channel-208,1490230,30299686,30299698,12
channel-85077,60172,30299694,30299710,16
channel-874,293114,30299695,30299710,15
channel-42,1490010,30299696,30299713,17
channel-341,3391,30299698,30299713,15
channel-251,85234,30299698,30299708,10
channel-412,64577,30299702,30299711,9
channel-874,293115,30299702,30299708,6
channel-85077,60173,30299702,30299725,23
channel-750,682864,30299703,30299713,10
channel-229,55027,30299704,30299713,9
channel-115,20400,30299705,30299713,8
channel-85077,60174,30299705,30299713,8
channel-412,64578,30299706,30299713,7
channel-259,314311,30299706,30299713,7
channel-0,4038602,30299708,30299732,24
channel-642,126507,30299708,30299732,24
channel-42,1490011,30299708,30299713,5
channel-73,51337,30299708,30299714,6
channel-148,16091,30299708,30299713,5
channel-19774,345969,30299709,30299722,13
channel-85077,60175,30299709,30299715,6
channel-874,293116,30299711,30299722,11
channel-85077,60176,30299713,30299724,11
channel-4,166963,30299713,30299763,50
channel-91017,2844,30299713,30299729,16
channel-642,126508,30299713,30299729,16
channel-259,314312,30299714,30299722,8
channel-85077,60177,30299716,30299725,9
channel-143,128367,30299717,30299811,94
channel-0,4038603,30299717,30299742,25
channel-208,1490231,30299717,30299727,10
channel-42,1490012,30299722,30299767,45
channel-42,1490013,30299722,30299767,45
channel-874,293117,30299727,30299747,20
channel-208,1490232,30299727,30299737,10
channel-412,64579,30299730,30299738,8
channel-208,1490233,30299731,30299742,11
channel-87,182902,30299733,30299809,76
channel-4,166964,30299735,30299808,73
channel-199,132738,30299740,30299749,9
channel-143,128368,30299742,30299752,10
channel-0,4038604,30299742,30299750,8
channel-326,537983,30299745,30299750,5
channel-0,4038605,30299748,30299760,12
channel-208,1490234,30299751,30299763,12
channel-326,537984,30299753,30299763,10
channel-88,467119,30299753,30299791,38
channel-85077,60178,30299763,30299774,11
channel-143,128369,30299766,30299780,14
channel-1279,67130,30299766,30299783,17
channel-88,467120,30299772,30299786,14
channel-91017,2845,30299774,30299788,14
channel-75,845023,30299775,30299783,8
channel-0,4038606,30299776,30299785,9
channel-188,190586,30299778,30299813,35
channel-208,1490235,30299780,30299791,11
channel-1429,140726,30299783,30299796,13
channel-326,537985,30299783,30299794,11
channel-144,86688,30299783,30299796,13
channel-85077,60179,30299787,30299801,14
channel-259,314313,30299791,30299797,6
channel-77,50265,30299794,30299808,14
channel-4,166965,30299795,30299845,50
channel-146,20032,30299796,30299820,24
channel-6994,1324624,30299803,30299814,11
channel-91017,2846,30299807,30299817,10
channel-85077,60180,30299808,30299818,10
channel-412,64580,30299811,30299821,10
channel-85077,60181,30299816,30299822,6
channel-85077,60182,30299817,30299823,6
channel-642,126509,30299820,30299829,9
channel-208,1490236,30299822,30299832,10
channel-2694,3299,30299824,30299843,19
channel-75,845024,30299826,30299842,16
channel-1,408392,30299829,30299881,52
channel-5,184296,30299830,30299837,7
channel-85077,60183,30299836,30299844,8
channel-85077,60184,30299838,30299847,9
channel-259,314314,30299839,30299844,5
channel-208,1490237,30299842,30299853,11
channel-6994,1324625,30299843,30299869,26
channel-184,137416,30299844,30299855,11
channel-2,130633,30299863,30299871,8
channel-85077,60185,30299863,30299869,6
channel-1,408393,30299865,30299881,16
channel-208,1490238,30299866,30299873,7
channel-0,4038607,30299869,30299880,11
channel-6994,1324626,30299869,30299907,38
channel-208,1490239,30299869,30299882,13
channel-326,537986,30299870,30299878,8
channel-326,537987,30299886,30299891,5
channel-2188,43678,30299889,30299893,4
channel-6994,1324627,30299891,30299916,25
channel-85077,60186,30299892,30299902,10
channel-6994,1324628,30299893,30299907,14
channel-6994,1324629,30299895,30299907,12
channel-85077,60187,30299897,30299910,13
channel-208,1490240,30299902,30299913,11
channel-85077,60188,30299906,30299916,10
channel-2188,43679,30299913,30299916,3
channel-89298,18663,30299917,30299928,11
channel-85077,60189,30299920,30299930,10
channel-0,4038608,30299930,30299941,11
channel-6994,1324630,30299934,30299981,47
channel-115,20401,30299936,30299945,9
channel-2188,43680,30299938,30299943,5
channel-85077,60190,30299942,30299951,9
channel-0,4038609,30299943,30299956,13
channel-6994,1324631,30299945,30299966,21
channel-85077,60191,30299945,30299955,10
channel-326,537988,30299955,30299967,12
channel-2188,43681,30299962,30299966,4
channel-874,293118,30299964,30299970,6
channel-326,537989,30299965,30299970,5
channel-0,4038610,30299982,30300000,18
channel-85077,60192,30299985,30299996,11
channel-2188,43682,30299990,30299996,6
channel-91017,2847,30299991,30300002,11
channel-85077,60193,30299997,30300007,10
channel-6994,1324632,30300003,30300048,45
channel-85077,60194,30300003,30300013,10
channel-85077,60195,30300004,30300020,16
channel-2188,43683,30300011,30300016,5
channel-326,537990,30300011,30300019,8
channel-85077,60196,30300013,30300023,10
channel-259,314315,30300021,30300028,7
channel-85077,60197,30300026,30300043,17
channel-85077,60198,30300027,30300043,16
channel-85077,60199,30300029,30300040,11
channel-208,1490241,30300029,30300040,11
channel-259,314316,30300029,30300035,6
channel-326,537991,30300047,30300057,10
channel-85077,60200,30300053,30300063,10
channel-6994,1324633,30300062,30300107,45
channel-85077,60201,30300064,30300078,14
channel-874,293119,30300068,30300074,6
channel-115,20402,30300081,30300091,10
channel-208,1490242,30300083,30300092,9
channel-1,408394,30300088,30300110,22
channel-2188,43684,30300092,30300096,4
channel-38946,124190,30300101,30300112,11
channel-85077,60202,30300101,30300111,10
channel-85077,60203,30300107,30300117,10
channel-144,86689,30300109,30300126,17
channel-85077,60204,30300110,30300121,11
channel-8,43459,30300114,30300134,20
channel-85077,60205,30300116,30300126,10
channel-6994,1324634,30300121,30300159,38
channel-0,4038611,30300127,30300139,12
channel-79703,4447,30300127,30300141,14
channel-85077,60206,30300152,30300161,9
channel-874,293120,30300152,30300159,7
channel-85077,60207,30300161,30300172,11
channel-85077,60208,30300163,30300178,15
channel-208,1490243,30300165,30300176,11
channel-85077,60209,30300173,30300181,8
channel-91017,2848,30300174,30300187,13
channel-326,537992,30300190,30300196,6
channel-6994,1324635,30300197,30300208,11
channel-0,4038612,30300197,30300210,13
channel-208,1490244,30300200,30300211,11
channel-208,1490245,30300212,30300221,9
channel-326,537993,30300216,30300224,8
channel-782,310200,30300221,30300226,5
channel-6994,1324636,30300225,30300271,46
channel-326,537994,30300241,30300246,5
channel-208,1490246,30300250,30300259,9
channel-85077,60210,30300253,30300261,8
channel-874,293121,30300253,30300267,14
channel-208,1490247,30300254,30300261,7
channel-874,293122,30300261,30300265,4
channel-0,4038613,30300261,30300267,6
channel-0,4038614,30300262,30300267,5
channel-6994,1324637,30300264,30300288,24
channel-782,310201,30300264,30300267,3
channel-1,408395,30300273,30300297,24
channel-88,467121,30300281,30300296,15
channel-0,4038615,30300289,30300299,10
channel-122,668034,30300295,30300301,6
channel-85077,60211,30300304,30300311,7
channel-326,537995,30300325,30300335,10
channel-750,682865,30300328,30300351,23
channel-85077,60212,30300361,30300371,10
channel-208,1490248,30300361,30300372,11
channel-0,4038616,30300368,30300379,11
channel-6994,1324638,30300375,30300384,9
channel-208,1490249,30300378,30300388,10
channel-6994,1324639,30300384,30300396,12
channel-6994,1324640,30300417,30300430,13
channel-326,537996,30300419,30300429,10
channel-6994,1324641,30300429,30300476,47
channel-115,20403,30300429,30300436,7
channel-72,516423,30300430,30300470,40
channel-6994,1324642,30300431,30300459,28
channel-6994,1324643,30300442,30300454,12
channel-216,94232,30300449,30300515,66
channel-19774,345970,30300456,30300467,11
channel-6994,1324644,30300469,30300497,28
channel-326,537997,30300470,30300480,10
channel-122,668035,30300474,30300529,55
channel-19774,345971,30300475,30300486,11
channel-88,467122,30300475,30300490,15
channel-82,18955,30300478,30300496,18
channel-750,682866,30300480,30300780,300
channel-216,94233,30300492,30300570,78
channel-6994,1324645,30300495,30300534,39
channel-412,64581,30300521,30300535,14
channel-94814,3766,30300525,30300535,10
channel-874,293123,30300526,30300533,7
channel-0,4038617,30300551,30300560,9
channel-0,4038618,30300552,30300565,13
channel-6994,1324646,30300554,30300594,40
channel-326,537998,30300554,30300560,6
channel-19774,345972,30300568,30300578,10
channel-2188,43685,30300572,30300577,5
channel-6994,1324647,30300579,30300589,10
channel-6994,1324648,30300582,30300610,28
channel-6994,1324649,30300610,30300625,15
channel-0,4038619,30300610,30300623,13
channel-85077,60213,30300616,30300629,13
channel-6994,1324650,30300617,30300659,42
channel-85077,60214,30300618,30300629,11
channel-6994,1324651,30300618,30300631,13
channel-122,668036,30300623,30300628,5
channel-85077,60215,30300625,30300634,9
channel-85077,60216,30300633,30300642,9
channel-326,537999,30300643,30300653,10
channel-89298,18664,30300652,30300662,10
channel-750,682867,30300654,30300659,5
channel-326,538000,30300659,30300669,10
channel-0,4038620,30300666,30300674,8
channel-6994,1324652,30300688,30300727,39
channel-38946,124191,30300690,30300701,11
channel-0,4038621,30300691,30300698,7
channel-326,538001,30300691,30300699,8
channel-320,119201,30300699,30300713,14
channel-326,538002,30300706,30300712,6
channel-6994,1324653,30300743,30300781,38
channel-199,132739,30300752,30300762,10
channel-750,682868,30300756,30300771,15
channel-208,1490250,30300756,30300767,11
channel-2494,31935,30300762,30300775,13
channel-326,538003,30300786,30300795,9
channel-75,845025,30300791,30300798,7
channel-0,4038622,30300802,30300813,11
channel-6994,1324654,30300806,30300845,39
channel-326,538004,30300822,30300830,8
channel-750,682869,30300822,30300826,4
channel-2188,43686,30300826,30300831,5
channel-188,190587,30300830,30300840,10
channel-783,104246,30300846,30300851,5
channel-750,682870,30300856,30300862,6
channel-6994,1324655,30300861,30300884,23
channel-326,538005,30300866,30300873,7
channel-6994,1324656,30300870,30300913,43
channel-208,1490251,30300871,30300881,10
channel-767,14368,30300871,30300879,8
channel-783,104247,30300873,30300880,7
channel-85077,60217,30300874,30300882,8
channel-326,538006,30300877,30300882,5
channel-91017,2849,30300883,30300903,20
channel-6994,1324657,30300889,30300901,12
channel-208,1490252,30300893,30300905,12
channel-72,516424,30300897,30300947,50
channel-326,538007,30300901,30300906,5
channel-326,538008,30300902,30300906,4
channel-0,4038623,30300905,30300922,17
channel-0,4038624,30300907,30300922,15
channel-767,14369,30300907,30300920,13
channel-6994,1324658,30300908,30300923,15
channel-326,538009,30300914,30300920,6
channel-6994,1324659,30300924,30300937,13
channel-6994,1324660,30300932,30300965,33
channel-0,4038625,30300932,30300940,8
channel-0,4038626,30300939,30300947,8
channel-750,682871,30300954,30300958,4
channel-0,4038627,30300958,30300967,9
channel-38946,124192,30300967,30301006,39
channel-750,682872,30300970,30300975,5
channel-6994,1324661,30300992,30301035,43
channel-76971,12242,30300992,30301022,30
channel-89298,18665,30300996,30301006,10
channel-85077,60218,30301006,30301018,12
channel-326,538010,30301009,30301015,6
channel-326,538011,30301027,30301040,13
channel-1,408396,30301028,30301036,8
channel-0,4038628,30301030,30301039,9
channel-688,33510,30301036,30301044,8
channel-2188,43687,30301038,30301041,3
channel-232,49199,30301039,30301061,22
channel-42,1490014,30301042,30301048,6
channel-75,845026,30301047,30301056,9
channel-326,538012,30301057,30301063,6
channel-1429,140727,30301076,30301089,13
channel-122,668037,30301086,30301090,4
channel-2,130634,30301088,30301097,9
channel-326,538013,30301099,30301102,3
channel-326,538014,30301108,30301118,10
channel-75,845027,30301116,30301123,7
channel-208,1490253,30301128,30301138,10
channel-326,538015,30301142,30301147,5
channel-2186,40784,30301171,30301184,13
channel-326,538016,30301178,30301183,5
channel-874,293124,30301189,30301197,8
channel-208,1490254,30301192,30301204,12
channel-326,538017,30301196,30301205,9
channel-216,94234,30301204,30301362,158
channel-75,845028,30301206,30301214,8
channel-6994,1324662,30301211,30301224,13
channel-750,682873,30301223,30301233,10
channel-1,408397,30301228,30301239,11
channel-2,130635,30301232,30301248,16
channel-115,20404,30301238,30301250,12
channel-750,682874,30301239,30301252,13
channel-326,538018,30301239,30301247,8
channel-89298,18666,30301240,30301248,8
channel-6994,1324663,30301244,30301253,9
channel-88,467123,30301256,30301267,11
channel-0,4038629,30301257,30301285,28
channel-6787,166709,30301259,30301263,4
channel-326,538019,30301289,30301296,7
channel-2,130636,30301295,30301309,14
channel-85077,60219,30301313,30301336,23
channel-326,538020,30301329,30301338,9
channel-85077,60220,30301336,30301346,10
channel-750,682875,30301345,30301362,17
channel-6787,166710,30301350,30301354,4
channel-874,293125,30301356,30301361,5
channel-122,668038,30301359,30301362,3
channel-326,538021,30301372,30301378,6
channel-326,538022,30301387,30301393,6
channel-750,682876,30301387,30301392,5
channel-208,1490255,30301392,30301404,12
channel-2,130637,30301401,30301414,13
channel-6994,1324664,30301406,30301419,13
channel-122,668039,30301408,30301412,4
channel-326,538023,30301425,30301431,6
channel-320,119202,30301425,30301434,9
channel-0,4038630,30301432,30301441,9
channel-412,64582,30301444,30301455,11
channel-750,682877,30301447,30301463,16
channel-6994,1324665,30301449,30301476,27
channel-2188,43688,30301451,30301455,4
channel-412,64583,30301460,30301470,10
channel-6994,1324666,30301460,30301495,35
channel-326,538024,30301470,30301476,6
channel-6994,1324667,30301477,30301491,14
channel-6994,1324668,30301482,30301495,13
channel-98130,83,30301485,30301498,13
channel-0,4038631,30301505,30301518,13
channel-326,538025,30301513,30301521,8
channel-89298,18667,30301519,30301526,7
channel-6994,1324669,30301521,30301531,10
channel-0,4038632,30301521,30301554,33
channel-750,682878,30301527,30301532,5
channel-6994,1324670,30301532,30301579,47
channel-0,4038633,30301542,30301554,12
channel-0,4038634,30301546,30301570,24
channel-326,538026,30301549,30301554,5
channel-6994,1324671,30301551,30301570,19
channel-85077,60221,30301553,30301562,9
channel-143,128370,30301553,30301565,12
channel-6994,1324672,30301556,30301566,10
channel-2,130638,30301556,30301568,12
channel-326,538027,30301566,30301571,5
channel-412,64584,30301576,30301590,14
channel-750,682879,30301580,30301585,5
channel-2,130639,30301584,30301593,9
channel-6994,1324673,30301585,30301598,13
channel-6994,1324674,30301587,30301598,11
channel-326,538028,30301588,30301594,6
channel-750,682880,30301595,30301606,11
channel-6994,1324675,30301601,30301628,27
channel-326,538029,30301609,30301614,5
channel-6994,1324676,30301616,30301670,54
channel-171,7591,30301619,30301627,8
channel-0,4038635,30301625,30301635,10
channel-75,845029,30301626,30301638,12
channel-6994,1324677,30301635,30301656,21
channel-2188,43689,30301639,30301644,5
channel-216,94235,30301639,30301708,69
channel-326,538030,30301643,30301650,7
channel-89298,18668,30301648,30301655,7
channel-122,668040,30301651,30301656,5
channel-88,467124,30301653,30301670,17
channel-750,682881,30301656,30301660,4
channel-0,4038636,30301658,30301668,10
channel-91017,2850,30301663,30301678,15
channel-0,4038637,30301664,30301683,19
channel-0,4038638,30301664,30301690,26
channel-6994,1324678,30301665,30301676,11
channel-6994,1324679,30301677,30301703,26
channel-750,682882,30301679,30301683,4
channel-6994,1324680,30301684,30301717,33
channel-0,4038639,30301685,30301694,9
channel-2188,43690,30301686,30301691,5
channel-642,126510,30301686,30301713,27
channel-259,314317,30301688,30301693,5
channel-208,1490256,30301690,30301696,6
channel-6994,1324681,30301691,30301742,51
channel-4,166966,30301694,30301743,49
channel-750,682883,30301694,30301703,9
channel-750,682884,30301695,30301710,15
channel-412,64585,30301698,30301709,11
channel-75,845030,30301700,30301708,8
channel-0,4038640,30301708,30301728,20
channel-199,132740,30301713,30301723,10
channel-259,314318,30301717,30301727,10
channel-2188,43691,30301719,30301723,4
channel-88,467125,30301723,30301739,16
channel-6994,1324682,30301723,30301734,11
channel-6994,1324683,30301725,30341221,39496
channel-19774,345973,30301729,30301738,9
channel-0,4038641,30301737,30301748,11
channel-259,314319,30301740,30301745,5
channel-6994,1324684,30301743,30301773,30
channel-122,668041,30301743,30301748,5
channel-2188,43692,30301754,30301759,5
channel-75,845031,30301754,30301762,8
channel-6994,1324685,30301754,30301812,58
channel-89298,18669,30301754,30301768,14
channel-783,104248,30301761,30301768,7
channel-326,538031,30301783,30301790,7
channel-326,538032,30301796,30301802,6
channel-6994,1324686,30301820,30301877,57
channel-75,845032,30301833,30301841,8
channel-0,4038642,30301833,30301841,8
channel-326,538033,30301840,30301846,6
channel-6994,1324687,30301842,30301852,10
channel-94814,3767,30301869,30301880,11
channel-1429,140728,30301874,30301883,9
channel-6994,1324688,30301889,30301945,56
channel-326,538034,30301889,30301894,5
channel-6994,1324689,30301896,30301909,13
channel-72,516425,30301896,30301942,46
channel-0,4038643,30301897,30301904,7
channel-88,467126,30301906,30301914,8
channel-1,408398,30301911,30301926,15
channel-326,538035,30301939,30301945,6
channel-750,682885,30301940,30301951,11
channel-0,4038644,30301943,30301953,10
channel-2494,31936,30301945,30301957,12
channel-412,64586,30301948,30301958,10
channel-6994,1324690,30301948,30302003,55
channel-208,1490257,30301953,30301966,13
channel-165,71444,30301953,30301964,11
channel-15464,2657,30301958,30301970,12
channel-115,20405,30301959,30301972,13
channel-42,1490015,30301961,30301968,7
channel-326,538036,30301980,30301986,6
channel-0,4038645,30301983,30301994,11
channel-412,64587,30301985,30301997,12
channel-1575,15193,30301988,30301997,9
channel-19774,345974,30302002,30302010,8
channel-6994,1324691,30302009,30302031,22
channel-0,4038646,30302009,30302034,25
channel-6994,1324692,30302013,30302056,43
channel-72,516426,30302014,30302059,45
channel-2,130640,30302015,30302026,11
channel-21113,25333,30302016,30302022,6
channel-326,538037,30302022,30302028,6
channel-2188,43693,30302025,30302030,5
channel-326,538038,30302033,30302039,6
channel-750,682886,30302039,30302044,5
channel-6994,1324693,30302048,30302060,12
channel-750,682887,30302053,30302064,11
channel-75,845033,30302055,30302072,17
channel-326,538039,30302062,30302082,20
channel-6994,1324694,30302065,30302085,20
channel-0,4038647,30302068,30302117,49
channel-326,538040,30302070,30302080,10
channel-0,4038648,30302074,30302084,10
channel-750,682888,30302075,30302087,12
channel-750,682889,30302078,30302089,11
channel-0,4038649,30302084,30302092,8
channel-874,293126,30302086,30302092,6
channel-0,4038650,30302089,30302117,28
channel-6994,1324695,30302090,30302104,14
channel-0,4038651,30302093,30302121,28
channel-0,4038652,30302095,30302121,26
channel-0,4038653,30302098,30302107,9
channel-0,4038654,30302102,30302113,11
channel-122,668042,30302109,30302114,5
channel-6994,1324696,30302112,30302122,10
channel-750,682890,30302115,30302128,13
channel-874,293127,30302115,30302121,6
channel-0,4038655,30302117,30302127,10
channel-6994,1324697,30302118,30302139,21
channel-750,682891,30302118,30302122,4
channel-6994,1324698,30302119,30302148,29
channel-326,538041,30302119,30302125,6
channel-6994,1324699,30302120,30302190,70
channel-0,4038656,30302127,30302147,20
channel-4,166967,30302133,30302162,29
channel-0,4038657,30302133,30302156,23
channel-0,4038658,30302137,30302156,19
channel-181,13591,30302137,30302154,17
channel-0,4038659,30302138,30302154,16
channel-0,4038660,30302139,30302154,15
channel-0,4038661,30302143,30302170,27
channel-88,467127,30302148,30302179,31
channel-0,4038662,30302151,30302161,10
channel-0,4038663,30302152,30302170,18
channel-750,682892,30302155,30302168,13
channel-0,4038664,30302157,30302180,23
channel-6994,1324700,30302164,30302190,26
channel-0,4038665,30302165,30302182,17
channel-326,538042,30302166,30302171,5
channel-0,4038666,30302168,30302180,12
channel-750,682893,30302169,30302179,10
channel-6994,1324701,30302172,30302220,48
channel-122,668043,30302180,30302184,4
channel-750,682894,30302180,30302192,12
channel-750,682895,30302181,30302186,5
channel-412,64588,30302188,30302200,12
channel-85077,60222,30302188,30302200,12
channel-259,314320,30302189,30302195,6
channel-750,682896,30302196,30302201,5
channel-750,682897,30302201,30302214,13
channel-15464,2658,30302209,30302222,13
channel-216,94236,30302210,30302274,64
channel-750,682898,30302212,30302218,6
channel-326,538043,30302218,30302223,5
channel-204,670805,30302218,30302232,14
channel-4,166968,30302223,30302275,52
channel-6994,1324702,30302226,30302266,40
channel-750,682899,30302226,30302240,14
channel-6994,1324703,30302230,30302349,119
channel-750,682900,30302231,30302243,12
channel-0,4038667,30302233,30302244,11
channel-72,516427,30302239,30302285,46
channel-874,293128,30302242,30302252,10
channel-326,538044,30302248,30302257,9
channel-750,682901,30302250,30302261,11
channel-4,166969,30302255,30302316,61
channel-0,4038668,30302256,30302268,12
channel-0,4038669,30302261,30302273,12
channel-326,538045,30302266,30302272,6
channel-750,682902,30302273,30302285,12
channel-76971,12243,30302275,30302296,21
channel-750,682903,30302279,30302312,33
channel-19774,345975,30302281,30302294,13
channel-4,166970,30302281,30302342,61
channel-326,538046,30302283,30302289,6
channel-750,682904,30302283,30302289,6
channel-204,670806,30302283,30302291,8
channel-0,4038670,30302289,30302303,14
channel-750,682905,30302296,30302309,13
channel-0,4038671,30302305,30302317,12
channel-326,538047,30302308,30302314,6
channel-0,4038672,30302331,30302339,8
channel-750,682906,30302335,30302356,21
channel-115,20406,30302335,30302347,12
channel-184,137417,30302338,30302346,8
channel-143,128371,30302340,30302352,12
channel-1,408399,30302340,30302393,53
channel-208,1490258,30302343,30302356,13
channel-0,4038673,30302345,30302355,10
channel-326,538048,30302348,30302355,7
channel-750,682907,30302351,30302359,8
channel-750,682908,30302351,30302363,12
channel-782,310202,30302355,30302363,8
channel-6994,1324705,30302361,30302409,48
channel-143,128372,30302370,30302392,22
channel-0,4038674,30302376,30302384,8
channel-122,668044,30302378,30302382,4
channel-0,4038675,30302387,30302409,22
channel-208,1490259,30302388,30302400,12
channel-184,137418,30302390,30302400,10
channel-79703,4448,30302396,30302409,13
channel-6994,1324706,30302400,30302414,14
channel-143,128373,30302409,30302437,28
channel-326,538049,30302413,30302423,10
channel-184,137419,30302413,30302429,16
channel-208,1490260,30302417,30302428,11
channel-750,682909,30302420,30302444,24
channel-6994,1324707,30302423,30302471,48
channel-0,4038676,30302423,30302433,10
channel-72,516428,30302429,30302480,51
channel-750,682910,30302443,30302454,11
channel-0,4038677,30302444,30302478,34
channel-143,128374,30302445,30302521,76
channel-0,4038678,30302478,30302490,12
channel-750,682911,30302479,30302494,15
channel-208,1490261,30302482,30302493,11
channel-6994,1324708,30302484,30302527,43
channel-208,1490262,30302485,30302498,13
channel-143,128375,30302487,30302521,34
channel-208,1490263,30302488,30302498,10
channel-0,4038679,30302490,30302497,7
channel-750,682912,30302491,30302496,5
channel-208,1490264,30302491,30302503,12
channel-98451,41,30302503,30302517,14
channel-232,49200,30302511,30302517,6
channel-750,682913,30302513,30302525,12
channel-143,128376,30302517,30302540,23
channel-6994,1324709,30302518,30302531,13
channel-0,4038680,30302533,30302545,12
channel-326,538050,30302539,30302545,6
channel-204,670807,30302541,30305009,2468
channel-6994,1324710,30302541,30302600,59
channel-85077,60223,30302551,30302561,10
channel-412,64589,30302556,30302566,10
channel-0,4038681,30302558,30302580,22
channel-21113,25334,30302560,30302567,7
channel-0,4038682,30302566,30302574,8
channel-251,85235,30302568,30302581,13
channel-0,4038683,30302585,30302593,8
channel-6994,1324711,30302591,30302606,15
channel-6994,1324712,30302606,30302616,10
channel-0,4038684,30302612,30302622,10
channel-6994,1324713,30302623,30302636,13
channel-750,682914,30302624,30302629,5
channel-0,4038685,30302635,30302664,29
channel-208,1490265,30302638,30302651,13
channel-0,4038686,30302650,30302659,9
channel-412,64590,30302650,30302661,11
channel-6994,1324714,30302657,30302666,9
channel-208,1490266,30302667,30302678,11
channel-0,4038687,30302667,30302677,10
channel-0,4038688,30302667,30302677,10
channel-750,682915,30302675,30302679,4
channel-750,682916,30302676,30302692,16
channel-0,4038689,30302686,30302713,27
channel-85077,60224,30302692,30302703,11
channel-208,1490267,30302694,30302704,10
channel-1,408400,30302696,30302712,16
channel-0,4038690,30302697,30302710,13
channel-208,1490268,30302703,30302713,10
channel-750,682917,30302707,30302712,5
channel-1,408401,30302712,30302723,11
channel-0,4038691,30302738,30302763,25
channel-208,1490269,30302741,30302754,13
channel-1429,140729,30302754,30302762,8
channel-216,94237,30302755,30302841,86
channel-75,845034,30302767,30302774,7
channel-122,668045,30302787,30302791,4
channel-85077,60225,30302795,30302807,12
channel-0,4038692,30302796,30302804,8
channel-113,301333,30302805,30302840,35
channel-122,668046,30302810,30302814,4
channel-19774,345976,30302811,30302821,10
channel-85077,60226,30302812,30302821,9
channel-85077,60227,30302819,30302829,10
channel-0,4038693,30302819,30302827,8
channel-259,314321,30302823,30302829,6
channel-85077,60228,30302830,30302836,6
channel-750,682918,30302832,30302851,19
channel-259,314322,30302838,30302844,6
channel-750,682919,30302843,30302847,4
channel-0,4038694,30302844,30302856,12
channel-4,166971,30302855,30302876,21
channel-4,166972,30302855,30302876,21
channel-1,408402,30302888,30302934,46
channel-6994,1324715,30302906,30302920,14
channel-6994,1324716,30302908,30302920,12
channel-750,682920,30302917,30302934,17
channel-113,301334,30302950,30302979,29
channel-6994,1324717,30302953,30302964,11
channel-251,85236,30302971,30302977,6
channel-326,538051,30302987,30302996,9
channel-89298,18670,30303004,30303011,7
channel-6994,1324718,30303008,30303044,36
channel-0,4038695,30303032,30303054,22
channel-115,20407,30303044,30303053,9
channel-2188,43694,30303044,30303049,5
channel-2188,43695,30303046,30303050,4
channel-1,408403,30303054,30303066,12
channel-259,314323,30303062,30303068,6
channel-6994,1324719,30303068,30303092,24
channel-6994,1324720,30303070,30303114,44
channel-2188,43696,30303071,30303076,5
channel-750,682921,30303074,30303078,4
channel-251,85237,30303086,30303096,10
channel-122,668047,30303088,30303091,3
channel-1429,140730,30303092,30303104,12
channel-6994,1324721,30303103,30303114,11
channel-4,166973,30303121,30303148,27
channel-0,4038696,30303122,30303133,11
channel-0,4038697,30303122,30303144,22
channel-6994,1324722,30303134,30303193,59
channel-326,538052,30303145,30303156,11
channel-0,4038698,30303149,30303173,24
channel-0,4038699,30303155,30303165,10
channel-6994,1324723,30303160,30303172,12
channel-47,198640,30303175,30303189,14
channel-750,682922,30303177,30303188,11
channel-6994,1324724,30303198,30303241,43
channel-19774,345977,30303201,30303222,21
channel-38946,124193,30303204,30303214,10
channel-73755,5834,30303204,30303211,7
channel-750,682923,30303215,30303223,8
channel-122,668048,30303217,30303221,4
channel-6994,1324725,30303218,30303231,13
channel-326,538053,30303222,30303229,7
channel-75,845035,30303224,30303233,9
channel-208,1490270,30303225,30303234,9
channel-199,132741,30303244,30303256,12
channel-6994,1324726,30303267,30303313,46
channel-208,1490271,30303273,30303286,13
channel-208,1490272,30303277,30303290,13
channel-21113,25335,30303299,30303306,7
channel-85077,60229,30303309,30303318,9
channel-2494,31937,30303312,30303321,9
channel-6994,1324727,30303315,30303326,11
channel-6994,1324728,30303325,30303336,11
channel-6994,1324729,30303328,30303351,23
channel-6994,1324730,30303339,30303380,41
channel-6994,1324731,30303365,30303374,9
channel-75,845036,30303369,30303377,8
channel-85077,60230,30303371,30303381,10
channel-874,293129,30303372,30303378,6
channel-750,682924,30303378,30303385,7
channel-144,86690,30303385,30303394,9
channel-1429,140731,30303388,30303394,6
channel-326,538054,30303392,30303398,6
channel-85077,60231,30303399,30303408,9
channel-79703,4449,30303401,30303415,14
channel-6994,1324732,30303406,30303453,47
channel-0,4038700,30303406,30303418,12
channel-143,128377,30303431,30303444,13
channel-15464,2659,30303440,30303453,13
channel-75,845037,30303443,30303450,7
channel-165,71445,30303450,30303458,8
channel-750,682925,30303465,30303484,19
channel-6994,1324733,30303475,30303518,43
channel-98451,42,30303481,30303497,16
channel-229,55028,30303507,30303519,12
channel-208,1490273,30303509,30303519,10
channel-165,71446,30303510,30303519,9
channel-143,128378,30303511,30303523,12
channel-750,682926,30303513,30303526,13
channel-750,682927,30303525,30303530,5
channel-6994,1324734,30303535,30303573,38
channel-6994,1324735,30303536,30303550,14
channel-6994,1324736,30303538,30303550,12
channel-750,682928,30303538,30303543,5
channel-165,71447,30303544,30303555,11
channel-0,4038701,30303550,30303563,13
channel-1,408404,30303556,30303570,14
channel-2494,31938,30303557,30303565,8
channel-326,538055,30303560,30303565,5
channel-85077,60232,30303563,30303571,8
channel-750,682929,30303565,30303585,20
channel-320,119203,30303570,30303598,28
channel-1,408405,30303571,30303615,44
channel-251,85238,30303573,30303585,12
channel-0,4038702,30303573,30303581,8
channel-259,314324,30303587,30303592,5
channel-85077,60233,30303588,30303597,9
channel-750,682930,30303592,30303598,6
channel-91017,2851,30303596,30303603,7
channel-0,4038703,30303607,30303616,9
channel-0,4038704,30303632,30303644,12
channel-122,668049,30303639,30303642,3
channel-1,408406,30303647,30303676,29
channel-1,408407,30303648,30303676,28
channel-85077,60234,30303650,30303661,11
channel-750,682931,30303674,30303687,13
channel-6994,1324737,30303677,30303688,11
channel-0,4038705,30303687,30303706,19
channel-208,1490274,30303689,30303700,11
channel-750,682932,30303696,30303714,18
channel-165,71448,30303696,30303708,12
channel-208,1490275,30303697,30303710,13
channel-750,682933,30303714,30303727,13
channel-6994,1324738,30303727,30303763,36
channel-42,1490016,30303748,30303756,8
channel-6994,1324739,30303776,30303787,11
channel-0,4038706,30303777,30303804,27
channel-6994,1324740,30303778,30303792,14
channel-6994,1324741,30303793,30303836,43
channel-6994,1324742,30303796,30303811,15
channel-2188,43697,30303796,30303801,5
channel-783,104249,30303805,30303814,9
channel-0,4038707,30303821,30303829,8
channel-89298,18671,30303826,30303834,8
channel-0,4038708,30303833,30303843,10
channel-412,64591,30303836,30303847,11
channel-89298,18672,30303846,30303857,11
channel-412,64592,30303846,30303857,11
channel-42,1490017,30303848,30303861,13
channel-6994,1324743,30303857,30303902,45
channel-6787,166711,30303863,30303867,4
channel-89321,19454,30303866,30303874,8
channel-122,668050,30303870,30303873,3
channel-94814,3768,30303874,30303885,11
channel-5,184297,30303879,30303891,12
channel-0,4038709,30303879,30303888,9
channel-5485,1714,30303897,30303907,10
channel-326,538056,30303899,30303905,6
channel-1,408408,30303907,30303937,30
channel-22172,2618,30303913,30303928,15
channel-0,4038710,30303919,30303931,12
channel-5,184298,30303927,30303937,10
channel-208,1490276,30303937,30303947,10
channel-0,4038711,30303962,30303972,10
channel-6994,1324744,30303968,30303982,14
channel-89298,18673,30303982,30303992,10
channel-6994,1324745,30303982,30303991,9
channel-42,1490018,30304003,30304011,8
channel-750,682934,30304010,30304030,20
channel-89298,18674,30304016,30304021,5
channel-750,682935,30304022,30304030,8
channel-2,130641,30304030,30304044,14
channel-340,3180,30304032,30304046,14
channel-143,128379,30304038,30304049,11
channel-85077,60235,30304041,30304049,8
channel-85077,60236,30304073,30304080,7
channel-0,4038712,30304078,30304088,10
channel-326,538057,30304079,30304094,15
channel-326,538058,30304079,30304094,15
channel-326,538059,30304079,30304094,15
channel-326,538060,30304079,30304094,15
channel-750,682936,30304081,30304099,18
channel-750,682937,30304103,30304109,6
channel-0,4038713,30304108,30304119,11
channel-6994,1324746,30304119,30304135,16
channel-6994,1324747,30304149,30304159,10
channel-208,1490277,30304150,30304160,10
channel-2188,43698,30304158,30304162,4
channel-0,4038714,30304164,30304173,9
channel-85077,60237,30304164,30304172,8
channel-97998,54,30304165,30304170,5
channel-0,4038715,30304165,30304173,8
channel-6994,1324748,30304174,30304188,14
channel-85077,60238,30304175,30304184,9
channel-75030,1173,30304182,30304193,11
channel-122,668051,30304190,30304194,4
channel-6994,1324749,30304193,30304204,11
channel-6994,1324750,30304211,30304225,14
channel-782,310203,30304212,30304220,8
channel-19774,345978,30304230,30304249,19
channel-85077,60239,30304234,30304244,10
channel-85077,60240,30304237,30304249,12
channel-874,293130,30304248,30304254,6
channel-73,51338,30304248,30304258,10
channel-85077,60241,30304280,30304289,9
channel-6994,1324751,30304290,30304322,32
channel-6994,1324752,30304290,30304303,13
channel-0,4038716,30304331,30304341,10
channel-320,119204,30304342,30304356,14
channel-0,4038717,30304345,30304355,10
channel-874,293131,30304348,30304354,6
channel-6994,1324753,30304358,30304383,25
channel-320,119205,30304364,30304372,8
channel-6994,1324754,30304373,30304411,38
channel-750,682938,30304374,30304378,4
channel-85077,60242,30304377,30304399,22
channel-229,55029,30304380,30304391,11
channel-6994,1324755,30304418,30304428,10
channel-75,845038,30304427,30304434,7
channel-6994,1324756,30304430,30304472,42
channel-5485,1715,30304431,30304444,13
channel-75,845039,30304464,30304472,8
channel-0,4038718,30304482,30304494,12
channel-0,4038719,30304486,30304498,12
channel-6994,1324757,30304493,30304530,37
channel-75,845040,30304498,30304505,7
channel-75,845041,30304506,30304511,5
channel-326,538061,30304521,30304528,7
channel-75,845042,30304532,30304541,9
channel-91017,2852,30304532,30304547,15
channel-6994,1324758,30304553,30304598,45
channel-6994,1324759,30304574,30304589,15
channel-6994,1324760,30304582,30304594,12
channel-0,4038720,30304600,30304609,9
channel-85077,60243,30304602,30304621,19
channel-89298,18675,30304603,30304614,11
channel-0,4038721,30304613,30304623,10
channel-6994,1324761,30304624,30304634,10
channel-208,1490278,30304627,30304637,10
channel-0,4038722,30304643,30304653,10
channel-6994,1324762,30304645,30304654,9
channel-75,845043,30304656,30304671,15
channel-750,682939,30304657,30304674,17
channel-1,408409,30304661,30304688,27
channel-2,130642,30304675,30304689,14
channel-19774,345979,30304704,30304715,11
channel-0,4038723,30304707,30304718,11
channel-6994,1324763,30304707,30304717,10
channel-6994,1324764,30304713,30304726,13
channel-2,130643,30304733,30304746,13
channel-750,682940,30304745,30304750,5
channel-19774,345980,30304757,30304769,12
channel-85077,60244,30304773,30304784,11
channel-208,1490279,30304776,30304785,9
channel-85077,60245,30304784,30304793,9
channel-85077,60246,30304789,30304800,11
channel-0,4038724,30304793,30304803,10
channel-6994,1324765,30304807,30304819,12
channel-874,293132,30304811,30304818,7
channel-2188,43699,30304817,30304822,5
channel-38946,124194,30304818,30304842,24
channel-6994,1324766,30304842,30304852,10
channel-85077,60247,30304868,30304877,9
channel-6994,1324767,30304892,30304902,10
channel-122,668052,30304895,30304899,4
channel-72,516429,30304908,30304961,53
channel-0,4038725,30304921,30304931,10
channel-326,538062,30304926,30304934,8
channel-326,538063,30304926,30304934,8
channel-0,4038726,30304933,30304945,12
channel-89298,18676,30304937,30304946,9
channel-42,1490019,30304946,30304955,9
channel-522,40438,30304978,30304986,8
channel-0,4038727,30304985,30304997,12
channel-522,40439,30304997,30305006,9
channel-6994,1324768,30305004,30305011,7
channel-0,4038728,30305020,30305029,9
channel-750,682941,30305039,30305047,8
channel-642,126511,30305046,30305077,31
channel-326,538064,30305055,30305061,6
channel-326,538065,30305055,30305061,6
channel-0,4038729,30305058,30305066,8
channel-750,682942,30305064,30305079,15
channel-783,104250,30305064,30305075,11
channel-85077,60248,30305077,30305087,10
channel-42,1490020,30305077,30305091,14
channel-42,1490021,30305079,30305091,12
channel-85077,60249,30305081,30305096,15
channel-0,4038730,30305081,30305091,10
channel-0,4038731,30305089,30305101,12
channel-0,4038732,30305096,30305120,24
channel-750,682943,30305102,30305116,14
channel-259,314325,30305103,30305110,7
channel-874,293133,30305114,30305121,7
channel-85077,60250,30305127,30305150,23
channel-750,682944,30305142,30305159,17
channel-0,4038733,30305146,30305154,8
channel-6994,1324769,30305147,30305157,10
channel-750,682945,30305153,30305170,17
channel-0,4038734,30305157,30305168,11
channel-750,682946,30305158,30305173,15
channel-0,4038735,30305163,30305173,10
channel-750,682947,30305163,30305168,5
channel-412,64593,30305168,30305180,12
channel-1,408410,30305175,30305187,12
channel-750,682948,30305176,30305189,13
channel-6994,1324770,30305177,30305187,10
channel-320,119206,30305181,30305221,40
channel-85077,60251,30305186,30305197,11
channel-750,682949,30305201,30305213,12
channel-88,467128,30305206,30305222,16
channel-362,86681,30305218,30305228,10
channel-89298,18677,30305257,30305264,7
channel-6787,166712,30305259,30305263,4
channel-0,4038736,30305265,30305275,10
channel-75,845044,30305271,30305277,6
channel-6787,166713,30305276,30305280,4
channel-208,1490280,30305276,30305288,12
channel-113,301335,30305277,30305324,47
channel-6994,1324771,30305277,30305288,11
channel-2188,43700,30305288,30305292,4
channel-783,104251,30305288,30305296,8
channel-85077,60252,30305288,30305304,16
channel-750,682950,30305309,30305319,10
channel-85077,60253,30305328,30305338,10
channel-0,4038737,30305347,30305356,9
channel-750,682951,30305347,30305361,14
channel-750,682952,30305350,30305354,4
channel-1429,140732,30305360,30305369,9
channel-6994,1324772,30305361,30305373,12
channel-208,1490281,30305363,30305373,10
channel-232,49201,30305366,30305375,9
channel-750,682953,30305367,30305377,10
channel-0,4038738,30305373,30305381,8
channel-750,682954,30305379,30305385,6
channel-0,4038739,30305385,30305396,11
channel-750,682955,30305407,30305419,12
channel-19774,345981,30305408,30305420,12
channel-94814,3769,30305418,30305427,9
channel-0,4038740,30305425,30305452,27
channel-0,4038741,30305436,30305447,11
channel-6787,166714,30305448,30305452,4
channel-0,4038742,30305450,30305462,12
channel-85077,60254,30305451,30305462,11
channel-0,4038743,30305452,30305462,10
channel-750,682956,30305456,30305461,5
channel-38946,124195,30305457,30305475,18
channel-750,682957,30305465,30305475,10
channel-750,682958,30305474,30305486,12
channel-750,682959,30305477,30305482,5
channel-750,682960,30305478,30305492,14
channel-85077,60255,30305488,30305498,10
channel-89298,18678,30305503,30305514,11
channel-85077,60256,30305505,30305512,7
channel-122,668053,30305508,30305511,3
channel-0,4038744,30305537,30305549,12
channel-750,682961,30305540,30305549,9
channel-6994,1324773,30305554,30305567,13
channel-91017,2853,30305559,30305571,12
channel-85077,60257,30305566,30305576,10
channel-85077,60258,30305568,30305590,22
channel-750,682962,30305572,30305581,9
channel-75,845045,30305577,30305584,7
channel-216,94239,30305582,30305679,97
channel-750,682963,30305596,30305603,7
channel-750,682964,30305600,30305614,14
channel-750,682965,30305601,30305612,11
channel-750,682966,30305603,30305609,6
channel-750,682967,30305604,30305609,5
channel-6994,1324774,30305612,30305626,14
channel-208,1490282,30305614,30305623,9
channel-522,40440,30305616,30305624,8
channel-0,4038745,30305622,30305634,12
channel-95,331596,30305625,30305639,14
channel-750,682968,30305636,30305654,18
channel-89298,18679,30305639,30305651,12
channel-2188,43701,30305652,30305656,4
channel-2,130644,30305667,30305679,12
channel-326,538066,30305673,30305679,6
channel-326,538067,30305682,30305687,5
channel-522,40441,30305689,30305701,12
channel-0,4038746,30305694,30305706,12
channel-251,85239,30305698,30305708,10
channel-184,137420,30305699,30305710,11
channel-6994,1324775,30305699,30305712,13
channel-251,85240,30305700,30305712,12
channel-251,85241,30305709,30305722,13
channel-750,682969,30305720,30305726,6
channel-2494,31939,30305720,30305731,11
channel-88,467129,30305721,30305734,13
channel-0,4038747,30305722,30305732,10
channel-0,4038748,30305726,30305737,11
channel-6994,1324776,30305739,30305749,10
channel-0,4038749,30305743,30305752,9
channel-750,682970,30305748,30305761,13
channel-115,20408,30305757,30305766,9
channel-85077,60259,30305758,30305767,9
channel-0,4038750,30305760,30305769,9
channel-750,682971,30305761,30305764,3
channel-6994,1324777,30305763,30305773,10
channel-2494,31940,30305763,30305774,11
channel-122,668054,30305765,30305768,3
channel-75,845046,30305766,30305773,7
channel-0,4038751,30305776,30305788,12
channel-1,408411,30305783,30305825,42
channel-2,130645,30305787,30305798,11
channel-2494,31941,30305792,30305801,9
channel-6994,1324778,30305798,30305807,9
channel-0,4038752,30305802,30305812,10
channel-208,1490283,30305802,30305812,10
channel-0,4038753,30305805,30305816,11
channel-0,4038754,30305805,30305816,11
channel-146,20033,30305808,30305825,17
channel-2494,31942,30305808,30305820,12
channel-0,4038755,30305808,30305822,14
channel-208,1490284,30305809,30305820,11
channel-122,668055,30305822,30305826,4
channel-2494,31943,30305824,30305833,9
channel-750,682972,30305834,30305846,12
channel-251,85242,30305838,30305847,9
channel-208,1490285,30305849,30305861,12
channel-750,682973,30305849,30305861,12
channel-2494,31944,30305857,30305870,13
channel-6994,1324779,30305865,30305878,13
channel-750,682974,30305881,30305894,13
channel-0,4038756,30305887,30305898,11
channel-0,4038757,30305895,30305903,8
channel-94814,3770,30305901,30305912,11
channel-232,49202,30305932,30305944,12
channel-143,128380,30305933,30305956,23
channel-75,845047,30305968,30305976,8
channel-750,682975,30305976,30305990,14
channel-0,4038758,30305993,30306005,12
channel-0,4038759,30305996,30306005,9
channel-208,1490286,30306001,30306009,8
channel-75,845048,30306020,30306029,9
channel-208,1490287,30306031,30306043,12
channel-783,104252,30306051,30306058,7
channel-0,4038760,30306057,30306068,11
channel-20082,9881,30306067,30306075,8
channel-783,104253,30306074,30306081,7
channel-6994,1324780,30306090,30306098,8
channel-750,682976,30306097,30306111,14
channel-232,49203,30306099,30306107,8
channel-750,682977,30306103,30306117,14
channel-783,104254,30306104,30306113,9
channel-1279,67131,30306108,30306118,10
channel-115,20409,30306108,30306116,8
channel-85077,60260,30306121,30306131,10
channel-6994,1324781,30306130,30306140,10
channel-874,293134,30306136,30306141,5
channel-750,682978,30306136,30306152,16
channel-208,1490288,30306142,30306154,12
channel-6787,166715,30306155,30306161,6
channel-750,682979,30306155,30306161,6
channel-750,682980,30306164,30306168,4
channel-89321,19455,30306205,30306218,13
channel-6994,1324782,30306232,30306243,11
channel-783,104255,30306234,30306241,7
channel-85077,60261,30306248,30306258,10
channel-6994,1324783,30306249,30306261,12
channel-522,40442,30306252,30306261,9
channel-412,64594,30306277,30306286,9
channel-89298,18680,30306285,30306296,11
channel-91017,2854,30306288,30306301,13
channel-0,4038761,30306303,30306311,8
channel-85077,60262,30306329,30306338,9
channel-326,538068,30306336,30306343,7
channel-0,4038762,30306349,30306362,13
channel-208,1490289,30306377,30306389,12
channel-42,1490022,30306383,30306390,7
channel-208,1490290,30306394,30306408,14
channel-85077,60263,30306394,30306403,9
channel-85077,60264,30306403,30306412,9
channel-782,310204,30306405,30306412,7
channel-208,1490291,30306405,30306415,10
channel-0,4038763,30306409,30306433,24
channel-1,408412,30306410,30306423,13
channel-750,682981,30306413,30306418,5
channel-19774,345982,30306422,30306432,10
channel-750,682982,30306422,30306428,6
channel-0,4038764,30306429,30306437,8
channel-783,104256,30306431,30306437,6
channel-6994,1324784,30306432,30306442,10
channel-208,1490292,30306454,30306465,11
channel-1,408413,30306458,30306470,12
channel-85077,60265,30306466,30306476,10
channel-1,408414,30306473,30306496,23
channel-6994,1324785,30306475,30306485,10
channel-0,4038765,30306504,30306514,10
channel-97998,55,30306506,30306513,7
channel-6994,1324786,30306522,30306532,10
channel-412,64595,30306527,30306538,11
channel-6994,1324787,30306528,30306541,13
channel-85186,859,30306547,30306558,11
channel-85077,60266,30306550,30306557,7
channel-89298,18681,30306557,30306568,11
channel-750,682983,30306561,30306579,18
channel-0,4038766,30306572,30306583,11
channel-19774,345983,30306578,30306583,5
channel-85791,3768,30306592,30306602,10
channel-1,408415,30306604,30306620,16
channel-85077,60267,30306604,30306615,11
channel-6994,1324788,30306618,30306627,9
channel-184,137421,30306630,30306640,10
channel-113,301336,30306634,30306686,52
channel-6994,1324789,30306647,30306661,14
channel-750,682984,30306654,30306678,24
channel-750,682985,30306678,30306683,5
channel-0,4038767,30306679,30306691,12
channel-75,845049,30306687,30306694,7
channel-750,682986,30306703,30306728,25
channel-85077,60268,30306715,30306723,8
channel-208,1490293,30306716,30306723,7
channel-874,293135,30306719,30306728,9
channel-184,137422,30306722,30306731,9
channel-874,293136,30306725,30306731,6
channel-750,682987,30306725,30306729,4
channel-2494,31945,30306731,30306743,12
channel-0,4038768,30306743,30306754,11
channel-750,682988,30306743,30306758,15
channel-6994,1324790,30306750,30306763,13
channel-143,128381,30306754,30306794,40
channel-85077,60269,30306768,30306777,9
channel-750,682989,30306770,30306789,19
channel-1,408416,30306772,30306783,11
channel-89298,18682,30306778,30306787,9
channel-750,682990,30306782,30306789,7
channel-783,104257,30306787,30306796,9
channel-783,104258,30306795,30306802,7
channel-0,4038769,30306807,30306817,10
channel-0,4038770,30306811,30306822,11
channel-750,682991,30306821,30306827,6
channel-783,104259,30306824,30306830,6
channel-94814,3771,30306825,30306834,9
channel-750,682992,30306826,30306834,8
channel-750,682993,30306827,30306844,17
channel-0,4038771,30306836,30306846,10
channel-750,682994,30306861,30306870,9
channel-0,4038772,30306866,30306872,6
channel-75,845050,30306868,30306874,6
channel-75,845051,30306872,30306880,8
channel-0,4038773,30306872,30306882,10
channel-85077,60270,30306874,30306883,9
channel-208,1490294,30306874,30306884,10
channel-6994,1324791,30306903,30306913,10
channel-0,4038774,30306906,30306916,10
channel-750,682995,30306920,30306935,15
channel-750,682996,30306923,30306933,10
channel-85077,60271,30306932,30306942,10
channel-89298,18683,30306933,30306944,11
channel-85077,60272,30306933,30306942,9
channel-85077,60273,30306936,30306945,9
channel-85077,60274,30306940,30306951,11
channel-783,104260,30306943,30307009,66
channel-85077,60275,30306947,30306956,9
channel-85077,60276,30306957,30306965,8
channel-0,4038775,30306958,30306969,11
channel-750,682997,30306963,30306972,9
channel-2188,43702,30306964,30307005,41
channel-750,682998,30306967,30306980,13
channel-20082,9882,30306979,30306991,12
channel-0,4038776,30306980,30306994,14
channel-0,4038777,30306995,30307003,8
channel-20082,9883,30307017,30307026,9
channel-75,845052,30307019,30307025,6
channel-783,104261,30307028,30307034,6
channel-259,314326,30307037,30307048,11
channel-750,682999,30307040,30307051,11
channel-259,314327,30307043,30307049,6
channel-85077,60277,30307045,30307056,11
channel-6994,1324792,30307047,30307058,11
channel-6994,1324793,30307054,30307062,8
channel-874,293137,30307063,30307066,3
channel-750,683000,30307063,30307066,3
channel-0,4038778,30307063,30307068,5
channel-259,314328,30307064,30307104,40
channel-259,314329,30307068,30307074,6
channel-259,314331,30307072,30307078,6
channel-85077,60278,30307075,30307085,10
channel-0,4038779,30307085,30307097,12
channel-0,4038780,30307088,30307102,14
channel-20082,9884,30307089,30307101,12
channel-783,104262,30307095,30307105,10
channel-783,104263,30307095,30307105,10
channel-259,314332,30307098,30307104,6
channel-1279,67132,30307111,30307121,10
channel-259,314333,30307120,30307125,5
channel-750,683001,30307122,30307139,17
channel-6994,1324794,30307124,30307134,10
channel-0,4038781,30307125,30307136,11
channel-85077,60279,30307132,30307139,7
channel-750,683002,30307135,30307144,9
channel-6994,1324795,30307136,30307145,9
channel-0,4038782,30307142,30307154,12
channel-750,683003,30307144,30307149,5
channel-642,126512,30307148,30307185,37
channel-85077,60280,30307157,30307165,8
channel-199,132742,30307170,30307182,12
channel-0,4038783,30307192,30307201,9
channel-2188,43703,30307201,30307205,4
channel-6994,1324796,30307201,30307216,15
channel-204,670810,30307206,30307216,10
channel-85791,3769,30307208,30307215,7
channel-85077,60281,30307214,30307225,11
channel-6994,1324797,30307219,30307229,10
channel-20082,9885,30307222,30307231,9
channel-208,1490295,30307234,30307247,13
channel-0,4038784,30307236,30307248,12
channel-874,293138,30307253,30307262,9
channel-75,845053,30307259,30307273,14
channel-75,845054,30307266,30307273,7
channel-750,683004,30307269,30307278,9
channel-0,4038785,30307276,30307286,10
channel-750,683005,30307288,30307293,5
channel-0,4038786,30307297,30307304,7
channel-6994,1324798,30307302,30307313,11
channel-750,683006,30307310,30307326,16
channel-340,3181,30307325,30307333,8
channel-6994,1324799,30307326,30307337,11
channel-750,683007,30307334,30307344,10
channel-0,4038787,30307336,30307359,23
channel-750,683008,30307343,30307347,4
channel-750,683009,30307354,30307368,14
channel-6994,1324800,30307364,30307373,9
channel-72,516430,30307365,30307406,41
channel-6994,1324801,30307368,30307378,10
channel-750,683010,30307378,30307383,5
channel-6994,1324802,30307381,30307392,11
channel-85077,60282,30307394,30307404,10
channel-874,293139,30307396,30307400,4
channel-6994,1324803,30307400,30307416,16
channel-6994,1324804,30307416,30307450,34
channel-750,683011,30307428,30307433,5
channel-750,683012,30307428,30307433,5
channel-2188,43704,30307430,30307435,5
channel-6994,1324805,30307430,30307442,12
channel-122,668056,30307436,30307439,3
channel-85077,60283,30307449,30307456,7
channel-72,516431,30307452,30307478,26
channel-874,293140,30307477,30307486,9
channel-874,293141,30307480,30307486,6
channel-874,293142,30307487,30307491,4
channel-0,4038788,30307498,30307509,11
channel-750,683013,30307501,30307506,5
channel-85077,60284,30307517,30307526,9
channel-259,314334,30307529,30307535,6
channel-85077,60285,30307534,30307540,6
channel-19774,345984,30307539,30307548,9
channel-75,845055,30307550,30307557,7
channel-122,668057,30307550,30307554,4
channel-750,683014,30307560,30307575,15
channel-6994,1324806,30307571,30307583,12
channel-1575,15194,30307574,30307582,8
channel-750,683015,30307586,30307591,5
channel-6994,1324807,30307586,30307598,12
channel-85077,60286,30307588,30307598,10
channel-208,1490296,30307591,30307601,10
channel-85077,60287,30307598,30307609,11
channel-184,137423,30307599,30307620,21
channel-20082,9886,30307601,30307613,12
channel-4,166974,30307602,30307645,43
channel-122,668058,30307615,30307619,4
channel-874,293143,30307621,30307629,8
channel-259,314335,30307626,30307631,5
channel-75,845056,30307632,30307638,6
channel-6787,166716,30307649,30307654,5
channel-6994,1324808,30307650,30307702,52
channel-326,538069,30307651,30307675,24
channel-122,668059,30307652,30307656,4
channel-2694,3300,30307657,30307695,38
channel-0,4038789,30307662,30307673,11
channel-259,314336,30307675,30307682,7
channel-6994,1324809,30307678,30307689,11
channel-1,408417,30307678,30307689,11
channel-750,683016,30307683,30307699,16
channel-204,670811,30307687,30307696,9
channel-184,137424,30307690,30307702,12
channel-19774,345985,30307698,30307707,9
channel-874,293144,30307703,30307709,6
channel-0,4038790,30307704,30307716,12
channel-19774,345986,30307705,30307717,12
channel-750,683017,30307706,30307711,5
channel-874,293145,30307708,30307723,15
channel-0,4038791,30307711,30307732,21
channel-6994,1324810,30307722,30307761,39
channel-750,683018,30307723,30307739,16
channel-0,4038792,30307725,30307734,9
channel-0,4038793,30307728,30307745,17
channel-85077,60288,30307732,30307741,9
channel-0,4038794,30307733,30307745,12
channel-85077,60289,30307735,30307744,9
channel-259,314337,30307739,30307744,5
channel-259,314338,30307745,30307754,9
channel-75,845057,30307748,30307757,9
channel-85077,60290,30307753,30307758,5
channel-199,132743,30307754,30307779,25
channel-85077,60291,30307757,30307766,9
channel-85077,60292,30307761,30307769,8
channel-874,293146,30307762,30307771,9
channel-259,314339,30307769,30307776,7
channel-208,1490297,30307770,30307783,13
channel-85077,60293,30307772,30307782,10
channel-165,71449,30307797,30307806,9
channel-85077,60294,30307800,30307810,10
channel-85077,60295,30307803,30307813,10
channel-259,314340,30307808,30307814,6
channel-750,683019,30307815,30307828,13
channel-208,1490298,30307826,30307836,10
channel-85077,60296,30307831,30307838,7
channel-874,293147,30307838,30307845,7
channel-750,683020,30307851,30307856,5
channel-750,683021,30307864,30307874,10
channel-750,683022,30307869,30307891,22
channel-6994,1324811,30307875,30307890,15
channel-6994,1324812,30307882,30307924,42
channel-0,4038795,30307885,30307895,10
channel-750,683023,30307894,30307900,6
channel-0,4038796,30307897,30307910,13
channel-85077,60297,30307915,30307923,8
channel-122,668060,30307939,30307944,5
channel-750,683024,30307940,30307957,17
channel-6994,1324813,30307949,30307985,36
channel-750,683025,30307955,30307959,4
channel-2,130646,30307968,30307977,9
channel-750,683026,30307970,30307972,2
channel-259,314341,30307972,30307978,6
channel-85077,60298,30307975,30307983,8
channel-85077,60299,30307977,30307985,8
channel-85077,60300,30307977,30307985,8
channel-6994,1324814,30307980,30307990,10
channel-6994,1324815,30307981,30308011,30
channel-874,293148,30307991,30307997,6
channel-208,1490299,30308011,30308020,9
channel-85077,60301,30308013,30308022,9
channel-874,293149,30308019,30308038,19
channel-85077,60302,30308032,30308040,8
channel-6994,1324816,30308042,30308057,15
channel-2,130647,30308042,30308056,14
channel-750,683027,30308043,30308049,6
channel-85077,60303,30308057,30308065,8
channel-85077,60304,30308065,30308074,9
channel-6994,1324817,30308074,30308085,11
channel-874,293150,30308076,30308085,9
channel-19774,345987,30308090,30308102,12
channel-122,668061,30308092,30308096,4
channel-85077,60305,30308104,30308113,9
channel-6994,1324818,30308121,30308133,12
channel-6994,1324819,30308127,30308137,10
channel-0,4038797,30308129,30308138,9
channel-750,683028,30308139,30308149,10
channel-0,4038798,30308151,30308162,11
channel-122,668062,30308152,30308156,4
channel-85077,60306,30308154,30308163,9
channel-0,4038799,30308165,30308175,10
channel-2188,43705,30308166,30308171,5
channel-750,683029,30308168,30308175,7
channel-750,683030,30308172,30308182,10
channel-6994,1324820,30308175,30308187,12
channel-85077,60307,30308175,30308186,11
channel-0,4038800,30308177,30308187,10
channel-85077,60308,30308179,30308188,9
channel-0,4038801,30308185,30308197,12
channel-750,683031,30308186,30308199,13
channel-2188,43706,30308192,30308196,4
channel-75,845058,30308194,30308200,6
channel-6994,1324821,30308197,30308209,12
channel-750,683032,30308203,30308210,7
channel-783,104264,30308221,30308230,9
channel-229,55030,30308224,30308236,12
channel-6994,1324822,30308227,30308238,11
channel-208,1490300,30308229,30308239,10
channel-19774,345988,30308229,30308237,8
channel-2,130648,30308238,30308248,10
channel-85077,60309,30308241,30308260,19
channel-19774,345989,30308242,30308253,11
channel-0,4038802,30308259,30308270,11
channel-85077,60310,30308263,30308270,7
channel-0,4038803,30308290,30308303,13
channel-208,1490301,30308294,30308305,11
channel-208,1490302,30308308,30308319,11
channel-208,1490303,30308350,30308359,9
channel-42,1490023,30308353,30308365,12
channel-208,1490304,30308374,30308383,9
channel-42,1490024,30308375,30308382,7
channel-750,683033,30308377,30308381,4
channel-6994,1324823,30308383,30308390,7
channel-42,1490025,30308385,30308390,5
channel-0,4038804,30308387,30308395,8
channel-6994,1324824,30308395,30308445,50
channel-750,683034,30308397,30308411,14
channel-0,4038805,30308402,30308412,10
channel-782,310205,30308403,30308410,7
channel-122,668063,30308408,30308411,3
channel-88,467130,30308416,30308429,13
channel-259,314342,30308418,30308424,6
channel-6994,1324825,30308425,30308445,20
channel-6994,1324826,30308426,30308445,19
channel-85077,60311,30308441,30308451,10
channel-783,104265,30308445,30308454,9
channel-1,408418,30308453,30308470,17
channel-85077,60312,30308459,30308467,8
channel-0,4038806,30308459,30308478,19
channel-6994,1324827,30308460,30308500,40
channel-0,4038807,30308461,30308472,11
channel-750,683035,30308463,30308469,6
channel-85077,60313,30308469,30308479,10
channel-85077,60314,30308472,30308482,10
channel-0,4038808,30308481,30308492,11
channel-750,683036,30308481,30308495,14
channel-750,683037,30308481,30308492,11
channel-0,4038809,30308494,30308507,13
channel-0,4038810,30308504,30308515,11
channel-38946,124196,30308508,30308525,17
channel-2,130649,30308511,30308521,10
channel-783,104266,30308524,30308534,10
channel-6994,1324828,30308549,30308591,42
channel-89321,19456,30308554,30308560,6
channel-216,94240,30308560,30308661,101
channel-750,683038,30308577,30308588,11
channel-85077,60315,30308579,30308588,9
channel-874,293151,30308579,30308584,5
channel-750,683039,30308580,30308594,14
channel-2188,43707,30308582,30308587,5
channel-874,293152,30308588,30308593,5
channel-38946,124197,30308588,30308600,12
channel-259,314343,30308591,30308597,6
channel-143,128382,30308593,30308615,22
channel-38946,124198,30308594,30308614,20
channel-6994,1324829,30308595,30308608,13
channel-2188,43708,30308596,30308601,5
channel-85077,60316,30308597,30308605,8
channel-85791,3770,30308598,30308604,6
channel-783,104267,30308610,30308618,8
channel-85077,60317,30308610,30308624,14
channel-75,845059,30308610,30308619,9
channel-750,683040,30308610,30308625,15
channel-38946,124199,30308616,30308633,17
channel-259,314344,30308619,30308626,7
channel-750,683041,30308621,30308636,15
channel-750,683042,30308622,30308636,14
channel-0,4038811,30308628,30308654,26
channel-750,683043,30308631,30308646,15
channel-85077,60318,30308636,30308650,14
channel-216,94241,30308636,30308706,70
channel-38946,124200,30308638,30308651,13
channel-6994,1324830,30308641,30308682,41
channel-750,683044,30308652,30308663,11
channel-6994,1324831,30308657,30308667,10
channel-750,683045,30308664,30308668,4
channel-750,683046,30308674,30308688,14
channel-326,538070,30308680,30308686,6
channel-0,4038812,30308689,30308698,9
channel-750,683047,30308699,30308709,10
channel-85077,60319,30308699,30308706,7
channel-750,683048,30308701,30308712,11
channel-6994,1324832,30308702,30308726,24
channel-75,845060,30308703,30308710,7
channel-38946,124201,30308703,30308717,14
channel-6994,1324833,30308708,30308751,43
channel-85077,60320,30308721,30308730,9
channel-750,683049,30308727,30308750,23
channel-750,683050,30308731,30308760,29
channel-75,845061,30308733,30308749,16
channel-6994,1324834,30308738,30308751,13
channel-0,4038813,30308740,30308749,9
channel-750,683051,30308756,30308760,4
channel-6994,1324835,30308773,30308811,38
channel-122,668064,30308774,30308777,3
channel-6994,1324836,30308790,30308800,10
channel-874,293153,30308797,30308803,6
channel-6994,1324837,30308800,30308807,7
channel-85077,60321,30308801,30308809,8
channel-199,132744,30308803,30308808,5
channel-122,668065,30308804,30308808,4
channel-750,683052,30308805,30308821,16
channel-750,683053,30308808,30308812,4
channel-216,94242,30308808,30308933,125
channel-874,293154,30308818,30308840,22
channel-750,683054,30308824,30308846,22
channel-6994,1324838,30308831,30308872,41
channel-0,4038814,30308843,30308852,9
channel-0,4038815,30308843,30308852,9
channel-750,683055,30308843,30308858,15
channel-89321,19457,30308852,30308878,26
channel-208,1490305,30308853,30308865,12
channel-85077,60322,30308854,30308866,12
channel-750,683056,30308857,30308869,12
channel-0,4038816,30308860,30308873,13
channel-85077,60323,30308862,30308879,17
channel-259,314345,30308865,30308869,4
channel-85077,60324,30308870,30308879,9
channel-6994,1324839,30308877,30308888,11
channel-2188,43709,30308880,30308886,6
channel-0,4038817,30308897,30308907,10
channel-6994,1324840,30308898,30308950,52
channel-208,1490306,30308899,30308910,11
channel-85077,60325,30308901,30308913,12
channel-6994,1324841,30308903,30308959,56
channel-122,668066,30308915,30308920,5
channel-8,43460,30308919,30308946,27
channel-0,4038818,30308920,30308930,10
channel-0,4038819,30308930,30308941,11
channel-750,683057,30308934,30308947,13
channel-1,408419,30308943,30308969,26
channel-199,132745,30308946,30308964,18
channel-143,128383,30308953,30308967,14
channel-208,1490307,30308957,30308970,13
channel-199,132746,30308998,30309007,9
channel-85077,60326,30309002,30309022,20
channel-750,683058,30309011,30309021,10
channel-750,683059,30309012,30309027,15
channel-0,4038820,30309023,30309035,12
channel-85077,60327,30309035,30309047,12
channel-85077,60328,30309036,30309047,11
channel-229,55031,30309036,30309045,9
channel-6994,1324842,30309037,30309062,25
channel-783,104268,30309038,30309048,10
channel-750,683060,30309040,30309053,13
channel-199,132747,30309041,30309052,11
channel-326,538071,30309045,30309054,9
channel-0,4038821,30309059,30309071,12
channel-19774,345990,30309071,30309085,14
channel-85791,3771,30309077,30309091,14
channel-750,683061,30309087,30309104,17
channel-750,683062,30309097,30309102,5
channel-85077,60329,30309099,30309107,8
channel-2188,43710,30309099,30309105,6
channel-2494,31946,30309104,30309114,10
channel-85077,60330,30309118,30309125,7
channel-2188,43711,30309120,30309125,5
channel-1,408420,30309120,30309132,12
channel-2494,31947,30309137,30309146,9
channel-750,683063,30309145,30309155,10
channel-5,184299,30309148,30309157,9
channel-85077,60331,30309152,30309170,18
channel-750,683064,30309166,30309177,11
channel-1,408421,30309171,30309207,36
channel-0,4038822,30309174,30309191,17
channel-750,683065,30309178,30309183,5
channel-85077,60332,30309181,30309191,10
channel-6994,1324843,30309181,30309190,9
channel-750,683066,30309187,30309197,10
channel-750,683067,30309196,30309212,16
channel-750,683068,30309196,30309210,14
channel-2188,43712,30309199,30309204,5
channel-85077,60333,30309202,30309210,8
channel-122,668067,30309206,30309209,3
channel-750,683069,30309210,30309231,21
channel-21113,25336,30309211,30309221,10
channel-85077,60334,30309222,30309231,9
channel-750,683070,30309227,30309235,8
channel-122,668068,30309232,30309236,4
channel-6787,166717,30309233,30309237,4
channel-0,4038823,30309234,30309242,8
channel-85077,60335,30309239,30309248,9
channel-122,668069,30309241,30309244,3
channel-750,683071,30309249,30309260,11
channel-122,668070,30309251,30309255,4
channel-85077,60336,30309257,30309268,11
channel-165,71450,30309268,30309279,11
channel-75,845062,30309270,30309278,8
channel-98451,44,30309270,30309283,13
channel-6994,1324844,30309272,30309284,12
channel-750,683072,30309272,30309284,12
channel-85077,60337,30309274,30309288,14
channel-0,4038824,30309277,30309295,18
channel-122,668071,30309286,30309291,5
channel-6994,1324845,30309291,30309301,10
channel-0,4038825,30309294,30309304,10
channel-0,4038826,30309301,30309314,13
channel-2188,43713,30309303,30309308,5
channel-0,4038827,30309314,30309325,11
channel-750,683073,30309325,30309337,12
channel-85077,60338,30309325,30309333,8
channel-122,668072,30309329,30309332,3
channel-874,293155,30309329,30309334,5
channel-750,683074,30309330,30309341,11
channel-6994,1324846,30309330,30309341,11
channel-85077,60339,30309348,30309358,10
channel-6994,1324847,30309350,30309362,12
channel-122,668073,30309357,30309363,6
channel-0,4038828,30309358,30309378,20
channel-85077,60340,30309363,30309375,12
channel-89321,19458,30309363,30309375,12
channel-85077,60341,30309365,30309375,10
channel-750,683075,30309366,30309371,5
channel-750,683076,30309372,30309378,6
channel-85077,60342,30309374,30309382,8
channel-85077,60343,30309378,30309387,9
channel-750,683077,30309381,30309392,11
channel-750,683078,30309383,30309392,9
channel-122,668074,30309383,30309388,5
channel-2188,43714,30309387,30309391,4
channel-750,683079,30309387,30309402,15
channel-750,683080,30309397,30309406,9
channel-0,4038829,30309401,30309407,6
channel-85077,60344,30309404,30309412,8
channel-750,683081,30309411,30309422,11
channel-6994,1324848,30309416,30309425,9
channel-85077,60345,30309416,30309425,9
channel-750,683082,30309416,30309427,11
channel-85077,60346,30309420,30309427,7
channel-6994,1324849,30309420,30309429,9
channel-326,538072,30309424,30309430,6
channel-4,166975,30309426,30309464,38
channel-750,683083,30309431,30309449,18
channel-750,683084,30309435,30309446,11
channel-2494,31948,30309437,30309449,12
channel-750,683085,30309440,30309449,9
channel-6994,1324850,30309441,30309456,15
channel-89298,18684,30309446,30309452,6
channel-0,4038830,30309446,30309454,8
channel-6994,1324851,30309450,30309460,10
channel-2716,2666,30309452,30309503,51
channel-2188,43715,30309460,30309465,5
channel-0,4038831,30309463,30309470,7
channel-85077,60347,30309468,30309477,9
channel-75,845063,30309471,30309477,6
channel-750,683086,30309476,30309488,12
channel-326,538073,30309482,30309508,26
channel-2188,43716,30309487,30309497,10
channel-85077,60348,30309487,30309498,11
channel-750,683087,30309492,30309505,13
channel-750,683088,30309508,30309524,16
channel-6994,1324852,30309517,30309527,10
channel-750,683089,30309531,30309548,17
channel-874,293156,30309532,30309538,6
channel-750,683090,30309539,30309554,15
channel-85077,60349,30309541,30309559,18
channel-85077,60350,30309545,30309559,14
channel-85077,60351,30309546,30309559,13
channel-750,683091,30309548,30309553,5
channel-6994,1324853,30309548,30309562,14
channel-750,683092,30309560,30309572,12
channel-2716,2667,30309572,30309605,33
channel-750,683093,30309572,30309581,9
channel-75,845064,30309575,30309582,7
channel-199,132748,30309582,30309593,11
channel-750,683094,30309584,30309595,11
channel-85077,60352,30309595,30309607,12
channel-750,683095,30309595,30309600,5
channel-6994,1324854,30309597,30309610,13
channel-750,683096,30309601,30309616,15
channel-750,683097,30309611,30309624,13
channel-750,683098,30309614,30309627,13
channel-750,683099,30309622,30309633,11
channel-750,683100,30309627,30309639,12
channel-88,467131,30309630,30309645,15
channel-750,683101,30309633,30309639,6
channel-85077,60353,30309636,30309644,8
channel-85077,60354,30309636,30309644,8
channel-750,683102,30309638,30309652,14
channel-85077,60355,30309638,30309650,12
channel-6994,1324855,30309639,30309648,9
channel-75,845065,30309642,30309649,7
channel-750,683103,30309643,30309655,12
channel-5,184300,30309643,30309653,10
channel-750,683104,30309644,30309657,13
channel-750,683105,30309650,30309663,13
channel-75,845066,30309651,30309657,6
channel-85077,60356,30309651,30309661,10
channel-750,683106,30309660,30309677,17
channel-85077,60357,30309671,30309683,12
channel-6994,1324856,30309671,30309681,10
channel-89321,19459,30309676,30309687,11
channel-85077,60358,30309680,30309692,12
channel-750,683107,30309681,30309695,14
channel-85077,60359,30309681,30309702,21
channel-89321,19460,30309691,30309700,9
channel-85077,60360,30309691,30309709,18
channel-750,683108,30309694,30309699,5
channel-85077,60361,30309695,30309709,14
channel-85077,60362,30309702,30309720,18
channel-750,683109,30309712,30309716,4
channel-89321,19461,30309714,30309721,7
channel-42,1490026,30309719,30309726,7
channel-750,683110,30309721,30309735,14
channel-750,683111,30309725,30309730,5
channel-204,670812,30309728,30309738,10
channel-0,4038832,30309733,30309758,25
channel-6994,1324857,30309736,30309748,12
channel-750,683112,30309742,30309751,9
channel-208,1490308,30309752,30309763,11
channel-1,408422,30309753,30309781,28
channel-199,132749,30309756,30309770,14
channel-750,683113,30309758,30309766,8
channel-113,301337,30309762,30309803,41
channel-204,670813,30309769,30309777,8
channel-750,683114,30309784,30309796,12
channel-19774,345991,30309784,30309796,12
channel-0,4038833,30309787,30309804,17
channel-204,670814,30309787,30309795,8
channel-85077,60363,30309797,30309807,10
channel-0,4038834,30309797,30309809,12
channel-750,683115,30309809,30309822,13
channel-0,4038835,30309809,30309819,10
channel-2188,43717,30309813,30309816,3
channel-0,4038836,30309817,30309829,12
channel-6994,1324858,30309819,30309831,12
channel-85077,60364,30309831,30309842,11
channel-6994,1324859,30309832,30309844,12
channel-0,4038837,30309833,30309844,11
channel-85077,60365,30309836,30309845,9
channel-122,668075,30309838,30309841,3
channel-874,293157,30309841,30309847,6
channel-0,4038838,30309848,30309859,11
channel-6994,1324860,30309851,30309890,39
channel-19774,345992,30309854,30309879,25
channel-204,670815,30309855,30309862,7
channel-85077,60366,30309856,30309864,8
channel-6994,1324861,30309860,30309871,11
channel-6994,1324862,30309861,30309886,25
channel-750,683116,30309861,30309868,7
channel-85077,60367,30309861,30309874,13
channel-8945,17750,30309862,30309870,8
channel-85077,60368,30309865,30309874,9
channel-85077,60369,30309869,30309880,11
channel-6994,1324863,30309873,30309886,13
channel-412,64596,30309875,30309884,9
channel-85077,60370,30309875,30309885,10
channel-750,683117,30309878,30309884,6
channel-85077,60371,30309879,30309888,9
channel-0,4038839,30309885,30309906,21
channel-874,293158,30309887,30309894,7
channel-199,132750,30309887,30309896,9
channel-6994,1324864,30309890,30309912,22
channel-204,670816,30309891,30309899,8
channel-89321,19462,30309892,30309922,30
channel-0,4038840,30309893,30309922,29
channel-6994,1324865,30309894,30309923,29
channel-750,683118,30309894,30309913,19
channel-320,119207,30309907,30309918,11
channel-750,683119,30309912,30309922,10
channel-6994,1324866,30309915,30309979,64
channel-19774,345993,30309917,30309941,24
channel-750,683120,30309918,30309927,9
channel-750,683121,30309922,30309936,14
channel-750,683122,30309922,30309936,14
channel-2188,43718,30309923,30309927,4
channel-750,683123,30309925,30309929,4
channel-73755,5835,30309926,30309934,8
channel-750,683124,30309927,30309939,12
channel-6787,166718,30309932,30309938,6
channel-320,119208,30309933,30309947,14
channel-204,670817,30309934,30309947,13
channel-6994,1324867,30309944,30309955,11
channel-0,4038841,30309948,30309970,22
channel-6994,1324868,30309949,30310005,56
channel-492,20119,30309950,30309959,9
channel-75,845067,30309951,30309956,5
channel-6994,1324869,30309952,30309979,27
channel-6994,1324870,30309953,30309979,26
channel-2188,43719,30309957,30309961,4
channel-75,845068,30309964,30309971,7
channel-19774,345994,30309965,30309987,22
channel-0,4038842,30309965,30309974,9
channel-412,64597,30309966,30309975,9
channel-326,538074,30309967,30309971,4
channel-6994,1324871,30309970,30309984,14
channel-750,683125,30309985,30309996,11
channel-85077,60372,30309985,30309996,11
channel-0,4038843,30309987,30310015,28
channel-320,119209,30309987,30310009,22
channel-750,683126,30309989,30309999,10
channel-750,683127,30309995,30310000,5
channel-750,683128,30309999,30310012,13
channel-326,538075,30310002,30310007,5
channel-19774,345995,30310006,30310026,20
channel-85077,60373,30310007,30310015,8
channel-2188,43720,30310009,30310014,5
channel-2188,43721,30310009,30310014,5
channel-6994,1324873,30310010,30310041,31
channel-6994,1324874,30310010,30310024,14
channel-85077,60374,30310010,30310021,11
channel-0,4038844,30310015,30310039,24
channel-122,668076,30310015,30310019,4
channel-0,4038845,30310024,30310034,10
channel-113,301338,30310031,30310232,201
channel-19774,345996,30310031,30310042,11
channel-6994,1324875,30310032,30310057,25
channel-0,4038846,30310038,30310056,18
channel-750,683129,30310041,30310057,16
channel-1429,140733,30310041,30310051,10
channel-750,683130,30310048,30310055,7
channel-6994,1324876,30310050,30310074,24
channel-19774,345997,30310050,30310068,18
channel-75,845069,30310052,30310057,5
channel-6994,1324877,30310053,30310119,66
channel-6994,1324878,30310056,30310065,9
channel-85077,60375,30310057,30310066,9
channel-204,670818,30310061,30310069,8
channel-0,4038847,30310063,30310074,11
channel-750,683131,30310066,30310077,11
channel-6994,1324879,30310067,30310095,28
channel-75,845070,30310067,30310073,6
channel-6994,1324880,30310069,30310088,19
channel-85077,60376,30310071,30310079,8
channel-6994,1324881,30310072,30310100,28
channel-6994,1324882,30310072,30310100,28
channel-216,94243,30310077,30310165,88
channel-2188,43722,30310077,30310082,5
channel-4,166976,30310085,30310098,13
channel-91017,2855,30310086,30310099,13
channel-0,4038848,30310087,30310096,9
channel-19774,345998,30310092,30310119,27
channel-2188,43723,30310095,30310100,5
channel-750,683132,30310098,30310108,10
channel-85077,60377,30310101,30310119,18
channel-6994,1324883,30310102,30310114,12
channel-89321,19463,30310107,30310120,13
channel-6994,1324884,30310109,30310119,10
channel-6994,1324885,30310114,30310142,28
channel-750,683133,30310117,30310129,12
channel-122,668077,30310118,30310131,13
channel-6994,1324886,30310119,30310175,56
channel-0,4038849,30310119,30310130,11
channel-750,683134,30310121,30310128,7
channel-750,683135,30310122,30310132,10
channel-412,64598,30310122,30310135,13
channel-0,4038850,30310125,30310134,9
channel-208,1490309,30310129,30310139,10
channel-750,683136,30310131,30310137,6
channel-85077,60378,30310132,30310143,11
channel-6994,1324887,30310133,30310146,13
channel-0,4038851,30310134,30310156,22
channel-6994,1324888,30310135,30310149,14
channel-19774,345999,30310138,30310158,20
channel-85077,60379,30310138,30310148,10
channel-89321,19464,30310141,30310147,6
channel-0,4038852,30310143,30310166,23
channel-88,467132,30310143,30310155,12
channel-87,182904,30310145,30310205,60
channel-208,1490310,30310146,30310156,10
channel-2188,43724,30310148,30310153,5
channel-75,845071,30310152,30310161,9
channel-259,314346,30310156,30310163,7
channel-2188,43725,30310156,30310165,9
channel-6994,1324889,30310158,30310184,26
channel-199,132751,30310159,30310182,23
channel-87,182905,30310163,30310220,57
channel-874,293159,30310166,30310175,9
channel-326,538076,30310169,30310200,31
channel-0,4038853,30310169,30310181,12
channel-85077,60380,30310171,30310181,10
channel-412,64599,30310172,30310192,20
channel-19774,346000,30310174,30310198,24
channel-1,408423,30310176,30310222,46
channel-0,4038854,30310178,30310202,24
channel-0,4038855,30310178,30310190,12
channel-874,293160,30310183,30310198,15
channel-204,670819,30310185,30310193,8
channel-85077,60381,30310185,30310196,11
channel-85077,60382,30310187,30310198,11
channel-412,64600,30310188,30310198,10
channel-85077,60383,30310190,30310205,15
channel-6994,1324890,30310193,30310246,53
channel-0,4038856,30310194,30310220,26
channel-6994,1324891,30310197,30310205,8
channel-6994,1324892,30310197,30310229,32
channel-750,683137,30310198,30310211,13
channel-874,293161,30310200,30310220,20
channel-783,104269,30310203,30310208,5
channel-750,683138,30310206,30310215,9
channel-75,845072,30310207,30310225,18
channel-2188,43726,30310208,30310212,4
channel-0,4038857,30310209,30310220,11
channel-216,94244,30310212,30310300,88
channel-750,683139,30310212,30310226,14
channel-259,314347,30310212,30310220,8
channel-89321,19465,30310212,30310223,11
channel-75016,4650,30310215,30310234,19
channel-181,13592,30310218,30310228,10
channel-874,293162,30310218,30310226,8
channel-19774,346001,30310218,30310235,17
channel-750,683140,30310218,30310228,10
channel-85077,60384,30310224,30310231,7
channel-0,4038858,30310224,30310249,25
channel-0,4038859,30310224,30310232,8
channel-750,683141,30310228,30310232,4
channel-19774,346002,30310228,30310239,11
channel-199,132752,30310228,30310238,10
channel-19774,346003,30310229,30310239,10
channel-91017,2856,30310230,30310239,9
channel-874,293163,30310230,30310236,6
channel-326,538077,30310230,30310236,6
channel-82,18956,30310232,30310271,39
channel-6994,1324893,30310236,30341221,30985
channel-326,538078,30310237,30310243,6
channel-232,49204,30310237,30310255,18
channel-750,683142,30310238,30310245,7
channel-73755,5836,30310239,30310249,10
channel-750,683143,30310240,30310249,9
channel-2188,43727,30310242,30310246,4
channel-75,845073,30310243,30310256,13
channel-4,166977,30310244,30310251,7
channel-208,1490311,30310244,30310251,7
channel-42,1490027,30310245,30310251,6
channel-0,4038860,30310246,30310252,6
channel-6994,1324894,30310247,30310271,24
channel-0,4038861,30310249,30310257,8
channel-6994,1324895,30310249,30310275,26
channel-204,670820,30310250,30310258,8
channel-204,670821,30310252,30310539,287
channel-326,538079,30310252,30310263,11
channel-412,64601,30310254,30310265,11
channel-0,4038862,30310254,30310282,28
channel-783,104270,30310254,30310261,7
channel-208,1490312,30310255,30310266,11
channel-75,845074,30310256,30310264,8
channel-0,4038863,30310260,30310286,26
channel-108,39851,30310261,30310285,24
channel-5,184301,30310261,30310269,8
channel-874,293164,30310263,30310270,7
channel-77,50266,30310263,30310271,8
channel-5,184302,30310266,30310275,9
channel-85077,60385,30310267,30310277,10
channel-6787,166719,30310269,30310274,5
channel-0,4038864,30310271,30310296,25
channel-85077,60386,30310273,30310283,10
channel-259,314348,30310273,30310280,7
channel-20082,9887,30310274,30310285,11
channel-19774,346004,30310274,30310285,11
channel-184,137425,30310276,30310287,11
channel-750,683144,30310279,30310295,16
channel-2188,43728,30310279,30310284,5
channel-208,1490313,30310280,30310292,12
channel-19774,346005,30310281,30310291,10
channel-0,4038865,30310281,30310298,17
channel-89321,19466,30310282,30310291,9
channel-88,467133,30310285,30310315,30
channel-1424,7342,30310285,30310298,13
channel-783,104271,30310285,30310292,7
channel-0,4038866,30310286,30310296,10
channel-89321,19467,30310286,30310296,10
channel-874,293165,30310287,30310294,7
channel-0,4038867,30310288,30310319,31
channel-783,104272,30310289,30310299,10
channel-6994,1324897,30310293,30310304,11
channel-89321,19468,30310298,30310303,5
channel-91017,2857,30310305,30310316,11
channel-750,683145,30310305,30310321,16
channel-0,4038868,30310307,30310316,9
channel-750,683146,30310310,30310317,7
channel-85077,60387,30310311,30310320,9
channel-208,1490314,30310312,30310323,11
channel-0,4038869,30310312,30310333,21
channel-122,668078,30310314,30310317,3
channel-326,538080,30310316,30310324,8
channel-1,408424,30310320,30310331,11
channel-2494,31949,30310321,30310331,10
channel-15464,2660,30310322,30310332,10
channel-874,293166,30310326,30310334,8
channel-874,293167,30310328,30310334,6
channel-6994,1324898,30310332,30310378,46
channel-874,293168,30310333,30310339,6
channel-143,128384,30310336,30310379,43
channel-783,104273,30310336,30310345,9
channel-19774,346006,30310337,30310347,10
channel-2188,43729,30310342,30310346,4
channel-85077,60388,30310342,30310353,11
channel-783,104274,30310345,30310358,13
channel-75016,4651,30310348,30310372,24
channel-874,293169,30310351,30310370,19
channel-783,104275,30310353,30310367,14
channel-6994,1324899,30310353,30310362,9
channel-0,4038870,30310365,30310390,25
channel-750,683147,30310370,30310382,12
channel-874,293170,30310370,30310381,11
channel-750,683148,30310374,30310378,4
channel-2188,43730,30310378,30310383,5
channel-750,683149,30310379,30310391,12
channel-204,670822,30310384,30310391,7
channel-1,408425,30310385,30310445,60
channel-1,408426,30310391,30310445,54
channel-874,293171,30310397,30310404,7
channel-208,1490315,30310397,30310408,11
channel-2188,43731,30310398,30310404,6
channel-642,126513,30310399,30310426,27
channel-0,4038871,30310399,30310429,30
channel-874,293172,30310405,30310409,4
channel-6994,1324900,30310405,30310444,39
channel-874,293173,30310405,30310418,13
channel-85077,60389,30310407,30310414,7
channel-750,683150,30310409,30310424,15
channel-750,683151,30310415,30310420,5
channel-143,128385,30310415,30310426,11
channel-0,4038872,30310418,30310429,11
channel-6994,1324901,30310419,30310431,12
channel-208,1490316,30310421,30310431,10
channel-412,64602,30310421,30310431,10
channel-21113,25337,30310422,30310429,7
channel-750,683152,30310424,30310438,14
channel-874,293174,30310425,30310445,20
channel-874,293175,30310426,30310447,21
channel-874,293176,30310426,30310435,9
channel-0,4038873,30310429,30310460,31
channel-0,4038874,30310429,30310456,27
channel-874,293177,30310429,30310437,8
channel-85077,60390,30310429,30310438,9
channel-85077,60391,30310429,30310438,9
channel-6994,1324902,30310431,30310444,13
channel-0,4038875,30310431,30310441,10
channel-4,166978,30310432,30310442,10
channel-0,4038876,30310435,30310460,25
channel-0,4038877,30310436,30310456,20
channel-208,1490317,30310437,30310448,11
channel-874,293178,30310438,30310445,7
channel-6994,1324903,30310444,30310458,14
channel-874,293179,30310446,30310453,7
channel-2494,31950,30310449,30310461,12
channel-6994,1324904,30310449,30310477,28
channel-750,683153,30310450,30310460,10
channel-91017,2858,30310451,30310461,10
channel-783,104276,30310458,30310463,5
channel-874,293180,30310458,30310462,4
channel-82,18957,30310461,30310502,41
channel-874,293181,30310465,30310479,14
channel-208,1490318,30310466,30310479,13
channel-874,293182,30310467,30310479,12
channel-75,845075,30310471,30310480,9
channel-85077,60392,30310472,30310485,13
channel-0,4038878,30310474,30310499,25
channel-208,1490319,30310475,30310485,10
channel-874,293183,30310475,30310491,16
channel-19774,346007,30310479,30310493,14
channel-6994,1324906,30310480,30310491,11
channel-750,683154,30310484,30310494,10
channel-6994,1324907,30310487,30310495,8
channel-874,293184,30310488,30310492,4
channel-2694,3301,30310490,30310502,12
channel-6994,1324908,30310490,30310512,22
channel-73,51339,30310491,30310503,12
channel-874,293185,30310491,30310497,6
channel-2188,43732,30310495,30310500,5
channel-2188,43733,30310502,30310506,4
channel-85077,60393,30310506,30310518,12
channel-874,293186,30310506,30310519,13
channel-85077,60394,30310508,30310519,11
channel-782,310206,30310510,30310516,6
channel-75016,4652,30310516,30310536,20
channel-208,1490320,30310517,30310530,13
channel-94814,3772,30310521,30310534,13
channel-874,293187,30310522,30310528,6
channel-874,293188,30310523,30310533,10
channel-6994,1324909,30310523,30310546,23
channel-122,668079,30310525,30310530,5
channel-122,668080,30310525,30310530,5
channel-2,130650,30310527,30310537,10
channel-19774,346008,30310530,30310541,11
channel-874,293189,30310530,30310539,9
channel-0,4038879,30310532,30310542,10
channel-750,683155,30310533,30310542,9
channel-0,4038880,30310533,30310542,9
channel-38946,124202,30310534,30310546,12
channel-88,467134,30310535,30310545,10
channel-6994,1324910,30310536,30310602,66
channel-199,132753,30310538,30310567,29
channel-85077,60395,30310540,30310549,9
channel-874,293190,30310541,30310548,7
channel-91017,2859,30310541,30310552,11
channel-6994,1324911,30310543,30310558,15
channel-208,1490321,30310554,30310567,13
channel-122,668081,30310555,30310561,6
channel-6994,1324912,30310555,30310570,15
channel-874,293191,30310556,30310561,5
channel-782,310207,30310558,30310563,5
channel-85077,60396,30310559,30310569,10
channel-750,683156,30310560,30310572,12
channel-874,293192,30310561,30310567,6
channel-750,683157,30310562,30310571,9
channel-75,845076,30310570,30310583,13
channel-874,293193,30310572,30310578,6
channel-85077,60397,30310576,30310585,9
channel-89321,19469,30310579,30310591,12
channel-750,683158,30310579,30310584,5
channel-91017,2860,30310579,30310590,11
channel-122,668082,30310579,30310583,4
channel-6994,1324913,30310579,30310592,13
channel-750,683159,30310590,30310601,11
channel-89298,18685,30310590,30310600,10
channel-874,293194,30310591,30310596,5
channel-2694,3302,30310595,30310617,22
channel-1424,7343,30310600,30310609,9
channel-874,293195,30310602,30310609,7
channel-20082,9888,30310609,30310618,9
channel-6994,1324914,30310609,30310622,13
channel-874,293196,30310613,30310620,7
channel-750,683160,30310617,30310630,13
channel-6994,1324915,30310618,30310631,13
channel-6994,1324916,30310618,30310670,52
channel-750,683161,30310618,30310632,14
channel-2188,43734,30310620,30310625,5
channel-143,128386,30310624,30310635,11
channel-4,166979,30310627,30310637,10
channel-874,293197,30310635,30310642,7
channel-874,293198,30310637,30310642,5
channel-85077,60398,30310638,30310648,10
channel-782,310208,30310640,30310646,6
channel-208,1490322,30310640,30310650,10
channel-208,1490323,30310641,30310650,9
channel-2188,43735,30310644,30310648,4
channel-6994,1324917,30310647,30310661,14
channel-208,1490324,30310650,30310660,10
channel-122,668083,30310656,30310661,5
channel-750,683162,30310656,30310669,13
channel-184,137426,30310660,30310670,10
channel-0,4038881,30310663,30310671,8
channel-4,166980,30310663,30310702,39
channel-38946,124203,30310667,30310691,24
channel-0,4038882,30310671,30310693,22
channel-326,538081,30310671,30310679,8
channel-85077,60399,30310671,30310680,9
channel-76971,12244,30310673,30310688,15
channel-6994,1324918,30310675,30310687,12
channel-85077,60400,30310675,30310683,8
channel-750,683163,30310678,30310697,19
channel-91017,2861,30310680,30310693,13
channel-208,1490325,30310685,30310698,13
channel-88,467135,30310688,30310702,14
channel-750,683164,30310689,30310701,12
channel-1,408427,30310693,30310707,14
channel-2188,43736,30310694,30310699,5
channel-0,4038883,30310697,30310707,10
channel-750,683165,30310697,30310708,11
channel-874,293199,30310698,30310705,7
channel-4,166981,30310698,30310735,37
channel-42,1490028,30310700,30310707,7
channel-208,1490326,30310702,30310713,11
channel-143,128387,30310702,30310712,10
channel-0,4038884,30310707,30310717,10
channel-91017,2862,30310711,30310722,11
channel-85791,3772,30310715,30310722,7
channel-874,293200,30310716,30310723,7
channel-750,683166,30310718,30310735,17
channel-208,1490327,30310725,30310735,10
channel-2188,43737,30310726,30310730,4
channel-0,4038885,30310727,30310737,10
channel-750,683167,30310728,30310737,9
channel-184,137427,30310729,30310741,12
channel-4,166982,30310730,30310789,59
channel-208,1490328,30310730,30310740,10
channel-8945,17751,30310734,30310758,24
channel-782,310209,30310735,30310741,6
channel-0,4038886,30310737,30310746,9
channel-85077,60401,30310746,30310756,10
channel-91017,2863,30310748,30310766,18
channel-19774,346009,30310750,30310760,10
channel-2188,43738,30310752,30310757,5
channel-750,683168,30310752,30310756,4
channel-208,1490329,30310757,30310766,9
channel-750,683169,30310764,30310780,16
channel-6994,1324919,30310764,30310776,12
channel-326,538082,30310773,30310778,5
channel-208,1490330,30310773,30310783,10
channel-1,408428,30310774,30310783,9
channel-750,683170,30310775,30310779,4
channel-2188,43739,30310777,30310781,4
channel-783,104277,30310777,30310784,7
channel-874,293201,30310778,30310782,4
channel-2188,43740,30310780,30310784,4
channel-750,683171,30310781,30310791,10
channel-75,845077,30310782,30310791,9
channel-326,538083,30310788,30310795,7
channel-85077,60402,30310794,30310805,11
channel-412,64603,30310796,30310807,11
channel-6994,1324920,30310798,30310811,13
channel-47,198641,30310802,30310819,17
channel-2188,43741,30310803,30310808,5
channel-122,668084,30310803,30310809,6
channel-75,845078,30310803,30310810,7
channel-750,683172,30310812,30310824,12
channel-326,538084,30310812,30310820,8
channel-750,683173,30310817,30310825,8
channel-85077,60403,30310817,30310828,11
channel-208,1490331,30310819,30310832,13
channel-208,1490332,30310820,30310832,12
channel-0,4038887,30310832,30310850,18
channel-208,1490333,30310833,30310843,10
channel-122,668085,30310840,30310847,7
channel-208,1490334,30310842,30310853,11
channel-2188,43742,30310846,30310850,4
channel-874,293202,30310848,30310855,7
channel-326,538085,30310850,30310857,7
channel-874,293203,30310850,30310856,6
channel-0,4038888,30310855,30310863,8
channel-2188,43743,30310859,30310863,4
channel-750,683174,30310873,30310882,9
channel-122,668086,30310876,30310880,4
channel-642,126514,30310876,30310888,12
channel-85077,60404,30310879,30310890,11
channel-412,64604,30310881,30310892,11
channel-113,301339,30310882,30310927,45
channel-94814,3773,30310883,30310893,10
channel-2694,3303,30310883,30310910,27
channel-0,4038889,30310885,30310907,22
channel-2,130651,30310887,30310899,12
channel-0,4038890,30310889,30310903,14
channel-85077,60405,30310890,30310900,10
channel-88,467136,30310891,30310917,26
channel-750,683175,30310894,30310898,4
channel-1,408429,30310898,30310933,35
channel-642,126515,30310904,30310920,16
channel-22172,2619,30310905,30310920,15
channel-75,845079,30310906,30310913,7
channel-0,4038891,30310913,30310927,14
channel-113,301340,30310914,30310962,48
channel-91017,2864,30310919,30310930,11
channel-750,683176,30310924,30310933,9
channel-75755,5543,30310924,30310935,11
channel-79703,4450,30310927,30310938,11
channel-750,683177,30310936,30310944,8
channel-874,293204,30310942,30310949,7
channel-874,293205,30310943,30310949,6
channel-6994,1324921,30310945,30310956,11
channel-6787,166720,30310953,30310958,5
channel-0,4038892,30310956,30310965,9
channel-6994,1324922,30310960,30310971,11
channel-75,845080,30310960,30310969,9
channel-2188,43744,30310961,30310966,5
channel-2494,31951,30310964,30310975,11
channel-259,314349,30310965,30310972,7
channel-75,845081,30310968,30310980,12
channel-0,4038893,30310977,30310988,11
channel-85077,60406,30310980,30310989,9
channel-874,293206,30310981,30310987,6
channel-750,683178,30310985,30311007,22
channel-750,683179,30310988,30310997,9
channel-750,683180,30311005,30311020,15
channel-259,314350,30311007,30311013,6
channel-750,683181,30311015,30311024,9
channel-750,683182,30311020,30311024,4
channel-122,668087,30311032,30311038,6
channel-75016,4653,30311033,30311059,26
channel-85077,60407,30311033,30311046,13
channel-208,1490335,30311037,30311048,11
channel-326,538086,30311038,30311044,6
channel-874,293207,30311039,30311048,9
channel-2494,31952,30311040,30311053,13
channel-642,126516,30311042,30311055,13
channel-91017,2865,30311042,30311058,16
channel-750,683183,30311044,30311055,11
channel-6994,1324923,30311044,30311067,23
channel-6994,1324924,30311044,30311055,11
channel-85077,60408,30311045,30311055,10
channel-113,301341,30311045,30311104,59
channel-750,683184,30311045,30311052,7
channel-19774,346010,30311048,30311059,11
channel-326,538087,30311053,30311059,6
channel-6994,1324925,30311054,30311096,42
channel-750,683185,30311054,30311064,10
channel-19774,346011,30311056,30311064,8
channel-19774,346012,30311057,30311068,11
channel-412,64605,30311059,30311078,19
channel-91017,2866,30311059,30311070,11
channel-874,293208,30311059,30311064,5
channel-122,668088,30311059,30311064,5
channel-874,293209,30311059,30311068,9
channel-6994,1324926,30311061,30311072,11
channel-5,184303,30311061,30311072,11
channel-75,845082,30311064,30311071,7
channel-85077,60409,30311066,30311077,11
channel-874,293210,30311066,30311074,8
channel-2188,43745,30311068,30311072,4
channel-122,668089,30311069,30311086,17
channel-750,683186,30311069,30311081,12
channel-208,1490336,30311069,30311077,8
channel-85077,60410,30311072,30311086,14
channel-0,4038894,30311075,30311090,15
channel-19774,346013,30311080,30311089,9
channel-6994,1324927,30311080,30311091,11
channel-0,4038895,30311083,30311104,21
channel-122,668090,30311084,30311113,29
channel-6994,1324928,30311084,30311096,12
channel-750,683187,30311084,30311115,31
channel-91017,2867,30311084,30311094,10
channel-75016,4654,30311085,30311133,48
channel-874,293211,30311088,30311096,8
channel-19774,346014,30311089,30311097,8
channel-750,683188,30311091,30311096,5
channel-412,64606,30311093,30311110,17
channel-4,166983,30311093,30311153,60
channel-1424,7344,30311093,30311101,8
channel-85077,60411,30311093,30311101,8
channel-874,293212,30311093,30312569,1476
channel-642,126517,30311093,30311157,64
channel-77,50267,30311093,30311103,10
channel-0,4038896,30311094,30311119,25
channel-5,184304,30311095,30311103,8
channel-750,683189,30311096,30311118,22
channel-259,314351,30311096,30311101,5
channel-750,683190,30311096,30311118,22
channel-208,1490337,30311096,30311108,12
channel-0,4038897,30311099,30311109,10
channel-208,1490338,30311100,30311113,13
channel-750,683191,30311100,30311106,6
channel-85186,860,30311102,30311115,13
channel-874,293213,30311102,30311109,7
channel-85077,60412,30311103,30311119,16
channel-750,683192,30311104,30311126,22
channel-5,184305,30311104,30311116,12
channel-0,4038898,30311105,30311127,22
channel-75,845083,30311108,30311115,7
channel-113,301342,30311110,30311183,73
channel-75,845084,30311111,30311117,6
channel-874,293214,30311117,30311125,8
channel-122,668091,30311119,30311123,4
channel-208,1490339,30311120,30311130,10
channel-208,1490340,30311120,30311130,10
channel-259,314352,30311120,30311127,7
channel-19774,346015,30311121,30311130,9
channel-6787,166721,30311121,30311126,5
channel-750,683193,30311121,30311130,9
channel-85077,60413,30311122,30311133,11
channel-0,4038899,30311124,30311137,13
channel-874,293215,30311125,30311132,7
channel-75016,4655,30311125,30311150,25
channel-874,293216,30311127,30311134,7
channel-85077,60414,30311127,30311142,15
channel-19774,346016,30311127,30311140,13
channel-208,1490341,30311131,30311140,9
channel-208,1490342,30311132,30311145,13
channel-783,104278,30311132,30311145,13
channel-783,104279,30311132,30311145,13
channel-6994,1324930,30311133,30311146,13
channel-326,538088,30311137,30311145,8
channel-5,184306,30311137,30311145,8
channel-19774,346017,30311140,30311147,7
channel-2188,43746,30311141,30311145,4
channel-208,1490343,30311144,30311154,10
channel-5,184307,30311145,30311156,11
channel-6994,1324931,30311147,30311159,12
channel-91017,2868,30311151,30311163,12
channel-208,1490344,30311152,30311163,11
channel-143,128388,30311153,30311177,24
channel-412,64607,30311154,30311165,11
channel-208,1490345,30311157,30311169,12
channel-750,683194,30311159,30311165,6
channel-874,293217,30311160,30311168,8
channel-874,293218,30311160,30311169,9
channel-874,293219,30311162,30311169,7
channel-6994,1324932,30311162,30311176,14
channel-208,1490346,30311162,30311173,11
channel-4,166984,30311164,30311217,53
channel-750,683195,30311164,30311171,7
channel-0,4038900,30311165,30311176,11
channel-75016,4656,30311165,30311190,25
channel-208,1490347,30311168,30311178,10
channel-19774,346018,30311169,30311182,13
channel-85077,60415,30311171,30311183,12
channel-0,4038901,30311174,30311185,11
channel-5,184308,30311176,30311186,10
channel-750,683196,30311176,30311190,14
channel-2188,43747,30311180,30311185,5
channel-87,182906,30311181,30311215,34
channel-1,408430,30311183,30311214,31
channel-208,1490348,30311184,30311196,12
channel-1424,7345,30311185,30311196,11
channel-0,4038902,30311185,30311193,8
channel-208,1490349,30311186,30311196,10
channel-6994,1324933,30311188,30311242,54
channel-874,293220,30311189,30311193,4
channel-15464,2661,30311189,30311203,14
channel-87,182907,30311190,30311236,46
channel-91017,2869,30311190,30311201,11
channel-208,1490350,30311190,30311201,11
channel-750,683197,30311191,30311205,14
channel-874,293221,30311191,30311207,16
channel-750,683198,30311191,30311201,10
channel-750,683199,30311191,30311210,19
channel-783,104280,30311192,30311199,7
channel-0,4038903,30311192,30311217,25
channel-5,184309,30311196,30311206,10
channel-87,182908,30311197,30311247,50
channel-874,293222,30311199,30311207,8
channel-208,1490351,30311199,30311209,10
channel-4,166985,30311200,30311243,43
channel-5,184310,30311200,30311208,8
channel-750,683200,30311201,30311215,14
channel-6994,1324934,30311201,30311214,13
channel-5,184311,30311201,30311208,7
channel-122,668092,30311203,30311206,3
channel-87,182909,30311204,30311250,46
channel-75016,4657,30311206,30311225,19
channel-750,683201,30311210,30311217,7
channel-0,4038904,30311211,30311231,20
channel-94814,3774,30311215,30311229,14
channel-5,184312,30311215,30311226,11
channel-75016,4658,30311216,30311245,29
channel-122,668093,30311218,30311221,3
channel-87,182910,30311219,30311259,40
channel-2694,3304,30311220,30311252,32
channel-750,683202,30311220,30311225,5
channel-208,1490352,30311222,30311234,12
channel-2,130652,30311225,30311237,12
channel-6994,1324935,30311227,30311242,15
channel-326,538089,30311229,30311234,5
channel-122,668094,30311232,30311236,4
channel-5,184313,30311234,30311245,11
channel-19774,346019,30311235,30311245,10
channel-5,184314,30311236,30311248,12
channel-750,683203,30311237,30311247,10
channel-750,683204,30311238,30311247,9
channel-1429,140734,30311241,30311252,11
channel-0,4038905,30311242,30311251,9
channel-1429,140735,30311245,30311257,12
channel-4,166986,30311246,30311275,29
channel-750,683205,30311246,30311253,7
channel-874,293223,30311247,30311253,6
channel-79180,3375,30311247,30311259,12
channel-91017,2870,30311248,30311264,16
channel-208,1490353,30311251,30311260,9
channel-750,683206,30311254,30311365,111
channel-208,1490354,30311259,30311269,10
channel-259,314353,30311262,30311269,7
channel-5,184315,30311263,30311271,8
channel-2188,43748,30311266,30311269,3
channel-0,4038906,30311267,30311278,11
channel-208,1490355,30311268,30311279,11
channel-750,683207,30311269,30311288,19
channel-326,538090,30311269,30311276,7
channel-143,128389,30311274,30311310,36
channel-874,293224,30311279,30311285,6
channel-115,20410,30311281,30311294,13
channel-750,683208,30311283,30311288,5
channel-6787,166722,30311285,30311289,4
channel-0,4038907,30311289,30311315,26
channel-750,683209,30311290,30311295,5
channel-750,683210,30311291,30311295,4
channel-6994,1324936,30311292,30311337,45
channel-750,683211,30311294,30311305,11
channel-95,331597,30311295,30311313,18
channel-208,1490356,30311303,30311315,12
channel-750,683212,30311308,30311321,13
channel-750,683213,30311310,30311315,5
channel-874,293225,30311313,30311319,6
channel-22172,2620,30311317,30311331,14
channel-750,683214,30311318,30311323,5
channel-95,331598,30311321,30311334,13
channel-750,683215,30311322,30311332,10
channel-0,4038908,30311322,30311333,11
channel-108,39852,30311334,30311386,52
channel-108,39853,30311336,30311386,50
channel-19774,346020,30311337,30311343,6
channel-874,293226,30311340,30311347,7
channel-6994,1324937,30311340,30311352,12
channel-4,166987,30311345,30311355,10
channel-82,18958,30311347,30311401,54
channel-2188,43749,30311348,30311352,4
channel-0,4038909,30311353,30311363,10
channel-2694,3305,30311356,30311385,29
channel-188,190588,30311359,30311400,41
channel-208,1490357,30311360,30311371,11
channel-750,683216,30311360,30311366,6
channel-208,1490358,30311363,30311371,8
channel-42,1490029,30311365,30311371,6
channel-143,128390,30311365,30311389,24
channel-326,538091,30311366,30311372,6
channel-6994,1324938,30311369,30311383,14
channel-143,128391,30311369,30311437,68
channel-6994,1324939,30311370,30311383,13
channel-874,293227,30311371,30311377,6
channel-144,86691,30311371,30311382,11
channel-5,184316,30311373,30311381,8
channel-750,683217,30311374,30311385,11
channel-6994,1324940,30311385,30311401,16
channel-750,683218,30311389,30311399,10
channel-4,166988,30311398,30311425,27
channel-0,4038910,30311399,30311410,11
channel-208,1490359,30311399,30311408,9
channel-750,683219,30311408,30311414,6
channel-874,293228,30311409,30311417,8
channel-208,1490360,30311410,30311421,11
channel-2188,43750,30311414,30311419,5
channel-4,166989,30311417,30311445,28
channel-19774,346021,30311419,30311433,14
channel-6994,1324941,30311419,30311431,12
channel-75016,4659,30311419,30311457,38
channel-122,668095,30311421,30311425,4
channel-750,683220,30311424,30311444,20
channel-199,132754,30311425,30311435,10
channel-750,683221,30311425,30311444,19
channel-5,184317,30311425,30311435,10
channel-6994,1324942,30311428,30311478,50
channel-0,4038911,30311433,30311458,25
channel-874,293229,30311435,30311441,6
channel-2,130653,30311438,30311449,11
channel-2188,43751,30311440,30311445,5
channel-0,4038912,30311440,30311469,29
channel-6994,1324943,30311441,30311468,27
channel-340,3182,30311443,30311452,9
channel-874,293230,30311444,30311449,5
channel-412,64608,30311446,30311455,9
channel-75,845085,30311448,30311455,7
channel-326,538092,30311450,30311456,6
channel-326,538093,30311454,30311458,4
channel-6994,1324944,30311455,30311464,9
channel-6994,1324945,30311457,30311469,12
channel-4,166990,30311459,30311501,42
channel-750,683222,30311463,30311467,4
channel-0,4038913,30311465,30311477,12
channel-874,293231,30311467,30311476,9
channel-2188,43752,30311468,30311473,5
channel-0,4038914,30311469,30311483,14
channel-0,4038915,30311479,30311493,14
channel-874,293232,30311480,30311487,7
channel-199,132755,30311480,30311508,28
channel-2694,3306,30311483,30311514,31
channel-4,166991,30311485,30311511,26
channel-0,4038916,30311485,30311498,13
channel-0,4038917,30311486,30311508,22
channel-750,683223,30311486,30311519,33
channel-19774,346022,30311486,30311499,13
channel-72,516432,30311491,30311535,44
channel-0,4038918,30311494,30311515,21
channel-0,4038919,30311496,30311515,19
channel-19774,346023,30311498,30311506,8
channel-750,683224,30311498,30311503,5
channel-2188,43753,30311499,30311504,5
channel-326,538094,30311499,30311504,5
channel-6994,1324946,30311500,30311566,66
channel-874,293233,30311502,30311509,7
channel-750,683225,30311506,30311519,13
channel-0,4038920,30311508,30311525,17
channel-874,293234,30311510,30311515,5
channel-85077,60416,30311512,30311520,8
channel-412,64609,30311513,30311520,7
channel-750,683226,30311513,30311527,14
channel-874,293235,30311515,30311520,5
channel-874,293236,30311515,30311749,234
channel-750,683227,30311515,30311519,4
channel-2188,43754,30311520,30311525,5
channel-19774,346024,30311520,30311529,9
channel-6787,166723,30311523,30311529,6
channel-874,293237,30311523,30311530,7
channel-19774,346025,30311524,30311532,8
channel-85077,60417,30311525,30311537,12
channel-85077,60418,30311526,30311539,13
channel-0,4038921,30311527,30311537,10
channel-412,64610,30311529,30311543,14
channel-208,1490361,30311529,30311540,11
channel-75755,5544,30311529,30311543,14
channel-0,4038922,30311529,30311542,13
channel-750,683228,30311529,30311534,5
channel-19774,346026,30311533,30311540,7
channel-208,1490362,30311536,30311545,9
channel-750,683229,30311539,30311549,10
channel-85077,60419,30311539,30311552,13
channel-874,293238,30311539,30311545,6
channel-874,293239,30311540,30311749,209
channel-85077,60420,30311542,30311560,18
channel-85077,60421,30311543,30311555,12
channel-0,4038923,30311543,30311553,10
channel-874,293240,30311545,30311554,9
channel-6787,166724,30311545,30311549,4
channel-88,467137,30311547,30311573,26
channel-874,293241,30311547,30311555,8
channel-144,86692,30311548,30311557,9
channel-6994,1324947,30311551,30311582,31
channel-750,683230,30311552,30311561,9
channel-85077,60422,30311553,30311564,11
channel-4,166992,30311553,30311587,34
channel-2188,43755,30311557,30311563,6
channel-19774,346027,30311557,30311568,11
channel-0,4038924,30311557,30311581,24
channel-122,668096,30311559,30311562,3
channel-208,1490363,30311561,30311573,12
channel-19774,346028,30311561,30311573,12
channel-4,166993,30311565,30311610,45
channel-75016,4660,30311566,30311585,19
channel-0,4038925,30311567,30311581,14
channel-75016,4661,30311567,30311585,18
channel-6994,1324948,30311568,30311582,14
channel-75,845086,30311570,30311578,8
channel-783,104281,30311571,30311577,6
channel-19774,346029,30311573,30311582,9
channel-6994,1324949,30311577,30311592,15
channel-750,683231,30311577,30311585,8
channel-2694,3307,30311579,30311596,17
channel-19774,346030,30311580,30311591,11
channel-19774,346031,30311580,30311591,11
channel-874,293242,30311582,30311590,8
channel-874,293243,30311584,30311590,6
channel-6994,1324950,30311587,30311597,10
channel-85077,60423,30311588,30311597,9
channel-874,293244,30311590,30311596,6
channel-79703,4451,30311591,30311603,12
channel-6787,166725,30311595,30311600,5
channel-0,4038926,30311597,30311608,11
channel-874,293245,30311601,30311606,5
channel-91017,2871,30311603,30311618,15
channel-188,190589,30311607,30311642,35
channel-874,293246,30311607,30311612,5
channel-208,1490364,30311607,30311617,10
channel-874,293247,30311610,30311615,5
channel-0,4038927,30311610,30311622,12
channel-2188,43756,30311611,30311616,5
channel-2186,40785,30311612,30311626,14
channel-75755,5545,30311612,30311624,12
channel-208,1490365,30311614,30311626,12
channel-259,314354,30311614,30311620,6
channel-750,683232,30311616,30311621,5
channel-874,293248,30311621,30311626,5
channel-750,683233,30311621,30311632,11
channel-85077,60424,30311623,30311652,29
channel-19774,346032,30311623,30311636,13
channel-82,18959,30311624,30311667,43
channel-19774,346033,30311627,30311659,32
channel-6994,1324951,30311628,30311659,31
channel-21113,25338,30311628,30311636,8
channel-874,293249,30311630,30311749,119
channel-340,3183,30311632,30311645,13
channel-2188,43757,30311636,30311641,5
channel-208,1490366,30311636,30311645,9
channel-874,293250,30311638,30311643,5
channel-6994,1324952,30311638,30311693,55
channel-85077,60425,30311641,30311658,17
channel-208,1490367,30311641,30311650,9
channel-0,4038928,30311643,30311650,7
channel-783,104282,30311643,30311649,6
channel-251,85243,30311645,30311653,8
channel-4,166994,30311648,30311700,52
channel-0,4038929,30311649,30311663,14
channel-0,4038930,30311651,30311678,27
channel-0,4038931,30311652,30311664,12
channel-85077,60426,30311652,30311662,10
channel-0,4038932,30311652,30311693,41
channel-75,845087,30311652,30311660,8
channel-19774,346034,30311653,30311663,10
channel-0,4038933,30311654,30311678,24
channel-0,4038934,30311655,30311683,28
channel-6994,1324953,30311655,30311683,28
channel-0,4038935,30311663,30311673,10
channel-143,128392,30311663,30311686,23
channel-2694,3308,30311663,30311682,19
channel-874,293251,30311665,30311671,6
channel-2188,43758,30311667,30311673,6
channel-208,1490368,30311667,30311680,13
channel-91017,2872,30311668,30311679,11
channel-0,4038936,30311672,30311702,30
channel-750,683234,30311678,30311683,5
channel-188,190590,30311682,30311750,68
channel-750,683235,30311684,30311728,44
channel-122,668097,30311689,30311693,4
channel-874,293252,30311691,30311700,9
channel-874,293253,30311697,30311703,6
channel-2188,43759,30311697,30311702,5
channel-0,4038937,30311707,30311715,8
channel-0,4038938,30311709,30311717,8
channel-208,1490369,30311709,30311720,11
channel-19774,346035,30311710,30311718,8
channel-88,467138,30311714,30312013,299
channel-750,683236,30311715,30311720,5
channel-143,128393,30311717,30311786,69
channel-15464,2662,30311718,30311729,11
channel-783,104283,30311720,30311728,8
channel-326,538095,30311721,30311730,9
channel-874,293254,30311726,30311733,7
channel-874,293255,30311728,30311733,5
channel-0,4038939,30311733,30311743,10
channel-91017,2873,30311736,30311747,11
channel-1429,140736,30311738,30311749,11
channel-144,86693,30311738,30311747,9
channel-750,683237,30311738,30311756,18
channel-122,668098,30311748,30311752,4
channel-0,4038940,30311751,30311766,15
channel-6994,1324954,30311751,30311766,15
channel-0,4038941,30311751,30311766,15
channel-750,683238,30311753,30311769,16
channel-783,104284,30311756,30311768,12
channel-6994,1324955,30311756,30311771,15
channel-4,166995,30311758,30311813,55
channel-85077,60427,30311758,30311767,9
channel-75,845088,30311759,30311767,8
channel-874,293256,30311763,30311768,5
channel-750,683239,30311766,30311771,5
channel-208,1490370,30311766,30311777,11
channel-143,128394,30311767,30311839,72
channel-750,683240,30311767,30311779,12
channel-0,4038942,30311768,30311781,13
channel-0,4038943,30311771,30311781,10
channel-259,314355,30311773,30311779,6
channel-1429,140737,30311776,30311787,11
channel-874,293257,30311777,30311782,5
channel-874,293258,30311781,30311787,6
channel-362,86682,30311781,30311791,10
channel-2694,3309,30311781,30311791,10
channel-85077,60428,30311781,30311791,10
channel-0,4038944,30311784,30311803,19
channel-85077,60429,30311788,30311796,8
channel-874,293259,30311790,30311795,5
channel-122,668099,30311791,30312059,268
channel-750,683241,30311792,30311797,5
channel-208,1490371,30311793,30311805,12
channel-208,1490372,30311793,30311805,12
channel-782,310210,30311794,30311799,5
channel-79180,3376,30311795,30311802,7
channel-782,310211,30311798,30311805,7
channel-874,293260,30311799,30311807,8
channel-1429,140738,30311800,30311812,12
channel-0,4038945,30311807,30311833,26
channel-783,104285,30311810,30311818,8
channel-122,668100,30311811,30311815,4
channel-750,683242,30311812,30311822,10
channel-2,130654,30311813,30311823,10
channel-6994,1324956,30311818,30311849,31
channel-750,683243,30311819,30311834,15
channel-750,683244,30311820,30311824,4
channel-750,683245,30311826,30311834,8
channel-874,293261,30311832,30311838,6
channel-6994,1324957,30311833,30311844,11
channel-750,683246,30311833,30311838,5
channel-750,683247,30311833,30311838,5
channel-2188,43760,30311837,30311841,4
channel-259,314356,30311841,30311847,6
channel-750,683248,30311849,30311863,14
channel-199,132756,30311849,30311862,13
channel-85077,60430,30311849,30311861,12
channel-0,4038946,30311849,30311863,14
channel-2188,43761,30311861,30311866,5
channel-750,683249,30311862,30311872,10
channel-75,845089,30311862,30311871,9
channel-6994,1324958,30311871,30311897,26
channel-874,293262,30311872,30311878,6
channel-750,683250,30311872,30311877,5
channel-6787,166726,30311873,30311878,5
channel-0,4038947,30311875,30311887,12
channel-75,845090,30311882,30311890,8
channel-750,683251,30311883,30311896,13
channel-874,293263,30311886,30311894,8
channel-2188,43762,30311892,30311897,5
channel-208,1490373,30311893,30311902,9
channel-750,683252,30311894,30311909,15
channel-874,293264,30311895,30311900,5
channel-0,4038948,30311896,30311909,13
channel-0,4038949,30311897,30311909,12
channel-874,293265,30311900,30311906,6
channel-216,94245,30311906,30312009,103
channel-6994,1324959,30311907,30311918,11
channel-42,1490030,30311908,30311914,6
channel-750,683253,30311913,30311925,12
channel-188,190591,30311913,30311943,30
channel-143,128395,30311921,30311933,12
channel-208,1490374,30311922,30311934,12
channel-750,683254,30311923,30311928,5
channel-85077,60431,30311928,30311937,9
channel-21113,25339,30311933,30311940,7
channel-2694,3310,30311933,30311949,16
channel-208,1490375,30311934,30311943,9
channel-6994,1324960,30311935,30311943,8
channel-750,683255,30311937,30311944,7
channel-0,4038950,30311938,30311943,5
channel-326,538096,30311940,30311943,3
channel-199,132757,30311940,30311947,7
channel-0,4038951,30311943,30311956,13
channel-0,4038952,30311943,30311956,13
channel-326,538097,30311950,30311956,6
channel-216,94246,30311953,30312103,150
channel-0,4038953,30311953,30311966,13
channel-216,94247,30311954,30312103,149
channel-750,683256,30311955,30311966,11
channel-0,4038954,30311955,30311966,11
channel-85077,60432,30311958,30311966,8
channel-38946,124204,30311960,30311977,17
channel-750,683257,30311969,30311974,5
channel-362,86683,30311973,30311981,8
channel-79703,4452,30311979,30311992,13
channel-216,94248,30311993,30312103,110
channel-6787,166727,30311994,30311999,5
channel-85077,60433,30311994,30312003,9
channel-0,4038955,30312000,30312007,7
channel-6994,1324961,30312001,30312013,12
channel-208,1490376,30312009,30312019,10
channel-6994,1324962,30312011,30312022,11
channel-143,128396,30312013,30312049,36
channel-143,128397,30312013,30312049,36
channel-85077,60434,30312018,30312029,11
channel-0,4038956,30312020,30312031,11
channel-199,132758,30312020,30312032,12
channel-750,683258,30312021,30312035,14
channel-750,683259,30312026,30312035,9
channel-199,132759,30312026,30312036,10
channel-199,132760,30312026,30312036,10
channel-85077,60435,30312029,30312040,11
channel-199,132761,30312034,30312046,12
channel-783,104286,30312034,30312042,8
channel-750,683260,30312036,30312042,6
channel-2186,40786,30312039,30312052,13
channel-874,293266,30312043,30312049,6
channel-208,1490377,30312049,30312062,13
channel-85077,60436,30312052,30312061,9
channel-208,1490378,30312052,30312062,10
channel-8,43461,30312055,30312082,27
channel-2694,3311,30312056,30312083,27
channel-122,668101,30312061,30312065,4
channel-0,4038957,30312064,30312076,12
channel-326,538098,30312067,30312084,17
channel-750,683261,30312068,30312073,5
channel-750,683262,30312069,30312074,5
channel-750,683263,30312070,30312083,13
channel-1,408431,30312072,30312087,15
channel-1,408432,30312076,30312087,11
channel-4,166996,30312078,30312126,48
channel-6994,1324963,30312082,30312094,12
channel-6787,166728,30312083,30312087,4
channel-750,683264,30312096,30312112,16
channel-2186,40787,30312098,30312110,12
channel-216,94253,30312104,30312234,130
channel-208,1490379,30312113,30312122,9
channel-6994,1324964,30312122,30312148,26
channel-782,310212,30312122,30312131,9
channel-122,668102,30312122,30312126,4
channel-85077,60437,30312124,30312131,7
channel-783,104287,30312130,30312138,8
channel-2188,43763,30312133,30312138,5
channel-874,293267,30312134,30312144,10
channel-85077,60438,30312134,30312153,19
channel-85077,60439,30312135,30312145,10
channel-0,4038958,30312135,30312144,9
channel-85077,60440,30312138,30312147,9
channel-208,1490380,30312138,30312150,12
channel-85077,60441,30312139,30312149,10
channel-259,314357,30312142,30312148,6
channel-216,94254,30312145,30312281,136
channel-0,4038959,30312147,30312158,11
channel-38946,124205,30312147,30312171,24
channel-0,4038960,30312147,30312158,11
channel-85077,60442,30312147,30312158,11
channel-2186,40788,30312148,30312160,12
channel-143,128398,30312148,30312160,12
channel-750,683265,30312150,30312155,5
channel-85077,60443,30312154,30312163,9
channel-85077,60444,30312154,30312163,9
channel-0,4038961,30312155,30312162,7
channel-19774,346036,30312157,30312166,9
channel-42,1490031,30312158,30312166,8
channel-6994,1324965,30312162,30312173,11
channel-208,1490381,30312163,30312176,13
channel-208,1490382,30312175,30312185,10
channel-0,4038962,30312177,30312185,8
channel-216,94257,30312178,30312281,103
channel-326,538099,30312181,30312185,4
channel-1,408433,30312187,30312213,26
channel-750,683266,30312189,30312206,17
channel-750,683267,30312190,30312200,10
channel-750,683268,30312190,30312213,23
channel-38946,124206,30312190,30312201,11
channel-79703,4453,30312193,30312206,13
channel-216,94258,30312197,30312281,84
channel-2694,3312,30312199,30312219,20
channel-4,166997,30312199,30312216,17
channel-208,1490383,30312207,30312216,9
channel-85077,60445,30312210,30312220,10
channel-0,4038963,30312211,30312220,9
channel-0,4038964,30312217,30312228,11
channel-750,683269,30312218,30312229,11
channel-2188,43764,30312219,30312223,4
channel-122,668103,30312222,30312226,4
channel-750,683270,30312226,30312234,8
channel-750,683271,30312228,30313074,846
channel-208,1490384,30312228,30312241,13
channel-0,4038965,30312228,30312236,8
channel-21113,25340,30312232,30312240,8
channel-0,4038966,30312237,30312246,9
channel-85077,60446,30312238,30312247,9
channel-2188,43765,30312240,30312244,4
channel-783,104288,30312244,30312253,9
channel-0,4038967,30312247,30312257,10
channel-208,1490385,30312250,30312260,10
channel-0,4038968,30312251,30312259,8
channel-122,668104,30312251,30312255,4
channel-0,4038969,30312255,30312264,9
channel-85077,60447,30312257,30312268,11
channel-1,408434,30312262,30312290,28
channel-783,104289,30312262,30312270,8
channel-0,4038970,30312262,30312273,11
channel-2188,43766,30312264,30312268,4
channel-783,104290,30312268,30312273,5
channel-91017,2874,30312269,30312283,14
channel-0,4038971,30312272,30312282,10
channel-783,104291,30312276,30312286,10
channel-0,4038972,30312281,30312292,11
channel-208,1490386,30312281,30312292,11
channel-0,4038973,30312285,30312295,10
channel-251,85244,30312285,30312294,9
channel-2188,43767,30312286,30312291,5
channel-750,683272,30312290,30312310,20
channel-85077,60448,30312290,30312300,10
channel-208,1490387,30312291,30312302,11
channel-6994,1324966,30312292,30312303,11
channel-88,467139,30312298,30312315,17
channel-184,137428,30312300,30312308,8
channel-783,104292,30312303,30312310,7
channel-0,4038974,30312310,30312316,6
channel-0,4038975,30312314,30312327,13
channel-750,683273,30312317,30312331,14
channel-208,1490388,30312317,30312328,11
channel-2188,43768,30312320,30312326,6
channel-1429,140739,30312320,30312331,11
channel-1429,140740,30312321,30312331,10
channel-6994,1324967,30312322,30312335,13
channel-750,683274,30312322,30312332,10
channel-85077,60449,30312322,30312334,12
channel-750,683275,30312322,30312332,10
channel-19774,346037,30312327,30312335,8
channel-85077,60450,30312327,30312350,23
channel-750,683276,30312328,30312344,16
channel-85077,60451,30312331,30312341,10
channel-750,683277,30312332,30312336,4
channel-85077,60452,30312332,30312350,18
channel-19774,346038,30312334,30312343,9
channel-750,683278,30312341,30312357,16
channel-750,683279,30312341,30312355,14
channel-42,1490032,30312342,30312360,18
channel-783,104293,30312343,30312355,12
channel-1,408435,30312344,30312393,49
channel-0,4038976,30312344,30312354,10
channel-1429,140741,30312348,30312359,11
channel-0,4038977,30312352,30312364,12
channel-2694,3313,30312354,30312378,24
channel-1429,140742,30312354,30312364,10
channel-122,668105,30312355,30312542,187
channel-208,1490389,30312355,30312366,11
channel-85077,60453,30312358,30312369,11
channel-750,683280,30312358,30312363,5
channel-326,538100,30312370,30312377,7
channel-1,408436,30312371,30312393,22
channel-143,128399,30312372,30312584,212
channel-783,104294,30312378,30312579,201
channel-89321,19470,30312382,30312393,11
channel-750,683281,30312385,30312396,11
channel-216,94259,30312385,30312447,62
channel-782,310213,30312389,30312394,5
channel-0,4038978,30312401,30312410,9
channel-750,683282,30312404,30312414,10
channel-326,538101,30312405,30312410,5
channel-750,683283,30312405,30312413,8
channel-6994,1324968,30312416,30312427,11
channel-750,683284,30312418,30312430,12
channel-750,683285,30312422,30312436,14
channel-750,683286,30312422,30312433,11
channel-122,668106,30312430,30312433,3
channel-208,1490390,30312431,30312444,13
channel-122,668107,30312432,30312436,4
channel-783,104295,30312436,30312449,13
channel-750,683287,30312458,30312468,10
channel-122,668108,30312465,30312469,4
channel-750,683288,30312476,30312485,9
channel-75,845091,30312477,30312481,4
channel-0,4038979,30312480,30312501,21
channel-874,293268,30312483,30312489,6
channel-642,126518,30312489,30312539,50
channel-122,668109,30312491,30312494,3
channel-85077,60454,30312492,30312503,11
channel-0,4038980,30312500,30312509,9
channel-2694,3314,30312501,30312526,25
channel-19774,346039,30312511,30312520,9
channel-0,4038981,30312525,30312538,13
channel-6994,1324969,30312528,30312539,11
channel-0,4038982,30312528,30312538,10
channel-874,293269,30312533,30312539,6
channel-6994,1324970,30312542,30312559,17
channel-642,126519,30312546,30312565,19
channel-208,1490391,30312547,30312560,13
channel-783,104296,30312550,30312558,8
channel-750,683289,30312559,30312573,14
channel-6994,1324971,30312563,30312572,9
channel-6994,1324972,30312565,30312578,13
channel-412,64611,30312573,30312584,11
channel-1429,140743,30312575,30312585,10
channel-750,683290,30312582,30312593,11
channel-642,126520,30312587,30312611,24
channel-208,1490392,30312588,30312597,9
channel-642,126521,30312589,30312601,12
channel-750,683291,30312589,30312594,5
channel-642,126522,30312592,30312625,33
channel-1429,140744,30312597,30312609,12
channel-85077,60455,30312599,30312609,10
channel-750,683292,30312600,30312605,5
channel-85077,60456,30312603,30312611,8
channel-0,4038983,30312603,30312612,9
channel-642,126523,30312605,30312644,39
channel-85077,60457,30312608,30312620,12
channel-208,1490393,30312608,30312618,10
channel-122,668110,30312611,30312644,33
channel-1429,140745,30312624,30312635,11
channel-750,683293,30312629,30312647,18
channel-326,538102,30312635,30312640,5
channel-85077,60458,30312636,30312643,7
channel-750,683294,30312638,30312642,4
channel-85077,60459,30312640,30312659,19
channel-19774,346040,30312641,30312653,12
channel-19774,346041,30312651,30312662,11
channel-0,4038984,30312652,30312660,8
channel-412,64612,30312653,30312668,15
channel-2694,3315,30312655,30312672,17
channel-0,4038985,30312659,30312669,10
channel-0,4038986,30312666,30312674,8
channel-750,683295,30312667,30312672,5
channel-208,1490394,30312668,30312681,13
channel-75,845092,30312670,30312678,8
channel-6994,1324973,30312673,30312702,29
channel-2188,43769,30312688,30312692,4
channel-143,128400,30312688,30312701,13
channel-82,18960,30312697,30312713,16
channel-874,293270,30312701,30312706,5
channel-143,128401,30312701,30312714,13
channel-19774,346042,30312705,30312717,12
channel-208,1490395,30312705,30312716,11
channel-6994,1324974,30312706,30312731,25
channel-232,49205,30312711,30312723,12
channel-216,94260,30312711,30312871,160
channel-750,683296,30312712,30312720,8
channel-1,408437,30312714,30312731,17
channel-750,683297,30312715,30312718,3
channel-38946,124207,30312719,30312741,22
channel-85077,60460,30312725,30312739,14
channel-75,845093,30312725,30312732,7
channel-2188,43770,30312731,30312736,5
channel-6994,1324975,30312735,30312744,9
channel-1429,140746,30312741,30312750,9
channel-0,4038987,30312743,30312755,12
channel-750,683298,30312744,30312767,23
channel-208,1490396,30312748,30312759,11
channel-1429,140747,30312749,30312758,9
channel-750,683299,30312751,30312756,5
channel-122,668111,30312753,30312759,6
channel-89298,18686,30312755,30312765,10
channel-1429,140748,30312769,30312781,12
channel-85077,60461,30312775,30312784,9
channel-85077,60462,30312778,30312787,9
channel-750,683300,30312786,30312792,6
channel-115,20411,30312803,30312812,9
channel-326,538103,30312807,30312824,17
channel-6787,166729,30312807,30312813,6
channel-750,683301,30312815,30312825,10
channel-326,538104,30312815,30312821,6
channel-6994,1324976,30312820,30312830,10
channel-85077,60463,30312823,30312831,8
channel-874,293271,30312827,30312831,4
channel-750,683302,30312829,30312834,5
channel-75,845094,30312833,30312844,11
channel-750,683303,30312835,30312865,30
channel-5,184318,30312837,30312847,10
channel-232,49206,30312839,30312852,13
channel-2188,43771,30312842,30312848,6
channel-208,1490397,30312844,30312855,11
channel-750,683304,30312845,30312862,17
channel-1,408438,30312847,30312867,20
channel-85077,60464,30312847,30312872,25
channel-750,683305,30312848,30312863,15
channel-85077,60465,30312849,30312860,11
channel-750,683306,30312850,30312863,13
channel-0,4038988,30312851,30312861,10
channel-750,683307,30312853,30312863,10
channel-0,4038989,30312856,30312867,11
channel-115,20412,30312861,30312871,10
channel-326,538105,30312863,30312872,9
channel-2188,43772,30312868,30312872,4
channel-750,683308,30312870,30312883,13
channel-6994,1324977,30312882,30312894,12
channel-6994,1324978,30312887,30312899,12
channel-5,184319,30312888,30312898,10
channel-0,4038990,30312891,30312901,10
channel-750,683309,30312893,30312908,15
channel-750,683310,30312896,30312909,13
channel-122,668112,30312900,30312904,4
channel-85077,60466,30312903,30312930,27
channel-208,1490398,30312905,30312917,12
channel-208,1490399,30312907,30312917,10
channel-208,1490400,30312908,30312917,9
channel-750,683311,30312908,30312919,11
channel-6994,1324979,30312914,30312928,14
channel-0,4038991,30312918,30312930,12
channel-143,128402,30312921,30312943,22
channel-750,683312,30312925,30312936,11
channel-85077,60467,30312928,30312938,10
channel-76971,12245,30312930,30312955,25
channel-5,184320,30312931,30312942,11
channel-782,310214,30312933,30312941,8
channel-94814,3775,30312937,30312950,13
channel-1429,140749,30312942,30312956,14
channel-783,104297,30312950,30312959,9
channel-750,683313,30312950,30312958,8
channel-0,4038992,30312955,30312967,12
channel-108,39854,30312956,30312985,29
channel-259,314358,30312963,30312970,7
channel-1429,140750,30312964,30312975,11
channel-75,845095,30312967,30312974,7
channel-108,39855,30312968,30312985,17
channel-6994,1324980,30312969,30312982,13
channel-208,1490401,30312972,30312984,12
channel-122,668113,30312975,30313027,52
channel-259,314359,30312980,30312986,6
channel-216,94261,30312980,30313041,61
channel-1429,140751,30312981,30312995,14
channel-750,683314,30312989,30313000,11
channel-6994,1324981,30312990,30313001,11
channel-2694,3316,30312991,30313007,16
channel-0,4038993,30312993,30313004,11
channel-208,1490402,30313005,30313017,12
channel-259,314360,30313007,30313012,5
channel-6994,1324982,30313011,30313022,11
channel-642,126524,30313017,30313031,14
channel-642,126525,30313019,30313045,26
channel-85077,60468,30313019,30313029,10
channel-1,408439,30313021,30313036,15
channel-208,1490403,30313024,30313035,11
channel-85077,60469,30313024,30313035,11
channel-259,314361,30313024,30313033,9
channel-259,314362,30313025,30313035,10
channel-85077,60470,30313045,30313055,10
channel-259,314363,30313047,30313053,6
channel-85077,60471,30313048,30313057,9
channel-85077,60472,30313053,30313068,15
channel-169,117526,30313054,30313061,7
channel-208,1490404,30313057,30313067,10
channel-750,683315,30313060,30313078,18
channel-38946,124208,30313061,30313072,11
channel-1,408440,30313066,30313084,18
channel-750,683316,30313070,30313084,14
channel-19774,346043,30313072,30313084,12
channel-1,408441,30313072,30313084,12
channel-1,408442,30313074,30313084,10
channel-492,20120,30313077,30313089,12
channel-1575,15195,30313081,30313089,8
channel-208,1490405,30313086,30313093,7
channel-0,4038994,30313088,30313114,26
channel-782,310215,30313089,30313097,8
channel-208,1490406,30313089,30313103,14
channel-6994,1324983,30313089,30313104,15
channel-326,538106,30313096,30313105,9
channel-208,1490407,30313096,30313106,10
channel-750,683317,30313100,30313111,11
channel-122,668114,30313104,30313108,4
channel-2694,3317,30313106,30313129,23
channel-6994,1324984,30313111,30313123,12
channel-122,668115,30313111,30313136,25
channel-122,668116,30313114,30313120,6
channel-1,408443,30313115,30313138,23
channel-75,845096,30313115,30313123,8
channel-122,668117,30313117,30313122,5
channel-750,683318,30313120,30313130,10
channel-750,683319,30313120,30313135,15
channel-340,3184,30313129,30313137,8
channel-122,668118,30313136,30313140,4
channel-122,668119,30313140,30313145,5
channel-85077,60473,30313147,30313157,10
channel-184,137429,30313150,30313160,10
channel-0,4038995,30313152,30313163,11
channel-750,683320,30313164,30313174,10
channel-85077,60474,30313182,30313192,10
channel-122,668120,30313189,30313193,4
channel-184,137430,30313192,30313213,21
channel-6787,166730,30313204,30313209,5
channel-1,408444,30313204,30313236,32
channel-1,408445,30313205,30313236,31
channel-122,668121,30313210,30313214,4
channel-2694,3318,30313222,30313249,27
channel-874,293272,30313237,30313243,6
channel-113,301343,30313238,30313279,41
channel-0,4038996,30313241,30313265,24
channel-42,1490033,30313248,30313259,11
channel-326,538107,30313253,30313258,5
channel-85077,60475,30313253,30313261,8
channel-85077,60476,30313257,30313265,8
channel-750,683321,30313258,30313270,12
channel-750,683322,30313266,30313272,6
channel-208,1490408,30313267,30313275,8
channel-208,1490409,30313277,30313290,13
channel-750,683323,30313279,30313293,14
channel-0,4038997,30313283,30313294,11
channel-85077,60477,30313285,30313299,14
channel-82819,484,30313286,30313297,11
channel-76971,12246,30313290,30313311,21
channel-146,20034,30313295,30313305,10
channel-6994,1324985,30313296,30313311,15
channel-750,683324,30313296,30313301,5
channel-208,1490410,30313302,30313314,12
channel-750,683325,30313304,30313311,7
channel-1,408446,30313310,30313319,9
channel-75,845097,30313312,30313320,8
channel-85077,60478,30313314,30313326,12
channel-75,845098,30313315,30313323,8
channel-259,314364,30313318,30313325,7
channel-38946,124209,30313320,30313336,16
channel-204,670823,30313324,30313344,20
channel-750,683326,30313324,30313341,17
channel-326,538108,30313329,30313333,4
channel-208,1490411,30313335,30313345,10
channel-750,683327,30313341,30313345,4
channel-113,301344,30313345,30313396,51
channel-0,4038998,30313346,30313355,9
channel-89321,19471,30313352,30313364,12
channel-85077,60479,30313355,30313365,10
channel-208,1490412,30313361,30313370,9
channel-0,4038999,30313370,30313378,8
channel-6994,1324986,30313374,30313385,11
channel-782,310216,30313375,30313381,6
channel-122,668122,30313375,30313379,4
channel-750,683328,30313383,30313395,12
channel-94814,3776,30313384,30313397,13
channel-85077,60480,30313393,30313401,8
channel-208,1490413,30313398,30313411,13
channel-208,1490414,30313399,30313411,12
channel-750,683329,30313400,30313405,5
channel-6994,1324987,30313404,30313418,14
channel-2186,40789,30313405,30313417,12
channel-208,1490415,30313409,30313420,11
channel-750,683330,30313425,30313437,12
channel-642,126526,30313440,30313473,33
channel-184,137431,30313445,30313460,15
channel-642,126527,30313446,30313469,23
channel-204,670824,30313451,30313459,8
channel-642,126528,30313455,30313504,49
channel-6994,1324988,30313457,30313472,15
channel-85077,60481,30313458,30313466,8
channel-0,4039000,30313467,30313477,10
channel-320,119210,30313468,30313478,10
channel-782,310217,30313469,30313481,12
channel-782,310218,30313472,30313481,9
channel-6994,1324989,30313474,30313486,12
channel-85077,60482,30313477,30313487,10
channel-184,137432,30313484,30313495,11
channel-2694,3319,30313497,30313526,29
channel-326,538109,30313515,30313521,6
channel-89298,18687,30313516,30313527,11
channel-750,683331,30313526,30313537,11
channel-204,670825,30313534,30313548,14
channel-750,683332,30313537,30313541,4
channel-38946,124210,30313538,30313553,15
channel-750,683333,30313539,30313558,19
channel-750,683334,30313543,30313553,10
channel-19774,346044,30313544,30313554,10
channel-750,683335,30313547,30313575,28
channel-94814,3777,30313548,30313560,12
channel-326,538110,30313549,30313556,7
channel-97998,56,30313550,30313562,12
channel-89321,19472,30313556,30313584,28
channel-750,683336,30313568,30313584,16
channel-0,4039001,30313575,30313584,9
channel-326,538111,30313578,30313583,5
channel-0,4039002,30313582,30313602,20
channel-85077,60483,30313585,30313610,25
channel-251,85245,30313585,30313596,11
channel-169,117527,30313588,30313598,10
channel-750,683337,30313590,30313595,5
channel-208,1490416,30313598,30313608,10
channel-750,683338,30313599,30313604,5
channel-122,668123,30313600,30313604,4
channel-88,467140,30313601,30313621,20
channel-259,314365,30313604,30313610,6
channel-750,683339,30313608,30313632,24
channel-85077,60484,30313608,30313616,8
channel-0,4039003,30313608,30313618,10
channel-208,1490417,30313611,30313621,10
channel-750,683340,30313613,30313632,19
channel-6994,1324990,30313623,30313634,11
channel-782,310219,30313629,30313778,149
channel-2188,43773,30313635,30313639,4
channel-208,1490418,30313635,30313647,12
channel-85077,60485,30313641,30313652,11
channel-750,683341,30313642,30313653,11
channel-6994,1324991,30313643,30313654,11
channel-85077,60486,30313643,30313652,9
channel-143,128403,30313647,30313657,10
channel-750,683342,30313647,30313668,21
channel-320,119211,30313647,30313658,11
channel-1429,140752,30313648,30313659,11
channel-6994,1324992,30313651,30313689,38
channel-208,1490419,30313651,30313660,9
channel-85077,60487,30313654,30313665,11
channel-85077,60488,30313655,30313668,13
channel-85077,60489,30313656,30313668,12
channel-750,683343,30313657,30313662,5
channel-1429,140753,30313660,30313669,9
channel-2188,43774,30313661,30313665,4
channel-2694,3320,30313661,30313672,11
channel-750,683344,30313661,30313678,17
channel-4,166998,30313664,30313784,120
channel-2186,40790,30313664,30313675,11
channel-232,49207,30313671,30313682,11
channel-4,166999,30313671,30313784,113
channel-750,683345,30313676,30313697,21
channel-19774,346045,30313684,30313694,10
channel-2188,43775,30313686,30313691,5
channel-4,167000,30313687,30313784,97
channel-874,293273,30313693,30313697,4
channel-750,683346,30313697,30313703,6
channel-4,167001,30313697,30313757,60
channel-75,845099,30313697,30313703,6
channel-750,683347,30313698,30313704,6
channel-208,1490420,30313703,30313712,9
channel-750,683348,30313707,30313720,13
channel-6994,1324993,30313719,30313730,11
channel-750,683349,30313719,30313725,6
channel-4,167002,30313721,30313779,58
channel-782,310220,30313727,30313747,20
channel-85077,60490,30313731,30313740,9
channel-85077,60491,30313733,30313744,11
channel-0,4039004,30313736,30313762,26
channel-750,683350,30313738,30313756,18
channel-19774,346046,30313738,30313751,13
channel-750,683351,30313739,30313762,23
channel-208,1490421,30313742,30313755,13
channel-750,683352,30313745,30313756,11
channel-783,104298,30313749,30313757,8
channel-75,845100,30313759,30313768,9
channel-750,683353,30313760,30313777,17
channel-6994,1324994,30313764,30313774,10
channel-232,49208,30313764,30313774,10
channel-326,538112,30313780,30313786,6
channel-6994,1324995,30313790,30313817,27
channel-115,20413,30313792,30313807,15
channel-229,55032,30313801,30313812,11
channel-208,1490422,30313807,30313820,13
channel-326,538113,30313808,30313817,9
channel-85077,60492,30313816,30313824,8
channel-19774,346047,30313817,30313827,10
channel-19774,346048,30313818,30313827,9
channel-1,408447,30313825,30313870,45
channel-75,845101,30313832,30313840,8
channel-750,683354,30313832,30313842,10
channel-750,683355,30313834,30313847,13
channel-2186,40791,30313836,30313850,14
channel-642,126529,30313844,30313859,15
channel-326,538114,30313857,30313867,10
channel-259,314366,30313859,30313865,6
channel-184,137433,30313862,30313874,12
channel-6994,1324996,30313882,30313893,11
channel-750,683356,30313887,30313905,18
channel-208,1490423,30313895,30313908,13
channel-4,167003,30313901,30313953,52
channel-6994,1324997,30313919,30313941,22
channel-122,668124,30313919,30313924,5
channel-6994,1324998,30313924,30313936,12
channel-184,137434,30313927,30313939,12
channel-19774,346049,30313927,30313937,10
channel-259,314367,30313933,30313940,7
channel-750,683357,30313936,30313943,7
channel-184,137435,30313947,30313954,7
channel-122,668125,30313965,30313969,4
channel-6994,1324999,30313966,30313983,17
channel-122,668126,30313987,30313991,4
channel-19774,346050,30313992,30314000,8
channel-122,668127,30314005,30314009,4
channel-6994,1325000,30314017,30314028,11
channel-122,668128,30314019,30314023,4
channel-85077,60493,30314028,30314036,8
channel-184,137436,30314036,30314045,9
channel-2188,43776,30314037,30314043,6
channel-0,4039005,30314037,30314064,27
channel-782,310221,30314041,30314046,5
channel-750,683358,30314041,30314046,5
channel-6994,1325001,30314057,30314071,14
channel-259,314368,30314059,30314065,6
channel-122,668129,30314064,30314069,5
channel-750,683359,30314065,30314071,6
channel-340,3185,30314065,30314072,7
channel-0,4039006,30314066,30314075,9
channel-85077,60494,30314067,30314075,8
channel-0,4039007,30314078,30314090,12
channel-85077,60495,30314080,30314089,9
channel-6994,1325002,30314081,30314091,10
channel-85077,60496,30314084,30314095,11
channel-6994,1325003,30314085,30314096,11
channel-750,683360,30314092,30314107,15
channel-1634,6719,30314093,30314117,24
channel-85077,60497,30314094,30314112,18
channel-0,4039008,30314095,30314119,24
channel-0,4039009,30314100,30314110,10
channel-750,683361,30314110,30314115,5
channel-89298,18688,30314114,30314122,8
channel-320,119212,30314122,30314147,25
channel-750,683362,30314122,30314126,4
channel-6994,1325004,30314123,30314135,12
channel-85077,60498,30314125,30314137,12
channel-122,668130,30314143,30314146,3
channel-143,128404,30314148,30314162,14
channel-750,683363,30314153,30314173,20
channel-85077,60499,30314174,30314184,10
channel-89321,19473,30314176,30314197,21
channel-122,668131,30314180,30314183,3
channel-750,683364,30314181,30314194,13
channel-88,467141,30314182,30314198,16
channel-750,683365,30314189,30314198,9
channel-782,310222,30314205,30314224,19
channel-38946,124211,30314208,30314224,16
channel-208,1490424,30314210,30314220,10
channel-320,119213,30314212,30314222,10
channel-144,86694,30314213,30314219,6
channel-8945,17752,30314217,30314231,14
channel-21113,25341,30314218,30314226,8
channel-88,467142,30314221,30314235,14
channel-0,4039010,30314229,30314242,13
channel-0,4039011,30314229,30314242,13
channel-874,293274,30314231,30314237,6
channel-782,310223,30314231,30314239,8
channel-85077,60500,30314238,30314249,11
channel-85077,60501,30314247,30314260,13
channel-73755,5837,30314250,30314263,13
channel-750,683366,30314258,30314275,17
channel-85077,60502,30314258,30314268,10
channel-85077,60503,30314259,30314268,9
channel-0,4039012,30314265,30314275,10
channel-1,408448,30314270,30314294,24
channel-73755,5838,30314273,30314281,8
channel-85077,60504,30314275,30314285,10
channel-113,301345,30314277,30314376,99
channel-750,683367,30314279,30314307,28
channel-85077,60505,30314279,30314288,9
channel-782,310224,30314280,30314286,6
channel-750,683368,30314282,30314295,13
channel-38946,124212,30314287,30314308,21
channel-6994,1325005,30314290,30314301,11
channel-188,190592,30314291,30314325,34
channel-0,4039013,30314303,30314311,8
channel-38946,124213,30314306,30314330,24
channel-874,293275,30314309,30314314,5
channel-782,310225,30314316,30314330,14
channel-85077,60506,30314319,30314328,9
channel-0,4039014,30314320,30314331,11
channel-0,4039015,30314323,30314335,12
channel-782,310226,30314327,30314334,7
channel-782,310227,30314332,30314343,11
channel-2716,2668,30314336,30314357,21
channel-0,4039016,30314337,30314348,11
channel-1,408449,30314340,30314361,21
channel-108,39856,30314342,30314366,24
channel-750,683369,30314344,30314372,28
channel-122,668132,30314347,30314351,4
channel-326,538115,30314349,30314354,5
channel-88,467143,30314356,30314369,13
channel-85077,60507,30314362,30314394,32
channel-750,683370,30314363,30314366,3
channel-2,130655,30314370,30314383,13
channel-6994,1325006,30314370,30314381,11
channel-6897,5644,30314371,30314378,7
channel-38946,124214,30314388,30314400,12
channel-85077,60508,30314394,30314426,32
channel-91017,2875,30314399,30314410,11
channel-85077,60509,30314399,30314430,31
channel-0,4039017,30314400,30314413,13
channel-42,1490034,30314400,30314413,13
channel-208,1490425,30314402,30314413,11
channel-750,683371,30314408,30314460,52
channel-88,467144,30314408,30314420,12
channel-6994,1325007,30314410,30314422,12
channel-85077,60510,30314412,30314436,24
channel-6787,166731,30314418,30314423,5
channel-0,4039018,30314421,30314435,14
channel-1,408450,30314422,30314460,38
channel-85077,60511,30314427,30314443,16
channel-143,128405,30314428,30314460,32
channel-0,4039019,30314428,30314440,12
channel-2716,2669,30314432,30314458,26
channel-85077,60512,30314434,30314459,25
channel-750,683372,30314435,30314440,5
channel-750,683373,30314449,30314454,5
channel-0,4039020,30314449,30314459,10
channel-85077,60513,30314457,30314467,10
channel-85791,3773,30314463,30314470,7
channel-85077,60514,30314463,30314473,10
channel-750,683374,30314463,30314468,5
channel-85077,60515,30314467,30314476,9
channel-259,314369,30314467,30314473,6
channel-208,1490426,30314468,30314476,8
channel-208,1490427,30314474,30314483,9
channel-72,516433,30314476,30314535,59
channel-38946,124215,30314479,30314498,19
channel-88,467145,30314540,30314584,44
channel-19774,346051,30314547,30314559,12
channel-1,408451,30314571,30314584,13
channel-38946,124216,30314572,30314587,15
channel-88,467146,30314596,30314610,14
channel-0,4039021,30314615,30314622,7
channel-750,683375,30314617,30314621,4
channel-874,293276,30314626,30314632,6
channel-38946,124217,30314631,30314642,11
channel-750,683376,30314642,30314654,12
channel-0,4039022,30314646,30314653,7
channel-6994,1325008,30314650,30314659,9
channel-750,683377,30314654,30314665,11
channel-208,1490428,30314656,30314670,14
channel-20082,9889,30314659,30314672,13
channel-6994,1325009,30314663,30314677,14
channel-750,683378,30314672,30314683,11
channel-6994,1325010,30314679,30314712,33
channel-0,4039023,30314683,30314706,23
channel-750,683379,30314684,30314690,6
channel-750,683380,30314692,30314704,12
channel-750,683381,30314694,30314708,14
channel-208,1490429,30314698,30314710,12
channel-750,683382,30314703,30314708,5
channel-750,683383,30314719,30314734,15
channel-89321,19474,30314729,30314742,13
channel-750,683384,30314729,30314734,5
channel-88,467147,30314733,30314755,22
channel-19774,346052,30314761,30314770,9
channel-6994,1325011,30314761,30314771,10
channel-6994,1325012,30314768,30314781,13
channel-122,668133,30314773,30314776,3
channel-750,683385,30314776,30314786,10
channel-42,1490035,30314781,30314791,10
channel-326,538116,30314781,30314787,6
channel-88,467148,30314784,30314797,13
channel-326,538117,30314787,30314799,12
channel-326,538118,30314787,30314799,12
channel-326,538119,30314787,30314799,12
channel-326,538120,30314787,30314799,12
channel-750,683386,30314788,30314796,8
channel-208,1490430,30314788,30314799,11
channel-0,4039024,30314792,30314799,7
channel-122,668134,30314796,30314799,3
channel-199,132762,30314800,30314811,11
channel-750,683387,30314802,30314820,18
channel-0,4039025,30314809,30314821,12
channel-89321,19475,30314815,30314824,9
channel-326,538121,30314832,30314842,10
channel-750,683388,30314833,30314846,13
channel-6994,1325013,30314833,30314845,12
channel-88,467149,30314835,30314846,11
channel-208,1490431,30314841,30314852,11
channel-750,683389,30314865,30314870,5
channel-122,668135,30314868,30314872,4
channel-750,683390,30314872,30314877,5
channel-38946,124218,30314884,30348617,33733
channel-75,845102,30314894,30314902,8
channel-19774,346053,30314896,30314905,9
channel-750,683391,30314896,30314910,14
channel-0,4039026,30314897,30314907,10
channel-6994,1325014,30314901,30314914,13
channel-6994,1325015,30314904,30314914,10
channel-0,4039027,30314905,30314918,13
channel-85077,60516,30314918,30314929,11
channel-326,538122,30314922,30314941,19
channel-326,538123,30314935,30314941,6
channel-259,314370,30314937,30314942,5
channel-89321,19476,30314946,30314953,7
channel-75,845103,30314950,30314957,7
channel-0,4039028,30314961,30314975,14
channel-75755,5546,30314963,30314973,10
channel-204,670826,30314965,30314977,12
channel-750,683392,30314968,30314980,12
channel-75,845104,30314975,30314982,7
channel-767,14370,30314980,30314993,13
channel-1429,140754,30314982,30314990,8
channel-874,293277,30314987,30314994,7
channel-0,4039029,30314990,30315011,21
channel-874,293278,30314992,30315000,8
channel-0,4039030,30314994,30315025,31
channel-89298,18689,30314994,30315006,12
channel-184,137437,30315002,30315018,16
channel-750,683393,30315003,30315014,11
channel-5,184321,30315003,30315014,11
channel-6994,1325016,30315006,30315016,10
channel-0,4039031,30315006,30315016,10
channel-6994,1325017,30315014,30315040,26
channel-0,4039032,30315014,30315025,11
channel-750,683394,30315015,30315033,18
channel-750,683395,30315017,30315022,5
channel-750,683396,30315024,30315029,5
channel-750,683397,30315025,30315030,5
channel-750,683398,30315028,30315034,6
channel-0,4039033,30315028,30315054,26
channel-874,293279,30315033,30315041,8
channel-750,683399,30315035,30315040,5
channel-6994,1325018,30315036,30315051,15
channel-208,1490432,30315037,30315046,9
channel-750,683400,30315038,30315054,16
channel-122,668136,30315047,30315053,6
channel-750,683401,30315051,30315062,11
channel-85077,60517,30315059,30315067,8
channel-208,1490433,30315062,30315073,11
channel-2,130656,30315064,30315076,12
channel-6787,166732,30315074,30315079,5
channel-0,4039034,30315077,30315100,23
channel-750,683402,30315078,30315086,8
channel-0,4039035,30315078,30315100,22
channel-89298,18690,30315083,30315090,7
channel-750,683403,30315098,30315113,15
channel-0,4039036,30315102,30315114,12
channel-750,683404,30315103,30315112,9
channel-0,4039037,30315118,30315137,19
channel-0,4039038,30315138,30315145,7
channel-0,4039039,30315155,30315178,23
channel-326,538124,30315167,30315174,7
channel-122,668137,30315172,30315176,4
channel-0,4039040,30315175,30315186,11
channel-0,4039041,30315177,30315186,9
channel-0,4039042,30315177,30315186,9
channel-750,683405,30315180,30315188,8
channel-0,4039043,30315182,30315203,21
channel-259,314371,30315183,30315189,6
channel-0,4039044,30315190,30315212,22
channel-204,670827,30315192,30315203,11
channel-750,683406,30315202,30315207,5
channel-232,49209,30315205,30315216,11
channel-21113,25342,30315206,30315215,9
channel-0,4039045,30315215,30315227,12
channel-259,314372,30315217,30315222,5
channel-232,49210,30315229,30315238,9
channel-0,4039046,30315233,30315242,9
channel-6994,1325019,30315257,30315271,14
channel-412,64613,30315262,30315273,11
channel-0,4039047,30315263,30315291,28
channel-208,1490434,30315277,30315287,10
channel-750,683407,30315285,30315302,17
channel-0,4039048,30315287,30315297,10
channel-750,683408,30315289,30315303,14
channel-1,408452,30315297,30315323,26
channel-6994,1325020,30315303,30315316,13
channel-750,683409,30315307,30315312,5
channel-4,167004,30315312,30315341,29
channel-222,3834,30315331,30315339,8
channel-0,4039049,30315336,30315344,8
channel-4,167005,30315338,30315393,55
channel-0,4039050,30315346,30315359,13
channel-208,1490435,30315351,30315362,11
channel-89321,19477,30315362,30315372,10
channel-75016,4662,30315366,30315382,16
channel-874,293280,30315377,30315382,5
channel-0,4039051,30315389,30315397,8
channel-326,538125,30315393,30315406,13
channel-412,64614,30315399,30315409,10
channel-0,4039052,30315403,30315416,13
channel-0,4039053,30315409,30315422,13
channel-0,4039054,30315411,30315422,11
channel-122,668138,30315414,30315418,4
channel-19774,346054,30315431,30315441,10
channel-1429,140755,30315433,30315444,11
channel-750,683410,30315445,30315450,5
channel-326,538126,30315455,30315460,5
channel-0,4039055,30315455,30315486,31
channel-0,4039056,30315459,30315481,22
channel-326,538127,30315459,30315469,10
channel-0,4039057,30315475,30315486,11
channel-188,190593,30315476,30315491,15
channel-0,4039058,30315478,30315492,14
channel-89321,19478,30315486,30315497,11
channel-122,668139,30315490,30315494,4
channel-208,1490436,30315494,30315505,11
channel-0,4039059,30315498,30315515,17
channel-122,668140,30315507,30315511,4
channel-38946,124219,30315508,30315517,9
channel-259,314373,30315508,30315513,5
channel-208,1490437,30315511,30315521,10
channel-208,1490438,30315523,30315535,12
channel-750,683411,30315529,30315533,4
channel-0,4039060,30315536,30315562,26
channel-208,1490439,30315540,30315553,13
channel-0,4039061,30315544,30315556,12
channel-0,4039062,30315546,30315556,10
channel-6994,1325021,30315554,30315566,12
channel-0,4039063,30315558,30315566,8
channel-6994,1325022,30315561,30315571,10
channel-874,293281,30315576,30315583,7
channel-750,683412,30315580,30315588,8
channel-72,516434,30315583,30315622,39
channel-750,683413,30315586,30315590,4
channel-782,310228,30315588,30315596,8
channel-251,85246,30315596,30315608,12
channel-122,668141,30315600,30315603,3
channel-0,4039064,30315600,30315609,9
channel-326,538128,30315604,30315628,24
channel-2494,31953,30315612,30315624,12
channel-0,4039065,30315622,30315633,11
channel-2494,31954,30315625,30315643,18
channel-326,538129,30315629,30315638,9
channel-2494,31955,30315636,30315648,12
channel-782,310229,30315637,30315642,5
channel-122,668142,30315637,30315642,5
channel-0,4039066,30315645,30315658,13
channel-0,4039067,30315647,30315658,11
channel-0,4039068,30315660,30315674,14
channel-412,64615,30315669,30315681,12
channel-208,1490440,30315676,30315689,13
channel-6994,1325023,30315685,30315696,11
channel-115,20414,30315687,30315696,9
channel-2494,31956,30315691,30315702,11
channel-2494,31957,30315693,30315702,9
channel-750,683414,30315705,30315723,18
channel-6994,1325024,30315707,30315718,11
channel-750,683415,30315712,30315724,12
channel-204,670828,30315715,30315721,6
channel-2,130657,30315718,30315727,9
channel-6994,1325025,30315723,30315735,12
channel-2,130658,30315738,30315747,9
channel-6994,1325026,30315740,30315751,11
channel-208,1490441,30315742,30315755,13
channel-208,1490442,30315745,30315755,10
channel-326,538130,30315748,30315754,6
channel-208,1490443,30315748,30315759,11
channel-143,128406,30315755,30315790,35
channel-75,845105,30315767,30315772,5
channel-412,64616,30315769,30315783,14
channel-0,4039069,30315770,30315783,13
channel-5,184322,30315770,30315778,8
channel-89321,19479,30315776,30315787,11
channel-6994,1325027,30315784,30315794,10
channel-75,845106,30315787,30315794,7
channel-0,4039070,30315808,30315817,9
channel-208,1490444,30315815,30315828,13
channel-89298,18691,30315825,30315833,8
channel-75,845107,30315839,30315849,10
channel-115,20415,30315841,30315852,11
channel-326,538131,30315857,30315863,6
channel-6994,1325028,30315860,30315868,8
channel-750,683416,30315885,30315896,11
channel-6994,1325029,30315890,30315903,13
channel-750,683417,30315892,30315912,20
channel-0,4039071,30315892,30315903,11
channel-89321,19480,30315898,30315908,10
channel-19774,346055,30315900,30315909,9
channel-208,1490445,30315905,30315912,7
channel-341,3392,30315912,30315926,14
channel-199,132763,30315923,30315932,9
channel-88,467150,30315923,30315953,30
channel-258,17755,30315927,30315935,8
channel-38946,124220,30315934,30315951,17
channel-0,4039072,30315940,30315952,12
channel-1429,140756,30315946,30315956,10
channel-19774,346056,30315947,30315956,9
channel-208,1490446,30315955,30315965,10
channel-143,128407,30315959,30315971,12
channel-42,1490036,30315967,30315973,6
channel-6994,1325030,30315971,30315984,13
channel-208,1490447,30315974,30315984,10
channel-229,55033,30315974,30315985,11
channel-42,1490037,30315977,30315987,10
channel-0,4039073,30315988,30316001,13
channel-42,1490038,30315991,30316002,11
channel-1279,67133,30315991,30316004,13
channel-89298,18692,30316014,30316027,13
channel-199,132764,30316015,30316025,10
channel-0,4039074,30316025,30316035,10
channel-0,4039075,30316029,30316038,9
channel-0,4039076,30316039,30316047,8
channel-89298,18693,30316045,30316056,11
channel-0,4039077,30316052,30316061,9
channel-115,20416,30316061,30316069,8
channel-0,4039078,30316065,30316082,17
channel-0,4039079,30316076,30316096,20
channel-326,538132,30316084,30316090,6
channel-750,683418,30316089,30316094,5
channel-6994,1325031,30316092,30316104,12
channel-750,683419,30316093,30316130,37
channel-750,683420,30316098,30316103,5
channel-208,1490448,30316103,30316116,13
channel-326,538133,30316125,30316134,9
channel-0,4039080,30316130,30316141,11
channel-2186,40792,30316132,30316144,12
channel-1,408453,30316134,30316153,19
channel-1,408454,30316136,30316196,60
channel-412,64617,30316136,30316147,11
channel-6994,1325032,30316139,30316151,12
channel-874,293282,30316157,30316163,6
channel-750,683421,30316171,30316177,6
channel-0,4039081,30316174,30316197,23
channel-326,538134,30316178,30316198,20
channel-6994,1325033,30316189,30316202,13
channel-0,4039082,30316189,30316201,12
channel-75,845108,30316193,30316198,5
channel-6994,1325034,30316198,30316217,19
channel-0,4039083,30316209,30316235,26
channel-6994,1325035,30316210,30316217,7
channel-0,4039084,30316211,30316223,12
channel-85077,60518,30316213,30316224,11
channel-19774,346057,30316216,30316230,14
channel-4,167006,30316216,30316254,38
channel-184,137438,30316216,30316228,12
channel-0,4039085,30316218,30316240,22
channel-42,1490039,30316218,30316226,8
channel-208,1490449,30316218,30316228,10
channel-2494,31958,30316218,30316228,10
channel-0,4039086,30316220,30316251,31
channel-122,668143,30316221,30316225,4
channel-1,408455,30316223,30316234,11
channel-0,4039087,30316223,30316235,12
channel-89321,19481,30316228,30316248,20
channel-91017,2876,30316233,30316244,11
channel-6994,1325036,30316234,30316247,13
channel-251,85247,30316234,30316248,14
channel-0,4039088,30316240,30316251,11
channel-4,167007,30316243,30316269,26
channel-4,167008,30316247,30316316,69
channel-0,4039089,30316254,30316266,12
channel-0,4039090,30316256,30316266,10
channel-19774,346058,30316265,30316275,10
channel-0,4039091,30316271,30316281,10
channel-251,85248,30316289,30316297,8
channel-326,538135,30316304,30316309,5
channel-0,4039092,30316304,30316313,9
channel-2188,43777,30316310,30316315,5
channel-2694,3321,30316310,30316324,14
channel-6994,1325037,30316318,30316332,14
channel-6994,1325038,30316319,30316332,13
channel-0,4039093,30316321,30316350,29
channel-750,683422,30316333,30316338,5
channel-208,1490450,30316334,30316344,10
channel-85077,60519,30316336,30316344,8
channel-21113,25343,30316345,30316353,8
channel-0,4039094,30316358,30316366,8
channel-6994,1325039,30316365,30316380,15
channel-6994,1325040,30316365,30316380,15
channel-21113,25344,30316374,30316380,6
channel-1,408456,30316375,30316391,16
channel-0,4039095,30316390,30316401,11
channel-204,670829,30316394,30316403,9
channel-122,668144,30316395,30316399,4
channel-2188,43778,30316397,30316401,4
channel-208,1490451,30316398,30316410,12
channel-75,845109,30316400,30316407,7
channel-783,104299,30316401,30316410,9
channel-750,683423,30316403,30316408,5
channel-0,4039096,30316404,30316430,26
channel-0,4039097,30316409,30316423,14
channel-85077,60520,30316428,30316437,9
channel-204,670830,30316437,30316443,6
channel-208,1490452,30316437,30316446,9
channel-1,408457,30316439,30316461,22
channel-0,4039098,30316443,30316464,21
channel-6,66638,30316443,30316458,15
channel-251,85249,30316444,30316456,12
channel-750,683424,30316448,30316452,4
channel-6994,1325041,30316449,30316459,10
channel-122,668145,30316451,30319073,2622
channel-6994,1325042,30316457,30316510,53
channel-750,683425,30316463,30316473,10
channel-143,128408,30316467,30316501,34
channel-85077,60521,30316468,30316476,8
channel-750,683426,30316468,30316480,12
channel-750,683427,30316469,30316479,10
channel-2188,43779,30316480,30316485,5
channel-1,408458,30316480,30316506,26
channel-6994,1325043,30316488,30316501,13
channel-85077,60522,30316491,30316501,10
channel-184,137439,30316498,30316509,11
channel-0,4039099,30316499,30316512,13
channel-89298,18694,30316504,30316513,9
channel-750,683428,30316508,30316512,4
channel-208,1490453,30316516,30316526,10
channel-750,683429,30316525,30316537,12
channel-1,408459,30316525,30316541,16
channel-1,408460,30316526,30316541,15
channel-19774,346059,30316529,30316536,7
channel-6994,1325044,30316529,30316540,11
channel-782,310230,30316532,30316539,7
channel-326,538136,30316534,30316539,5
channel-6994,1325045,30316534,30316545,11
channel-6994,1325046,30316543,30316556,13
channel-0,4039100,30316543,30316554,11
channel-113,301346,30316543,30316573,30
channel-0,4039101,30316547,30316556,9
channel-208,1490454,30316573,30316584,11
channel-1,408461,30316580,30316595,15
channel-1,408462,30316589,30316615,26
channel-208,1490455,30316602,30316616,14
channel-0,4039102,30316605,30316616,11
channel-259,314374,30316610,30316617,7
channel-750,683430,30316617,30316621,4
channel-1,408463,30316617,30316652,35
channel-0,4039103,30316618,30316643,25
channel-1,408464,30316619,30316653,34
channel-232,49211,30316621,30316632,11
channel-85077,60523,30316627,30316635,8
channel-750,683431,30316628,30316638,10
channel-208,1490456,30316634,30316644,10
channel-6994,1325047,30316648,30316661,13
channel-208,1490457,30316655,30316667,12
channel-85077,60524,30316666,30316674,8
channel-2188,43780,30316668,30316673,5
channel-208,1490458,30316668,30316680,12
channel-750,683432,30316669,30316685,16
channel-1,408465,30316669,30316701,32
channel-0,4039104,30316672,30316682,10
channel-750,683433,30316674,30316687,13
channel-232,49212,30316675,30316684,9
channel-208,1490459,30316682,30316693,11
channel-6897,5645,30316685,30316693,8
channel-874,293283,30316687,30316693,6
channel-1,408466,30316692,30316706,14
channel-750,683434,30316692,30316698,6
channel-259,314375,30316692,30316700,8
channel-783,104300,30316701,30316711,10
channel-750,683435,30316704,30316711,7
channel-98451,46,30316727,30316736,9
channel-783,104301,30316728,30316732,4
channel-1,408467,30316747,30316760,13
channel-340,3186,30316747,30316759,12
channel-782,310231,30316751,30316758,7
channel-0,4039105,30316754,30316764,10
channel-782,310232,30316757,30316765,8
channel-0,4039106,30316758,30316770,12
channel-326,538137,30316760,30316767,7
channel-326,538138,30316763,30316780,17
channel-1,408468,30316763,30316778,15
channel-1,408469,30316765,30316778,13
channel-208,1490460,30316766,30316776,10
channel-89298,18695,30316766,30316777,11
channel-750,683436,30316769,30316777,8
channel-259,314376,30316770,30316776,6
channel-208,1490461,30316778,30316790,12
channel-874,293284,30316779,30316789,10
channel-1,408470,30316783,30316821,38
channel-750,683437,30316783,30316793,10
channel-874,293285,30316786,30316791,5
channel-148,16092,30316789,30316796,7
channel-73,51340,30316790,30316803,13
channel-208,1490462,30316792,30316803,11
channel-91017,2877,30316798,30316810,12
channel-259,314377,30316806,30316813,7
channel-783,104302,30316809,30316818,9
channel-874,293286,30316821,30316841,20
channel-4,167009,30316824,30316833,9
channel-208,1490463,30316827,30316840,13
channel-750,683438,30316833,30316839,6
channel-208,1490464,30316833,30316844,11
channel-874,293287,30316839,30316846,7
channel-340,3187,30316839,30316846,7
channel-208,1490465,30316839,30316848,9
channel-1,408471,30316841,30316871,30
channel-874,293288,30316846,30316851,5
channel-6994,1325048,30316853,30316864,11
channel-750,683439,30316854,30316859,5
channel-1,408472,30316857,30316871,14
channel-326,538139,30316870,30316875,5
channel-229,55034,30316870,30316879,9
channel-208,1490466,30316877,30316891,14
channel-874,293289,30316879,30316898,19
channel-184,137440,30316879,30316890,11
channel-208,1490467,30316880,30316891,11
channel-783,104303,30316894,30316905,11
channel-6994,1325049,30316895,30316911,16
channel-208,1490468,30316906,30316914,8
channel-208,1490469,30316910,30316918,8
channel-750,683440,30316913,30316920,7
channel-750,683441,30316915,30316923,8
channel-1424,7346,30316917,30316927,10
channel-2494,31959,30316918,30316927,9
channel-199,132765,30316919,30316927,8
channel-6994,1325050,30316924,30316935,11
channel-1,408473,30316925,30316935,10
channel-783,104304,30316925,30316937,12
channel-1,408474,30316927,30316940,13
channel-6994,1325051,30316930,30316941,11
channel-85077,60525,30316933,30316945,12
channel-85077,60526,30316942,30316953,11
channel-208,1490470,30316946,30316957,11
channel-783,104305,30316949,30316955,6
channel-208,1490471,30316957,30316967,10
channel-208,1490472,30316960,30316971,11
channel-6994,1325052,30316966,30316981,15
channel-208,1490473,30316970,30316979,9
channel-208,1490474,30316974,30316984,10
channel-750,683442,30316975,30316984,9
channel-874,293290,30316979,30316984,5
channel-783,104306,30316979,30316985,6
channel-0,4039107,30316981,30316991,10
channel-1,408475,30316983,30316993,10
channel-326,538140,30316989,30316994,5
channel-208,1490475,30316990,30317000,10
channel-0,4039108,30316992,30317004,12
channel-326,538141,30317002,30317007,5
channel-750,683443,30317004,30317010,6
channel-750,683444,30317006,30317020,14
channel-208,1490476,30317006,30317015,9
channel-19774,346060,30317015,30317027,12
channel-1,408476,30317016,30317026,10
channel-208,1490477,30317018,30317027,9
channel-85077,60527,30317028,30317037,9
channel-783,104307,30317032,30317051,19
channel-89321,19482,30317032,30317070,38
channel-750,683445,30317034,30317039,5
channel-91017,2878,30317034,30317045,11
channel-208,1490478,30317040,30317052,12
channel-1,408477,30317050,30317082,32
channel-1,408478,30317052,30317082,30
channel-208,1490479,30317056,30317067,11
channel-232,49213,30317057,30317067,10
channel-1,408479,30317063,30317082,19
channel-0,4039109,30317066,30317089,23
channel-326,538142,30317067,30317072,5
channel-19774,346061,30317077,30317086,9
channel-783,104308,30317088,30317098,10
channel-208,1490480,30317090,30317101,11
channel-38946,124221,30317114,30317129,15
channel-783,104309,30317119,30317144,25
channel-750,683446,30317128,30317138,10
channel-208,1490481,30317130,30317140,10
channel-0,4039110,30317136,30317148,12
channel-208,1490482,30317142,30317154,12
channel-6994,1325053,30317144,30317156,12
channel-6994,1325054,30317157,30317168,11
channel-208,1490483,30317167,30317179,12
channel-89298,18696,30317168,30317176,8
channel-208,1490484,30317175,30317184,9
channel-4,167010,30317193,30317207,14
channel-0,4039111,30317196,30317209,13
channel-0,4039112,30317212,30317223,11
channel-1,408480,30317222,30317238,16
channel-75,845110,30317229,30317236,7
channel-874,293291,30317231,30317237,6
channel-208,1490485,30317233,30317246,13
channel-750,683447,30317237,30317252,15
channel-6994,1325055,30317248,30317256,8
channel-88,467151,30317266,30317286,20
channel-0,4039113,30317270,30317280,10
channel-6994,1325056,30317280,30317297,17
channel-38,11684,30317281,30317292,11
channel-750,683448,30317284,30317289,5
channel-75,845111,30317285,30317293,8
channel-208,1490486,30317290,30317301,11
channel-208,1490487,30317291,30317301,10
channel-208,1490488,30317291,30317301,10
channel-1,408481,30317299,30317327,28
channel-750,683449,30317303,30317317,14
channel-0,4039114,30317308,30317317,9
channel-0,4039115,30317315,30317322,7
channel-208,1490489,30317315,30317324,9
channel-750,683450,30317324,30317333,9
channel-750,683451,30317328,30317333,5
channel-122,668146,30317338,30317341,3
channel-208,1490490,30317343,30317354,11
channel-750,683452,30317343,30317348,5
channel-208,1490491,30317353,30317363,10
channel-42,1490040,30317355,30317366,11
channel-259,314378,30317359,30317364,5
channel-1429,140757,30317360,30317371,11
channel-6994,1325057,30317361,30317373,12
channel-208,1490492,30317361,30317373,12
channel-42,1490041,30317363,30317376,13
channel-108,39857,30317366,30317389,23
channel-750,683453,30317368,30317379,11
channel-750,683454,30317370,30317384,14
channel-122,668147,30317372,30317382,10
channel-750,683455,30317373,30317378,5
channel-88,467152,30317374,30317396,22
channel-0,4039116,30317378,30317390,12
channel-6787,166734,30317380,30317385,5
channel-19774,346062,30317381,30317395,14
channel-208,1490493,30317387,30317397,10
channel-6994,1325058,30317387,30317397,10
channel-19774,346063,30317390,30317398,8
channel-208,1490494,30317391,30317402,11
channel-259,314379,30317391,30317396,5
channel-21113,25345,30317396,30317409,13
channel-42,1490042,30317396,30317404,8
channel-1,408482,30317397,30317405,8
channel-874,293292,30317399,30317404,5
channel-6994,1325059,30317410,30317422,12
channel-208,1490495,30317411,30317420,9
channel-108,39858,30317420,30317431,11
channel-6994,1325060,30317424,30317435,11
channel-85077,60528,30317424,30317435,11
channel-1,408483,30317430,30317446,16
channel-0,4039117,30317432,30317443,11
channel-75,845112,30317436,30317454,18
channel-208,1490496,30317437,30317449,12
channel-0,4039118,30317441,30317453,12
channel-42,1490043,30317445,30317460,15
channel-0,4039119,30317451,30317459,8
channel-6994,1325061,30317451,30317464,13
channel-75,845113,30317460,30317478,18
channel-199,132766,30317465,30317475,10
channel-208,1490497,30317468,30317481,13
channel-208,1490498,30317476,30317486,10
channel-6994,1325062,30317477,30317489,12
channel-0,4039120,30317485,30317505,20
channel-1,408484,30317490,30317507,17
channel-6994,1325063,30317491,30317504,13
channel-0,4039121,30317498,30317509,11
channel-0,4039122,30317498,30317509,11
channel-208,1490499,30317498,30317509,11
channel-208,1490500,30317507,30317518,11
channel-0,4039123,30317508,30317537,29
channel-208,1490501,30317520,30317532,12
channel-1,408485,30317530,30317540,10
channel-42,1490044,30317531,30317535,4
channel-0,4039124,30317534,30317558,24
channel-0,4039125,30317537,30317549,12
channel-0,4039126,30317541,30317554,13
channel-19774,346064,30317544,30317555,11
channel-6994,1325064,30317546,30317558,12
channel-208,1490502,30317546,30317554,8
channel-0,4039127,30317556,30317587,31
channel-38946,124222,30317566,30317578,12
channel-208,1490503,30317572,30317581,9
channel-0,4039128,30317576,30317587,11
channel-326,538143,30317585,30317590,5
channel-0,4039129,30317593,30317604,11
channel-208,1490504,30317596,30317607,11
channel-0,4039130,30317600,30317610,10
channel-750,683456,30317607,30317613,6
channel-89298,18697,30317607,30317616,9
channel-1,408486,30317627,30317642,15
channel-1,408487,30317630,30317660,30
channel-320,119214,30317630,30317640,10
channel-0,4039131,30317633,30317646,13
channel-208,1490505,30317635,30317646,11
channel-6994,1325065,30317636,30317653,17
channel-208,1490506,30317647,30317658,11
channel-0,4039132,30317648,30317657,9
channel-6994,1325066,30317656,30317667,11
channel-6994,1325067,30317663,30317673,10
channel-19774,346065,30317666,30317676,10
channel-6994,1325068,30317682,30317693,11
channel-208,1490507,30317687,30317696,9
channel-122,668148,30317689,30317704,15
channel-750,683457,30317689,30317703,14
channel-0,4039133,30317690,30317703,13
channel-6994,1325069,30317693,30317702,9
channel-5,184323,30317701,30317711,10
channel-750,683458,30317705,30317711,6
channel-208,1490508,30317705,30317716,11
channel-0,4039134,30317705,30317717,12
channel-208,1490509,30317705,30317716,11
channel-19774,346066,30317716,30317726,10
channel-208,1490510,30317728,30317737,9
channel-750,683459,30317729,30317735,6
channel-1,408488,30317736,30317746,10
channel-75,845114,30317737,30317744,7
channel-1,408489,30317739,30317757,18
channel-0,4039135,30317739,30317750,11
channel-750,683460,30317741,30317746,5
channel-6994,1325070,30317744,30317755,11
channel-874,293293,30317745,30317773,28
channel-208,1490511,30317745,30317752,7
channel-199,132767,30317747,30317759,12
channel-259,314380,30317750,30317757,7
channel-85077,60529,30317753,30317763,10
channel-1429,140758,30317756,30317768,12
channel-750,683461,30317759,30317764,5
channel-259,314381,30317760,30317766,6
channel-188,190594,30317761,30317770,9
channel-85077,60530,30317761,30317769,8
channel-208,1490512,30317767,30317779,12
channel-0,4039136,30317769,30317779,10
channel-0,4039137,30317772,30317793,21
channel-208,1490513,30317772,30317782,10
channel-122,668149,30317775,30317779,4
channel-1429,140759,30317779,30317788,9
channel-1,408490,30317780,30317795,15
channel-259,314382,30317780,30317786,6
channel-6994,1325071,30317787,30317798,11
channel-208,1490514,30317787,30317795,8
channel-208,1490515,30317788,30317798,10
channel-208,1490516,30317791,30317798,7
channel-6994,1325072,30317794,30317844,50
channel-6787,166735,30317797,30317802,5
channel-1,408491,30317797,30317809,12
channel-208,1490517,30317800,30317812,12
channel-208,1490518,30317801,30317812,11
channel-320,119215,30317801,30317844,43
channel-6787,166736,30317802,30317807,5
channel-19774,346067,30317805,30317815,10
channel-0,4039138,30317807,30317821,14
channel-6787,166737,30317807,30317812,5
channel-4,167011,30317807,30317820,13
channel-72,516435,30317809,30317856,47
channel-0,4039139,30317812,30317841,29
channel-750,683462,30317818,30317823,5
channel-4,167012,30317819,30317831,12
channel-4,167013,30317824,30317836,12
channel-4,167014,30317834,30317861,27
channel-259,314383,30317836,30317842,6
channel-4,167015,30317845,30317856,11
channel-0,4039140,30317853,30317864,11
channel-208,1490519,30317860,30317870,10
channel-4,167016,30317867,30317880,13
channel-1429,140760,30317885,30317896,11
channel-108,39859,30317886,30317932,46
channel-208,1490520,30317888,30317901,13
channel-642,126530,30317896,30317958,62
channel-1,408492,30317901,30317909,8
channel-208,1490521,30317910,30317922,12
channel-2186,40793,30317916,30317932,16
channel-874,293294,30317916,30317932,16
channel-85077,60531,30317917,30317927,10
channel-208,1490522,30317917,30317927,10
channel-208,1490523,30317924,30317936,12
channel-75,845115,30317926,30317935,9
channel-181,13593,30317932,30317939,7
channel-4,167017,30317933,30317939,6
channel-326,538144,30317937,30317957,20
channel-750,683463,30317939,30317943,4
channel-750,683464,30317939,30317954,15
channel-259,314384,30317939,30317944,5
channel-144,86695,30317941,30317956,15
channel-89321,19483,30317942,30317948,6
channel-208,1490524,30317942,30317954,12
channel-85077,60532,30317943,30317951,8
channel-0,4039141,30317943,30317952,9
channel-1,408493,30317943,30317959,16
channel-6994,1325073,30317945,30317954,9
channel-0,4039142,30317946,30317957,11
channel-19774,346068,30317947,30317958,11
channel-0,4039143,30317948,30317968,20
channel-0,4039144,30317948,30317968,20
channel-0,4039145,30317948,30317972,24
channel-4,167018,30317949,30317959,10
channel-0,4039146,30317950,30317963,13
channel-85077,60533,30317966,30317978,12
channel-6994,1325074,30317966,30317979,13
channel-4,167019,30317968,30317978,10
channel-0,4039147,30317968,30317978,10
channel-42,1490045,30317968,30317989,21
channel-208,1490525,30317978,30317990,12
channel-6994,1325075,30317984,30317996,12
channel-259,314385,30317984,30317989,5
channel-6994,1325076,30317999,30318011,12
channel-750,683465,30317999,30318002,3
channel-91017,2879,30318011,30318022,11
channel-208,1490526,30318017,30318027,10
channel-85077,60534,30318018,30318031,13
channel-750,683466,30318020,30318025,5
channel-85077,60535,30318026,30318034,8
channel-1,408494,30318029,30318046,17
channel-0,4039148,30318030,30318037,7
channel-85077,60536,30318033,30318066,33
channel-88,467153,30318033,30318044,11
channel-85077,60537,30318034,30318042,8
channel-85077,60538,30318041,30318066,25
channel-0,4039149,30318042,30318049,7
channel-19774,346069,30318052,30318066,14
channel-750,683467,30318054,30318059,5
channel-0,4039150,30318055,30318064,9
channel-6994,1325077,30318060,30318075,15
channel-94814,3778,30318067,30318077,10
channel-0,4039151,30318074,30318082,8
channel-199,132768,30318075,30318083,8
channel-750,683468,30318076,30318079,3
channel-85077,60539,30318078,30318086,8
channel-0,4039152,30318079,30318090,11
channel-0,4039153,30318084,30318095,11
channel-85077,60540,30318085,30318094,9
channel-85077,60541,30318091,30318100,9
channel-259,314386,30318093,30318099,6
channel-85077,60542,30318094,30318104,10
channel-0,4039154,30318099,30318107,8
channel-19774,346070,30318100,30318112,12
channel-782,310233,30318101,30318107,6
channel-4,167020,30318103,30318116,13
channel-750,683469,30318104,30318117,13
channel-8,43462,30318104,30318135,31
channel-208,1490527,30318106,30318116,10
channel-0,4039155,30318121,30318133,12
channel-750,683470,30318123,30318136,13
channel-208,1490528,30318123,30318133,10
channel-208,1490529,30318148,30318161,13
channel-750,683471,30318153,30318157,4
channel-0,4039156,30318157,30318162,5
channel-0,4039157,30318158,30318162,4
channel-208,1490530,30318158,30318168,10
channel-91017,2880,30318161,30318171,10
channel-19774,346071,30318163,30318173,10
channel-2188,43781,30318163,30318168,5
channel-19774,346072,30318166,30318178,12
channel-94814,3779,30318167,30318177,10
channel-208,1490531,30318169,30318181,12
channel-85077,60543,30318175,30318181,6
channel-85077,60544,30318179,30318191,12
channel-208,1490532,30318194,30318202,8
channel-259,314387,30318196,30318202,6
channel-874,293295,30318205,30318227,22
channel-208,1490533,30318209,30318220,11
channel-85077,60545,30318210,30318219,9
channel-89298,18698,30318211,30318221,10
channel-767,14371,30318214,30318226,12
channel-0,4039158,30318217,30318231,14
channel-0,4039159,30318225,30318238,13
channel-6994,1325078,30318226,30318264,38
channel-85077,60546,30318226,30318241,15
channel-750,683472,30318230,30318243,13
channel-208,1490534,30318232,30318245,13
channel-85077,60547,30318233,30318247,14
channel-85077,60548,30318233,30318247,14
channel-251,85250,30318233,30318242,9
channel-874,293296,30318236,30318243,7
channel-0,4039160,30318236,30318256,20
channel-750,683473,30318241,30318253,12
channel-781,11379,30318244,30318248,4
channel-75,845116,30318247,30318266,19
channel-91017,2881,30318253,30318264,11
channel-208,1490535,30318257,30318269,12
channel-6994,1325079,30318262,30318274,12
channel-4,167021,30318272,30318284,12
channel-184,137441,30318276,30318285,9
channel-6787,166738,30318277,30318283,6
channel-1,408495,30318288,30318299,11
channel-6994,1325080,30318297,30318310,13
channel-750,683474,30318298,30318309,11
channel-208,1490536,30318302,30318314,12
channel-2188,43782,30318302,30318307,5
channel-85077,60549,30318306,30318315,9
channel-750,683475,30318311,30318317,6
channel-82,18961,30318311,30318322,11
channel-781,11380,30318312,30318317,5
channel-750,683476,30318319,30318327,8
channel-146,20035,30318320,30318344,24
channel-85077,60550,30318326,30318335,9
channel-94814,3780,30318332,30318345,13
channel-85077,60551,30318335,30318343,8
channel-750,683477,30318339,30318344,5
channel-0,4039161,30318339,30318345,6
channel-208,1490537,30318344,30318356,12
channel-208,1490538,30318345,30318356,11
channel-750,683478,30318345,30318354,9
channel-208,1490539,30318346,30318356,10
channel-75,845117,30318361,30318370,9
channel-0,4039162,30318367,30318374,7
channel-216,94265,30318370,30319147,777
channel-89298,18699,30318371,30318381,10
channel-750,683479,30318376,30318382,6
channel-2188,43783,30318377,30318382,5
channel-0,4039163,30318379,30318390,11
channel-326,538145,30318383,30318390,7
channel-326,538146,30318383,30318390,7
channel-750,683480,30318386,30318405,19
channel-750,683481,30318388,30318402,14
channel-750,683482,30318394,30318399,5
channel-259,314388,30318396,30318402,6
channel-874,293297,30318400,30318405,5
channel-874,293298,30318401,30318406,5
channel-122,668150,30318402,30318405,3
channel-874,293299,30318403,30318408,5
channel-874,293300,30318406,30318414,8
channel-85077,60552,30318411,30318419,8
channel-874,293301,30318411,30318416,5
channel-874,293302,30318414,30318419,5
channel-208,1490540,30318415,30318425,10
channel-750,683483,30318416,30318428,12
channel-874,293303,30318421,30318427,6
channel-750,683484,30318421,30318427,6
channel-73,51341,30318422,30318438,16
channel-6994,1325081,30318427,30318439,12
channel-1,408496,30318431,30318444,13
channel-0,4039164,30318433,30318442,9
channel-6994,1325082,30318434,30318442,8
channel-750,683485,30318436,30318441,5
channel-6994,1325083,30318439,30318446,7
channel-6994,1325084,30318441,30318450,9
channel-208,1490541,30318442,30318454,12
channel-750,683486,30318444,30318448,4
channel-0,4039165,30318445,30318455,10
channel-199,132769,30318447,30318456,9
channel-1429,140761,30318455,30318466,11
channel-0,4039166,30318460,30318470,10
channel-21113,25346,30318460,30318466,6
channel-0,4039167,30318462,30318470,8
channel-85077,60553,30318466,30318474,8
channel-750,683487,30318467,30318472,5
channel-6787,166739,30318474,30318481,7
channel-320,119216,30318476,30318502,26
channel-6994,1325085,30318482,30318492,10
channel-6994,1325086,30318484,30318496,12
channel-85077,60554,30318498,30318509,11
channel-320,119217,30318499,30318528,29
channel-1575,15196,30318504,30318514,10
channel-6994,1325087,30318504,30318513,9
channel-85077,60555,30318517,30318528,11
channel-874,293304,30318522,30318529,7
channel-85077,60556,30318522,30318531,9
channel-320,119218,30318523,30318550,27
channel-6994,1325088,30318532,30318540,8
channel-6994,1325089,30318536,30318544,8
channel-0,4039168,30318536,30318547,11
channel-750,683488,30318540,30318549,9
channel-0,4039169,30318547,30318556,9
channel-750,683489,30318550,30318561,11
channel-0,4039170,30318555,30318565,10
channel-1429,140762,30318561,30318571,10
channel-199,132770,30318562,30318572,10
channel-259,314389,30318562,30318567,5
channel-750,683490,30318563,30318571,8
channel-0,4039171,30318567,30318574,7
channel-0,4039172,30318568,30318574,6
channel-750,683491,30318572,30318576,4
channel-750,683492,30318574,30318591,17
channel-199,132771,30318574,30318584,10
channel-259,314390,30318578,30318582,4
channel-259,314391,30318579,30318582,3
channel-326,538147,30318581,30318586,5
channel-0,4039173,30318583,30318596,13
channel-6994,1325090,30318585,30318595,10
channel-85077,60557,30318585,30318611,26
channel-85077,60558,30318589,30318600,11
channel-750,683493,30318592,30318653,61
channel-208,1490542,30318593,30318603,10
channel-259,314392,30318607,30318612,5
channel-750,683494,30318608,30318653,45
channel-6994,1325091,30318614,30318623,9
channel-94814,3781,30318615,30318632,17
channel-259,314393,30318615,30318620,5
channel-341,3393,30318620,30318632,12
channel-208,1490543,30318623,30318636,13
channel-0,4039174,30318624,30318633,9
channel-767,14372,30318625,30318636,11
channel-750,683495,30318626,30318631,5
channel-91017,2882,30318628,30318638,10
channel-0,4039175,30318628,30318635,7
channel-0,4039176,30318634,30318644,10
channel-72,516436,30318644,30318691,47
channel-208,1490544,30318644,30318656,12
channel-85077,60559,30318644,30318656,12
channel-208,1490545,30318645,30318656,11
channel-750,683496,30318645,30318653,8
channel-750,683497,30318649,30318664,15
channel-232,49214,30318654,30318663,9
channel-4,167022,30318655,30318664,9
channel-38946,124223,30318656,30318666,10
channel-0,4039177,30318658,30318682,24
channel-6787,166740,30318658,30318663,5
channel-1,408497,30318660,30318672,12
channel-38946,124224,30318664,30318680,16
channel-0,4039178,30318672,30318682,10
channel-85077,60560,30318676,30318686,10
channel-874,293305,30318677,30318684,7
channel-750,683498,30318677,30318682,5
channel-2494,31960,30318682,30318690,8
channel-2494,31961,30318683,30318694,11
channel-874,293306,30318685,30318690,5
channel-6994,1325092,30318690,30318728,38
channel-89321,19484,30318690,30318700,10
channel-750,683499,30318690,30318694,4
channel-0,4039179,30318692,30318702,10
channel-1,408498,30318692,30318703,11
channel-208,1490546,30318697,30318705,8
channel-874,293307,30318700,30318718,18
channel-6994,1325093,30318701,30318712,11
channel-783,104310,30318703,30318713,10
channel-115,20417,30318711,30318722,11
channel-259,314394,30318718,30318723,5
channel-6994,1325094,30318722,30318732,10
channel-91017,2883,30318727,30318737,10
channel-38946,124225,30318729,30318743,14
channel-750,683500,30318730,30318734,4
channel-216,94267,30318731,30319086,355
channel-208,1490547,30318733,30318745,12
channel-115,20418,30318740,30318749,9
channel-874,293308,30318742,30318751,9
channel-750,683501,30318745,30318750,5
channel-0,4039180,30318745,30318757,12
channel-0,4039181,30318748,30318757,9
channel-89321,19485,30318748,30318755,7
channel-6994,1325095,30318761,30318771,10
channel-208,1490548,30318763,30318773,10
channel-208,1490549,30318763,30318773,10
channel-0,4039182,30318770,30318796,26
channel-0,4039183,30318771,30318780,9
channel-320,119219,30318777,30318807,30
channel-750,683502,30318780,30318785,5
channel-85077,60561,30318781,30318798,17
channel-750,683503,30318782,30318786,4
channel-115,20419,30318783,30318791,8
channel-91017,2884,30318786,30318797,11
channel-750,683504,30318788,30318806,18
channel-6,66639,30318790,30318807,17
channel-0,4039184,30318793,30318801,8
channel-89321,19486,30318798,30318806,8
channel-750,683505,30318798,30318806,8
channel-4,167023,30318798,30318807,9
channel-0,4039185,30318800,30318808,8
channel-750,683506,30318802,30318814,12
channel-2188,43784,30318806,30318811,5
channel-38946,124226,30318808,30318823,15
channel-0,4039186,30318811,30318822,11
channel-4,167024,30318812,30318829,17
channel-1,408499,30318813,30318827,14
channel-783,104311,30318813,30318821,8
channel-251,85251,30318815,30318828,13
channel-85077,60562,30318817,30318828,11
channel-75,845118,30318817,30318827,10
channel-750,683507,30318822,30318833,11
channel-75,845119,30318823,30318831,8
channel-38946,124227,30318827,30318850,23
channel-208,1490550,30318835,30318844,9
channel-0,4039187,30318839,30318851,12
channel-783,104312,30318840,30318848,8
channel-783,104313,30318840,30318848,8
channel-750,683508,30318848,30318878,30
channel-5485,1716,30318848,30318861,13
channel-874,293309,30318851,30318869,18
channel-750,683509,30318851,30318863,12
channel-251,85252,30318851,30318861,10
channel-19774,346073,30318852,30318858,6
channel-1,408500,30318853,30318878,25
channel-2188,43785,30318858,30318863,5
channel-0,4039188,30318858,30318869,11
channel-1,408501,30318862,30318873,11
channel-0,4039189,30318863,30318888,25
channel-750,683510,30318863,30318868,5
channel-216,94268,30318863,30319086,223
channel-208,1490551,30318863,30318875,12
channel-1,408502,30318863,30318878,15
channel-874,293310,30318865,30318871,6
channel-38946,124228,30318869,30318882,13
channel-326,538148,30318869,30318875,6
channel-1,408503,30318870,30318882,12
channel-75,845120,30318875,30318881,6
channel-782,310234,30318876,30318881,5
channel-782,310235,30318878,30318883,5
channel-0,4039190,30318879,30318888,9
channel-320,119220,30318881,30318892,11
channel-1,408504,30318887,30318899,12
channel-38946,124229,30318888,30318905,17
channel-6787,166741,30318891,30318895,4
channel-0,4039191,30318892,30318903,11
channel-75,845121,30318893,30318903,10
channel-88,467154,30318893,30318909,16
channel-326,538149,30318897,30318920,23
channel-208,1490552,30318901,30318909,8
channel-326,538150,30318901,30318906,5
channel-38946,124230,30318906,30318920,14
channel-783,104314,30318909,30318916,7
channel-783,104315,30318909,30318916,7
channel-75,845122,30318911,30318915,4
channel-38946,124231,30318911,30318920,9
channel-874,293311,30318913,30318919,6
channel-19774,346074,30318916,30318924,8
channel-208,1490553,30318917,30318927,10
channel-0,4039192,30318917,30318924,7
channel-91017,2885,30318919,30318930,11
channel-75,845123,30318920,30318926,6
channel-2188,43786,30318923,30318927,4
channel-0,4039193,30318923,30318934,11
channel-38946,124232,30318924,30318943,19
channel-115,20420,30318928,30318940,12
channel-320,119221,30318936,30318949,13
channel-750,683511,30318937,30318964,27
channel-783,104316,30318938,30318946,8
channel-783,104317,30318938,30318946,8
channel-75,845124,30318941,30318949,8
channel-750,683512,30318941,30318949,8
channel-85077,60563,30318946,30318957,11
channel-38946,124233,30318946,30318956,10
channel-750,683513,30318946,30318964,18
channel-85077,60564,30318949,30318970,21
channel-783,104318,30318952,30318964,12
channel-4,167025,30318952,30318960,8
channel-0,4039194,30318956,30318965,9
channel-143,128409,30318958,30318975,17
channel-0,4039195,30318958,30319070,112
channel-89321,19487,30318968,30319005,37
channel-85077,60565,30318970,30318989,19
channel-75,845125,30318978,30318983,5
channel-75,845126,30318983,30318991,8
channel-91017,2886,30318984,30318994,10
channel-326,538151,30318996,30319020,24
channel-85077,60566,30318996,30319005,9
channel-38946,124234,30318998,30319012,14
channel-320,119222,30319003,30319011,8
channel-642,126531,30319004,30319019,15
channel-783,104319,30319005,30319013,8
channel-85077,60567,30319012,30319022,10
channel-38946,124235,30319014,30319031,17
channel-75,845127,30319014,30319023,9
channel-783,104320,30319017,30319026,9
channel-326,538152,30319026,30319031,5
channel-750,683514,30319028,30319035,7
channel-6994,1325096,30319030,30319038,8
channel-326,538153,30319031,30319037,6
channel-750,683515,30319034,30319039,5
channel-0,4039196,30319038,30319049,11
channel-0,4039197,30319040,30319052,12
channel-75,845128,30319049,30319056,7
channel-199,132772,30319051,30319060,9
channel-320,119223,30319053,30319071,18
channel-75,845129,30319058,30319066,8
channel-259,314395,30319064,30319068,4
channel-0,4039198,30319072,30319098,26
channel-0,4039199,30319073,30319094,21
channel-750,683516,30319073,30319088,15
channel-6994,1325097,30319080,30319088,8
channel-326,538154,30319080,30319085,5
channel-6994,1325098,30319083,30319114,31
channel-75,845130,30319083,30319089,6
channel-91017,2887,30319086,30319097,11
channel-783,104321,30319089,30319096,7
channel-874,293312,30319094,30319099,5
channel-208,1490554,30319096,30319103,7
channel-85077,60568,30319096,30319105,9
channel-85077,60569,30319098,30319105,7
channel-75,845131,30319102,30319109,7
channel-208,1490555,30319103,30319113,10
channel-208,1490556,30319104,30319117,13
channel-874,293313,30319108,30319124,16
channel-208,1490557,30319108,30319117,9
channel-750,683517,30319109,30319138,29
channel-1424,7347,30319109,30319120,11
channel-320,119224,30319112,30319137,25
channel-0,4039200,30319113,30319124,11
channel-2188,43787,30319118,30319124,6
channel-85077,60570,30319122,30319132,10
channel-122,668151,30319122,30319149,27
channel-320,119225,30319124,30319137,13
channel-85077,60571,30319125,30319134,9
channel-1,408505,30319127,30319139,12
channel-1,408506,30319127,30319139,12
channel-208,1490558,30319127,30319137,10
channel-184,137442,30319134,30319144,10
channel-0,4039201,30319135,30319145,10
channel-208,1490559,30319136,30319147,11
channel-0,4039202,30319138,30319149,11
channel-0,4039203,30319138,30319149,11
channel-6994,1325099,30319140,30319173,33
channel-75,845132,30319141,30319148,7
channel-2,130659,30319143,30319155,12
channel-208,1490560,30319146,30319155,9
channel-0,4039204,30319147,30319166,19
channel-91017,2888,30319147,30319155,8
channel-208,1490561,30319148,30319156,8
channel-340,3188,30319151,30319161,10
channel-750,683518,30319152,30319155,3
channel-874,293314,30319157,30319163,6
channel-75016,4663,30319158,30319188,30
channel-0,4039205,30319159,30319166,7
channel-143,128410,30319161,30319185,24
channel-85077,60572,30319164,30319175,11
channel-85077,60573,30319164,30319175,11
channel-0,4039206,30319171,30319191,20
channel-782,310236,30319171,30319177,6
channel-208,1490562,30319172,30319181,9
channel-208,1490563,30319177,30319190,13
channel-91017,2889,30319180,30319192,12
channel-1424,7348,30319181,30319191,10
channel-85077,60574,30319193,30319200,7
channel-320,119226,30319197,30319214,17
channel-1424,7349,30319198,30319207,9
channel-122,668152,30319206,30319233,27
channel-38946,124236,30319208,30319226,18
channel-89298,18700,30319209,30319219,10
channel-208,1490564,30319210,30319219,9
channel-4,167026,30319213,30319229,16
channel-6994,1325100,30319215,30319224,9
channel-122,668153,30319215,30319249,34
channel-208,1490565,30319216,30319228,12
channel-320,119227,30319237,30319249,12
channel-6994,1325101,30319237,30319245,8
channel-208,1490566,30319243,30319254,11
channel-85077,60575,30319244,30319254,10
channel-88,467155,30319244,30319361,117
channel-0,4039207,30319246,30319254,8
channel-320,119228,30319248,30319267,19
channel-208,1490567,30319249,30319256,7
channel-874,293315,30319251,30319255,4
channel-85077,60576,30319255,30319265,10
channel-0,4039208,30319255,30319265,10
channel-208,1490568,30319258,30319268,10
channel-208,1490569,30319263,30319273,10
channel-1,408507,30319265,30319282,17
channel-326,538155,30319279,30319286,7
channel-208,1490570,30319279,30319287,8
channel-85077,60577,30319279,30319289,10
channel-320,119229,30319282,30319293,11
channel-208,1490571,30319283,30319292,9
channel-1424,7350,30319286,30319296,10
channel-750,683519,30319286,30319291,5
channel-208,1490572,30319286,30319296,10
channel-750,683520,30319289,30319293,4
channel-750,683521,30319290,30319294,4
channel-38946,124237,30319293,30319318,25
channel-1424,7351,30319294,30319305,11
channel-208,1490573,30319294,30319305,11
channel-208,1490574,30319298,30319310,12
channel-85077,60578,30319300,30319306,6
channel-208,1490575,30319303,30319315,12
channel-750,683522,30319311,30319316,5
channel-874,293316,30319312,30319318,6
channel-38946,124238,30319312,30319332,20
channel-0,4039209,30319322,30319332,10
channel-326,538156,30319324,30319330,6
channel-0,4039210,30319328,30319335,7
channel-874,293317,30319329,30319334,5
channel-783,104322,30319331,30319338,7
channel-38946,124239,30319332,30319347,15
channel-85077,60579,30319334,30319342,8
channel-85077,60580,30319336,30319345,9
channel-122,668154,30319339,30319379,40
channel-783,104323,30319341,30319348,7
channel-0,4039211,30319343,30319368,25
channel-750,683523,30319345,30319350,5
channel-874,293318,30319347,30319352,5
channel-91017,2890,30319351,30319364,13
channel-85077,60581,30319352,30319363,11
channel-320,119230,30319358,30319369,11
channel-5,184324,30319358,30319367,9
channel-208,1490576,30319369,30319378,9
channel-208,1490577,30319371,30319383,12
channel-874,293319,30319371,30319379,8
channel-21113,25347,30319374,30319381,7
channel-6994,1325102,30319375,30319386,11
channel-0,4039212,30319375,30319383,8
channel-85077,60582,30319382,30319390,8
channel-0,4039213,30319383,30319396,13
channel-4,167027,30319387,30319399,12
channel-750,683524,30319390,30319393,3
channel-750,683525,30319390,30319400,10
channel-1411,1990,30319399,30319407,8
channel-208,1490578,30319402,30319411,9
channel-750,683526,30319403,30319407,4
channel-4,167028,30319404,30319415,11
channel-0,4039214,30319405,30319415,10
channel-874,293320,30319409,30319416,7
channel-85077,60583,30319416,30319422,6
channel-199,132773,30319417,30319425,8
channel-320,119231,30319425,30319452,27
channel-208,1490579,30319429,30319437,8
channel-85077,60584,30319434,30319456,22
channel-750,683527,30319435,30319449,14
channel-782,310237,30319437,30319444,7
channel-6994,1325103,30319444,30319457,13
channel-0,4039215,30319444,30319454,10
channel-85077,60585,30319448,30319456,8
channel-874,293321,30319448,30319454,6
channel-4,167029,30319449,30319459,10
channel-750,683528,30319450,30319455,5
channel-6994,1325104,30319450,30319460,10
channel-320,119232,30319451,30319486,35
channel-38946,124240,30319456,30319467,11
channel-6994,1325105,30319459,30319471,12
channel-79703,4454,30319459,30319471,12
channel-208,1490580,30319462,30319471,9
channel-208,1490581,30319471,30319482,11
channel-320,119233,30319477,30319532,55
channel-750,683529,30319477,30319488,11
channel-208,1490582,30319477,30319485,8
channel-85077,60586,30319479,30319487,8
channel-143,128411,30319479,30319492,13
channel-750,683530,30319479,30319485,6
channel-750,683531,30319482,30319497,15
channel-750,683532,30319483,30319493,10
channel-143,128412,30319483,30319520,37
channel-0,4039216,30319486,30319497,11
channel-216,94269,30319488,30319502,14
channel-73,51342,30319489,30319502,13
channel-750,683533,30319489,30319498,9
channel-874,293322,30319492,30319497,5
channel-0,4039217,30319494,30319503,9
channel-1429,140763,30319498,30319506,8
channel-1,408508,30319503,30319528,25
channel-750,683534,30319505,30319516,11
channel-85077,60587,30319506,30319517,11
channel-750,683535,30319506,30319511,5
channel-0,4039218,30319507,30319537,30
channel-2188,43788,30319508,30319513,5
channel-259,314396,30319508,30319518,10
channel-874,293323,30319508,30319515,7
channel-122,668155,30319508,30319515,7
channel-4,167030,30319510,30319520,10
channel-208,1490583,30319515,30319524,9
channel-19774,346075,30319520,30319531,11
channel-259,314397,30319521,30319528,7
channel-208,1490584,30319523,30319532,9
channel-1279,67134,30319524,30319535,11
channel-750,683536,30319526,30319532,6
channel-85077,60588,30319526,30319535,9
channel-88,467156,30319530,30319544,14
channel-320,119234,30319531,30319585,54
channel-208,1490585,30319531,30319542,11
channel-259,314398,30319531,30319537,6
channel-2186,40794,30319534,30319546,12
channel-750,683537,30319535,30319545,10
channel-208,1490586,30319537,30319546,9
channel-750,683538,30319538,30319569,31
channel-4,167031,30319538,30319551,13
channel-750,683539,30319554,30319558,4
channel-750,683540,30319558,30319563,5
channel-122,668156,30319559,30319564,5
channel-750,683541,30319561,30319569,8
channel-208,1490587,30319561,30319567,6
channel-75,845133,30319564,30319573,9
channel-1,408509,30319565,30319577,12
channel-143,128413,30319568,30319617,49
channel-8945,17753,30319569,30319596,27
channel-750,683542,30319571,30319582,11
channel-208,1490588,30319574,30319585,11
channel-750,683543,30319580,30319585,5
channel-19774,346076,30319583,30319591,8
channel-5,184325,30319585,30319596,11
channel-6994,1325106,30319587,30319596,9
channel-208,1490589,30319588,30319598,10
channel-1,408510,30319588,30319600,12
channel-750,683544,30319597,30319612,15
channel-750,683545,30319606,30319616,10
channel-782,310238,30319606,30319614,8
channel-750,683546,30319607,30319615,8
channel-750,683547,30319607,30319612,5
channel-208,1490590,30319609,30319618,9
channel-750,683548,30319614,30319635,21
channel-85077,60589,30319615,30319623,8
channel-85077,60590,30319615,30319623,8
channel-6994,1325107,30319620,30319631,11
channel-208,1490591,30319621,30319635,14
channel-0,4039219,30319621,30319631,10
channel-208,1490592,30319622,30319635,13
channel-1,408511,30319623,30319636,13
channel-143,128414,30319625,30319637,12
channel-750,683549,30319626,30319639,13
channel-208,1490593,30319626,30319638,12
channel-6994,1325108,30319630,30319641,11
channel-208,1490594,30319631,30319641,10
channel-208,1490595,30319631,30319641,10
channel-6994,1325109,30319641,30319652,11
channel-6994,1325110,30319641,30319652,11
channel-750,683550,30319641,30319654,13
channel-6994,1325111,30319648,30319661,13
channel-122,668157,30319652,30319656,4
channel-750,683551,30319654,30319658,4
channel-750,683552,30319661,30319671,10
channel-750,683553,30319664,30319688,24
channel-208,1490596,30319665,30319676,11
channel-85077,60591,30319668,30319687,19
channel-208,1490597,30319673,30319683,10
channel-750,683554,30319676,30319687,11
channel-85077,60592,30319677,30319687,10
channel-6994,1325112,30319677,30319689,12
channel-750,683555,30319678,30319695,17
channel-750,683556,30319681,30319698,17
channel-6994,1325113,30319682,30319694,12
channel-750,683557,30319689,30319719,30
channel-208,1490598,30319694,30319707,13
channel-6994,1325114,30319705,30319717,12
channel-75,845134,30319707,30319714,7
channel-85077,60593,30319715,30319722,7
channel-750,683558,30319719,30319729,10
channel-4,167032,30319720,30319726,6
channel-750,683559,30319722,30319731,9
channel-208,1490599,30319723,30319731,8
channel-750,683560,30319724,30319742,18
channel-750,683561,30319724,30319729,5
channel-6994,1325115,30319726,30319734,8
channel-4,167033,30319728,30319741,13
channel-750,683562,30319730,30319756,26
channel-320,119235,30319734,30319758,24
channel-0,4039220,30319737,30319748,11
channel-208,1490600,30319737,30319749,12
channel-4,167034,30319743,30319760,17
channel-85077,60594,30319743,30319752,9
channel-750,683563,30319744,30319752,8
channel-85077,60595,30319745,30319755,10
channel-326,538157,30319749,30319757,8
channel-320,119236,30319754,30319825,71
channel-6994,1325116,30319758,30319769,11
channel-19774,346077,30319758,30319769,11
channel-750,683564,30319764,30319774,10
channel-85077,60596,30319768,30319778,10
channel-85077,60597,30319771,30319781,10
channel-0,4039221,30319772,30319780,8
channel-8,43463,30319772,30319794,22
channel-143,128415,30319774,30319785,11
channel-0,4039222,30319774,30319782,8
channel-143,128416,30319774,30319804,30
channel-199,132774,30319777,30319788,11
channel-85077,60598,30319780,30319789,9
channel-208,1490601,30319780,30319788,8
channel-750,683565,30319780,30319784,4
channel-874,293324,30319782,30319787,5
channel-85077,60599,30319788,30319797,9
channel-6994,1325117,30319791,30319801,10
channel-320,119237,30319791,30319803,12
channel-89298,18701,30319792,30319801,9
channel-0,4039223,30319801,30319812,11
channel-750,683566,30319805,30319810,5
channel-750,683567,30319806,30319811,5
channel-85077,60600,30319809,30319830,21
channel-171,7592,30319810,30319820,10
channel-6787,166742,30319810,30319814,4
channel-85077,60601,30319811,30319830,19
channel-85077,60602,30319818,30319826,8
channel-320,119238,30319822,30319841,19
channel-750,683568,30319823,30319841,18
channel-89321,19488,30319834,30319860,26
channel-6994,1325118,30319836,30319845,9
channel-320,119239,30319837,30319845,8
channel-19774,346078,30319838,30319847,9
channel-0,4039224,30319842,30319849,7
channel-6994,1325119,30319842,30319853,11
channel-6994,1325120,30319843,30319853,10
channel-208,1490602,30319847,30319859,12
channel-750,683569,30319847,30319852,5
channel-320,119240,30319850,30319863,13
channel-143,128417,30319860,30319878,18
channel-21113,25348,30319867,30319873,6
channel-6994,1325121,30319877,30319885,8
channel-19774,346079,30319878,30319890,12
channel-199,132775,30319897,30319907,10
channel-492,20121,30319906,30319916,10
channel-320,119241,30319907,30319916,9
channel-208,1490603,30319909,30319919,10
channel-750,683570,30319914,30319918,4
channel-320,119242,30319918,30319929,11
channel-85077,60603,30319922,30319930,8
channel-85077,60604,30319928,30319935,7
channel-750,683571,30319932,30319935,3
channel-208,1490604,30319933,30319946,13
channel-750,683572,30319934,30319949,15
channel-208,1490605,30319942,30319955,13
channel-320,119243,30319942,30319953,11
channel-208,1490606,30319953,30319961,8
channel-6994,1325122,30319958,30319971,13
channel-75,845135,30319958,30319966,8
channel-750,683573,30319959,30319969,10
channel-85077,60605,30319966,30319976,10
channel-1,408512,30319980,30319998,18
channel-5,184326,30319985,30319995,10
channel-750,683574,30319995,30320012,17
channel-85077,60606,30320001,30320011,10
channel-320,119244,30320019,30320031,12
channel-492,20122,30320022,30320031,9
channel-75,845136,30320024,30320032,8
channel-208,1490607,30320028,30320038,10
channel-750,683575,30320037,30320048,11
channel-143,128418,30320038,30320097,59
channel-6994,1325123,30320038,30320048,10
channel-5,184327,30320038,30320048,10
channel-85077,60607,30320038,30320047,9
channel-0,4039225,30320038,30320047,9
channel-6994,1325124,30320042,30320052,10
channel-492,20123,30320047,30320058,11
channel-750,683576,30320052,30320055,3
channel-750,683577,30320057,30320064,7
channel-98451,47,30320058,30320067,9
channel-0,4039226,30320062,30320076,14
channel-85077,60608,30320064,30320076,12
channel-6994,1325125,30320067,30320078,11
channel-85077,60609,30320074,30320083,9
channel-85077,60610,30320076,30320086,10
channel-1424,7352,30320077,30320088,11
channel-6994,1325126,30320079,30320087,8
channel-85077,60611,30320080,30320089,9
channel-6994,1325127,30320080,30320104,24
channel-85077,60612,30320086,30320095,9
channel-0,4039227,30320093,30320117,24
channel-6994,1325128,30320114,30320126,12
channel-85077,60613,30320114,30320132,18
channel-6994,1325129,30320117,30320131,14
channel-750,683578,30320118,30320126,8
channel-85077,60614,30320119,30320129,10
channel-1429,140764,30320120,30320132,12
channel-750,683579,30320120,30320135,15
channel-750,683580,30320125,30320138,13
channel-750,683581,30320127,30320139,12
channel-0,4039228,30320131,30320142,11
channel-85077,60615,30320131,30320140,9
channel-85077,60616,30320132,30320140,8
channel-6994,1325130,30320133,30320145,12
channel-208,1490608,30320143,30320155,12
channel-5,184328,30320144,30320151,7
channel-85077,60617,30320158,30320165,7
channel-19774,346080,30320158,30320168,10
channel-6994,1325131,30320159,30320165,6
channel-216,94270,30320162,30320375,213
channel-0,4039229,30320172,30320183,11
channel-251,85253,30320176,30320185,9
channel-0,4039230,30320183,30320202,19
channel-0,4039231,30320188,30320197,9
channel-6994,1325132,30320190,30320215,25
channel-1,408513,30320201,30320210,9
channel-0,4039232,30320208,30320218,10
channel-750,683582,30320210,30320221,11
channel-208,1490609,30320213,30320223,10
channel-6994,1325133,30320227,30320237,10
channel-750,683583,30320231,30320245,14
channel-0,4039233,30320238,30320260,22
channel-208,1490610,30320246,30320258,12
channel-85077,60618,30320254,30320261,7
channel-85077,60619,30320256,30320264,8
channel-340,3189,30320260,30320269,9
channel-208,1490611,30320266,30320275,9
channel-0,4039234,30320274,30320281,7
channel-0,4039235,30320286,30320297,11
channel-4,167035,30320289,30320299,10
channel-122,668158,30320292,30320296,4
channel-115,20421,30320292,30320300,8
channel-6994,1325134,30320300,30320311,11
channel-85077,60620,30320307,30320317,10
channel-2494,31962,30320312,30320326,14
channel-326,538158,30320319,30320326,7
channel-6994,1325135,30320336,30320348,12
channel-72,516437,30320339,30320399,60
channel-0,4039236,30320341,30320353,12
channel-750,683584,30320346,30320361,15
channel-6994,1325136,30320346,30320356,10
channel-6994,1325137,30320347,30320356,9
channel-0,4039237,30320349,30320361,12
channel-6994,1325138,30320355,30320366,11
channel-85077,60621,30320355,30320367,12
channel-6994,1325139,30320356,30320369,13
channel-208,1490612,30320362,30320372,10
channel-208,1490613,30320363,30320372,9
channel-6994,1325140,30320374,30320388,14
channel-0,4039238,30320377,30320389,12
channel-6994,1325141,30320380,30320392,12
channel-750,683585,30320386,30320394,8
channel-750,683586,30320386,30320397,11
channel-750,683587,30320386,30320400,14
channel-750,683588,30320387,30320400,13
channel-6994,1325142,30320399,30320408,9
channel-0,4039239,30320399,30320407,8
channel-6994,1325143,30320401,30320412,11
channel-0,4039240,30320401,30320410,9
channel-85077,60622,30320403,30320414,11
channel-750,683589,30320408,30320440,32
channel-750,683590,30320410,30320430,20
channel-72,516438,30320415,30320464,49
channel-72,516439,30320420,30320469,49
channel-750,683591,30320425,30320438,13
channel-85077,60623,30320433,30320443,10
channel-89321,19489,30320433,30320443,10
channel-6994,1325144,30320441,30320449,8
channel-1,408514,30320451,30320460,9
channel-85077,60624,30320453,30320461,8
channel-208,1490614,30320459,30320470,11
channel-259,314399,30320467,30320472,5
channel-208,1490615,30320469,30320480,11
channel-6994,1325145,30320469,30320478,9
channel-6994,1325146,30320469,30320478,9
channel-6994,1325147,30320470,30320483,13
channel-89321,19490,30320471,30320493,22
channel-750,683592,30320477,30320482,5
channel-750,683593,30320479,30320484,5
channel-122,668159,30320483,30320487,4
channel-6994,1325148,30320492,30320501,9
channel-6994,1325149,30320492,30320501,9
channel-750,683594,30320493,30320500,7
channel-750,683595,30320494,30320512,18
channel-19774,346081,30320499,30320507,8
channel-750,683596,30320500,30320505,5
channel-0,4039241,30320505,30320514,9
channel-750,683597,30320506,30320511,5
channel-750,683598,30320511,30320527,16
channel-750,683599,30320511,30320527,16
channel-750,683600,30320513,30320518,5
channel-6994,1325150,30320525,30320535,10
channel-208,1490616,30320526,30320536,10
channel-6994,1325151,30320531,30320538,7
channel-6994,1325152,30320534,30320542,8
channel-6994,1325153,30320534,30320542,8
channel-750,683601,30320534,30320541,7
channel-2716,2670,30320535,30320549,14
channel-6787,166743,30320547,30320551,4
channel-6994,1325154,30320550,30320559,9
channel-85077,60625,30320557,30320569,12
channel-143,128419,30320559,30320584,25
channel-750,683602,30320561,30320593,32
channel-750,683603,30320561,30320593,32
channel-208,1490617,30320563,30320573,10
channel-85077,60626,30320567,30320576,9
channel-208,1490618,30320572,30320582,10
channel-750,683604,30320573,30320583,10
channel-6994,1325155,30320575,30320585,10
channel-0,4039242,30320576,30320587,11
channel-750,683605,30320586,30320604,18
channel-750,683606,30320586,30320591,5
channel-6994,1325156,30320593,30320602,9
channel-750,683607,30320595,30320598,3
channel-0,4039243,30320602,30320616,14
channel-75,845137,30320606,30320615,9
channel-85077,60627,30320610,30320636,26
channel-6994,1325157,30320612,30320621,9
channel-6994,1325158,30320615,30320625,10
channel-6994,1325159,30320616,30320625,9
channel-750,683608,30320620,30320630,10
channel-85077,60628,30320637,30320647,10
channel-750,683609,30320638,30320643,5
channel-750,683610,30320646,30320648,2
channel-85077,60629,30320648,30320655,7
channel-6994,1325160,30320648,30320656,8
channel-750,683611,30320653,30320663,10
channel-0,4039244,30320653,30320666,13
channel-0,4039245,30320660,30320670,10
channel-88,467157,30320661,30320679,18
channel-750,683612,30320665,30320680,15
channel-750,683613,30320670,30320676,6
channel-85077,60630,30320671,30320689,18
channel-85077,60631,30320675,30320684,9
channel-0,4039246,30320680,30320689,9
channel-0,4039247,30320682,30320703,21
channel-750,683614,30320689,30320702,13
channel-750,683615,30320694,30320699,5
channel-6994,1325161,30320699,30320711,12
channel-1575,15197,30320699,30320710,11
channel-108,39860,30320700,30320724,24
channel-750,683616,30320701,30320706,5
channel-208,1490619,30320705,30320712,7
channel-0,4039248,30320705,30320717,12
channel-6994,1325162,30320710,30320718,8
channel-6994,1325163,30320718,30320727,9
channel-0,4039249,30320726,30320748,22
channel-0,4039250,30320735,30320742,7
channel-783,104324,30320736,30320754,18
channel-750,683617,30320737,30320748,11
channel-8,43464,30320738,30320767,29
channel-750,683618,30320741,30320747,6
channel-6994,1325164,30320743,30320757,14
channel-19774,346082,30320753,30320766,13
channel-0,4039251,30320767,30320778,11
channel-750,683619,30320768,30320778,10
channel-750,683620,30320778,30320787,9
channel-143,128420,30320789,30320805,16
channel-91017,2891,30320791,30320817,26
channel-251,85254,30320791,30320802,11
channel-1,408515,30320797,30320814,17
channel-0,4039252,30320805,30320815,10
channel-750,683621,30320805,30320816,11
channel-6994,1325165,30320806,30320816,10
channel-0,4039253,30320808,30320821,13
channel-750,683622,30320816,30320821,5
channel-143,128421,30320818,30320828,10
channel-6994,1325166,30320820,30320828,8
channel-1,408516,30320821,30320833,12
channel-85077,60632,30320825,30320837,12
channel-874,293325,30320830,30320835,5
channel-6994,1325167,30320838,30320850,12
channel-208,1490620,30320839,30320851,12
channel-0,4039254,30320840,30320850,10
channel-750,683623,30320841,30320848,7
channel-0,4039255,30320852,30320866,14
channel-6994,1325168,30320856,30320867,11
channel-72,516440,30320867,30320913,46
channel-208,1490621,30320867,30320877,10
channel-208,1490622,30320872,30320879,7
channel-326,538159,30320873,30320890,17
channel-6787,166744,30320873,30320877,4
channel-750,683624,30320873,30320880,7
channel-208,1490623,30320874,30320884,10
channel-2188,43789,30320877,30320882,5
channel-6994,1325169,30320877,30320888,11
channel-6994,1325170,30320877,30320888,11
channel-6994,1325171,30320877,30320906,29
channel-6994,1325172,30320884,30320893,9
channel-143,128422,30320886,30320897,11
channel-1,408517,30320904,30320915,11
channel-0,4039256,30320916,30320942,26
channel-208,1490624,30320923,30320933,10
channel-199,132776,30320924,30320934,10
channel-750,683625,30320925,30320933,8
channel-874,293326,30320928,30320933,5
channel-19774,346083,30320931,30320940,9
channel-750,683626,30320933,30320937,4
channel-750,683627,30320934,30320939,5
channel-874,293327,30320941,30320948,7
channel-0,4039257,30320941,30320951,10
channel-0,4039258,30320942,30320968,26
channel-229,55035,30320947,30320962,15
channel-0,4039259,30320948,30320959,11
channel-6994,1325173,30320955,30320973,18
channel-874,293328,30320960,30320965,5
channel-750,683628,30320968,30320979,11
channel-208,1490625,30320974,30320984,10
channel-0,4039260,30320978,30320989,11
channel-750,683629,30320978,30320983,5
channel-8,43465,30320981,30321001,20
channel-750,683630,30320987,30320991,4
channel-6787,166745,30320991,30320996,5
channel-85077,60633,30320992,30321001,9
channel-4,167036,30320993,30321001,8
channel-85077,60634,30320994,30321001,7
channel-85077,60635,30320995,30321004,9
channel-259,314400,30320997,30321001,4
channel-85077,60636,30321001,30321011,10
channel-4,167037,30321001,30321015,14
channel-6994,1325174,30321002,30321011,9
channel-85077,60637,30321003,30321013,10
channel-6994,1325175,30321007,30321017,10
channel-89321,19491,30321007,30321012,5
channel-85077,60638,30321009,30321018,9
channel-6994,1325176,30321011,30321021,10
channel-750,683631,30321018,30321036,18
channel-204,670831,30321034,30321040,6
channel-208,1490626,30321045,30321054,9
channel-750,683632,30321059,30321064,5
channel-750,683633,30321061,30321065,4
channel-750,683634,30321064,30321069,5
channel-91017,2892,30321065,30321076,11
channel-2188,43790,30321073,30321078,5
channel-85077,60639,30321076,30321084,8
channel-0,4039261,30321082,30321095,13
channel-750,683635,30321112,30321118,6
channel-208,1490627,30321115,30321127,12
channel-326,538160,30321117,30321123,6
channel-0,4039262,30321129,30321137,8
channel-0,4039263,30321132,30321143,11
channel-85077,60640,30321136,30321147,11
channel-85077,60641,30321143,30321150,7
channel-1279,67135,30321159,30321172,13
channel-85077,60642,30321163,30321172,9
channel-85077,60643,30321168,30321177,9
channel-0,4039264,30321169,30321178,9
channel-492,20124,30321171,30321181,10
channel-85077,60644,30321172,30321180,8
channel-6994,1325177,30321175,30321187,12
channel-0,4039265,30321177,30321187,10
channel-6994,1325178,30321182,30321192,10
channel-783,104325,30321184,30321191,7
channel-0,4039266,30321189,30321206,17
channel-783,104326,30321194,30321200,6
channel-0,4039267,30321197,30321206,9
channel-0,4039268,30321201,30321211,10
channel-6994,1325179,30321206,30321216,10
channel-122,668160,30321211,30321215,4
channel-0,4039269,30321211,30321221,10
channel-0,4039270,30321216,30321226,10
channel-1,408518,30321219,30321228,9
channel-2,130660,30321224,30321232,8
channel-122,668161,30321226,30321231,5
channel-0,4039271,30321226,30321236,10
channel-88,467158,30321229,30321243,14
channel-0,4039272,30321235,30321245,10
channel-340,3190,30321235,30321248,13
channel-492,20125,30321238,30321248,10
channel-750,683636,30321243,30321253,10
channel-75,845138,30321244,30321252,8
channel-1,408519,30321252,30321272,20
channel-0,4039273,30321262,30321271,9
channel-750,683637,30321269,30321280,11
channel-0,4039274,30321272,30321304,32
channel-6994,1325180,30321274,30321295,21
channel-21113,25349,30321278,30321284,6
channel-6994,1325181,30321282,30321290,8
channel-6994,1325182,30321282,30321290,8
channel-208,1490628,30321290,30321300,10
channel-208,1490629,30321295,30321305,10
channel-0,4039275,30321305,30321328,23
channel-85077,60645,30321306,30321332,26
channel-0,4039276,30321310,30321319,9
channel-208,1490630,30321311,30321319,8
channel-0,4039277,30321322,30321333,11
channel-208,1490631,30321338,30321348,10
channel-122,668162,30321338,30321342,4
channel-1,408520,30321348,30321365,17
channel-6994,1325183,30321349,30321358,9
channel-750,683638,30321354,30321372,18
channel-0,4039278,30321358,30321370,12
channel-259,314401,30321365,30321371,6
channel-108,39861,30321366,30321400,34
channel-122,668163,30321368,30321371,3
channel-1429,140765,30321370,30321381,11
channel-782,310239,30321383,30321389,6
channel-0,4039279,30321386,30321400,14
channel-75,845139,30321393,30321401,8
channel-38946,124241,30321396,30321434,38
channel-1,408521,30321398,30321428,30
channel-6897,5646,30321402,30321410,8
channel-0,4039280,30321408,30321418,10
channel-0,4039281,30321415,30321423,8
channel-38946,124242,30321419,30321434,15
channel-750,683639,30321420,30321438,18
channel-0,4039282,30321427,30321438,11
channel-0,4039283,30321429,30321438,9
channel-21113,25350,30321439,30321445,6
channel-6994,1325184,30321453,30321480,27
channel-0,4039284,30321454,30321461,7
channel-89321,19492,30321459,30321467,8
channel-21113,25351,30321470,30321477,7
channel-19774,346084,30321473,30321481,8
channel-8,43466,30321473,30321496,23
channel-85077,60646,30321476,30321487,11
channel-0,4039285,30321481,30321491,10
channel-85077,60647,30321483,30321491,8
channel-85077,60648,30321487,30321493,6
channel-38946,124243,30321493,30321508,15
channel-326,538162,30321495,30321511,16
channel-0,4039286,30321510,30321517,7
channel-0,4039287,30321516,30321545,29
channel-4,167038,30321517,30321536,19
channel-259,314402,30321518,30321526,8
channel-259,314403,30321525,30321532,7
channel-208,1490632,30321529,30321540,11
channel-2188,43791,30321531,30321536,5
channel-0,4039288,30321533,30321545,12
channel-6994,1325185,30321540,30321547,7
channel-0,4039289,30321542,30321550,8
channel-208,1490633,30321545,30321556,11
channel-1,408522,30321547,30321557,10
channel-1,408523,30321549,30321561,12
channel-6787,166746,30321550,30321555,5
channel-2188,43792,30321553,30321556,3
channel-6994,1325186,30321554,30321564,10
channel-0,4039290,30321555,30321578,23
channel-1,408524,30321561,30321577,16
channel-750,683640,30321563,30321580,17
channel-208,1490634,30321564,30321572,8
channel-4,167039,30321564,30321573,9
channel-113,301347,30321565,30321594,29
channel-72,516441,30321566,30321606,40
channel-42,1490046,30321566,30321580,14
channel-6994,1325187,30321568,30321577,9
channel-0,4039291,30321569,30321578,9
channel-2188,43793,30321571,30321576,5
channel-874,293329,30321571,30321580,9
channel-0,4039292,30321577,30321587,10
channel-0,4039293,30321580,30321603,23
channel-2,130661,30321582,30321591,9
channel-326,538163,30321587,30321593,6
channel-1,408525,30321587,30321603,16
channel-113,301348,30321588,30321621,33
channel-208,1490635,30321590,30321599,9
channel-0,4039294,30321591,30321600,9
channel-2188,43794,30321593,30321597,4
channel-0,4039295,30321597,30321608,11
channel-91017,2893,30321606,30321620,14
channel-326,538164,30321611,30321631,20
channel-874,293330,30321613,30321620,7
channel-0,4039296,30321617,30321628,11
channel-2188,43795,30321618,30321622,4
channel-0,4039297,30321635,30321643,8
channel-874,293331,30321640,30321646,6
channel-0,4039298,30321641,30321654,13
channel-85077,60649,30321642,30321652,10
channel-2188,43796,30321643,30321647,4
channel-0,4039299,30321646,30321658,12
channel-208,1490636,30321658,30321666,8
channel-0,4039300,30321663,30321671,8
channel-0,4039301,30321663,30321671,8
channel-783,104327,30321664,30321797,133
channel-2188,43797,30321667,30321671,4
channel-0,4039302,30321685,30321693,8
channel-2188,43798,30321689,30321693,4
channel-0,4039303,30321689,30321696,7
channel-0,4039304,30321699,30321709,10
channel-0,4039305,30321699,30321709,10
channel-85077,60650,30321703,30321713,10
channel-1,408526,30321704,30321716,12
channel-2188,43799,30321710,30321714,4
channel-85077,60651,30321710,30321721,11
channel-6994,1325188,30321722,30321734,12
channel-0,4039306,30321722,30321732,10
channel-85077,60652,30321725,30321741,16
channel-0,4039307,30321727,30321739,12
channel-0,4039308,30321727,30321739,12
channel-2188,43800,30321734,30321740,6
channel-0,4039309,30321737,30321746,9
channel-0,4039310,30321737,30321746,9
channel-6994,1325189,30321739,30321748,9
channel-0,4039311,30321758,30321764,6
channel-229,55036,30321766,30321782,16
channel-0,4039312,30321766,30321778,12
channel-208,1490637,30321772,30321782,10
channel-783,104328,30321774,30321782,8
channel-47,198642,30321778,30321792,14
channel-0,4039313,30321778,30321787,9
channel-0,4039314,30321787,30321796,9
channel-0,4039315,30321787,30321796,9
channel-122,668164,30321788,30321792,4
channel-208,1490638,30321796,30321807,11
channel-750,683641,30321797,30321814,17
channel-208,1490639,30321810,30321820,10
channel-0,4039316,30321810,30321821,11
channel-6994,1325190,30321815,30321825,10
channel-47,198643,30321825,30321841,16
channel-89321,19493,30321828,30321839,11
channel-208,1490640,30321831,30321843,12
channel-73,51343,30321836,30321848,12
channel-6994,1325191,30321840,30321852,12
channel-0,4039317,30321852,30321865,13
channel-6994,1325192,30321872,30321903,31
channel-0,4039318,30321881,30321892,11
channel-767,14373,30321885,30321895,10
channel-184,137443,30321887,30321894,7
channel-19774,346085,30321891,30321900,9
channel-6994,1325193,30321893,30321899,6
channel-20082,9890,30321893,30322091,198
channel-750,683642,30321894,30321904,10
channel-750,683643,30321915,30321926,11
channel-6994,1325194,30321927,30321936,9
channel-750,683644,30321942,30321952,10
channel-85077,60653,30321949,30321960,11
channel-85077,60654,30321952,30321962,10
channel-750,683645,30321953,30321969,16
channel-72,516442,30321957,30321989,32
channel-2188,43801,30321966,30321970,4
channel-0,4039319,30321968,30321977,9
channel-326,538165,30321969,30321974,5
channel-750,683646,30321975,30321992,17
channel-6994,1325195,30321982,30321996,14
channel-874,293332,30321984,30322003,19
channel-0,4039320,30321988,30322015,27
channel-750,683647,30321990,30321995,5
channel-72,516443,30321990,30322033,43
channel-75,845140,30321991,30321998,7
channel-750,683648,30321992,30322000,8
channel-750,683649,30321993,30321997,4
channel-326,538166,30321995,30322003,8
channel-199,132777,30321997,30322007,10
channel-6994,1325196,30321997,30322008,11
channel-874,293333,30321999,30322005,6
channel-204,670832,30322002,30322009,7
channel-259,314404,30322002,30322008,6
channel-199,132778,30322004,30322033,29
channel-188,190595,30322005,30322020,15
channel-783,104329,30322005,30322013,8
channel-88,467159,30322006,30322050,44
channel-6994,1325197,30322019,30322053,34
channel-259,314405,30322020,30322025,5
channel-326,538167,30322024,30322035,11
channel-88,467160,30322024,30322050,26
channel-6994,1325198,30322026,30322038,12
channel-0,4039321,30322032,30322041,9
channel-144,86696,30322035,30322047,12
channel-6994,1325199,30322038,30322046,8
channel-0,4039322,30322044,30322054,10
channel-2494,31963,30322054,30322067,13
channel-19774,346086,30322057,30322068,11
channel-122,668165,30322058,30322061,3
channel-208,1490641,30322067,30322076,9
channel-750,683650,30322071,30322080,9
channel-85077,60655,30322071,30322083,12
channel-750,683651,30322086,30322093,7
channel-767,14374,30322095,30322105,10
channel-0,4039323,30322098,30322108,10
channel-750,683652,30322098,30322104,6
channel-122,668166,30322106,30322110,4
channel-750,683653,30322107,30322114,7
channel-0,4039324,30322122,30322134,12
channel-165,71451,30322127,30322147,20
channel-1,408527,30322139,30322149,10
channel-73755,5839,30322141,30322151,10
channel-0,4039325,30322144,30322156,12
channel-208,1490642,30322149,30322162,13
channel-75,845141,30322159,30322166,7
channel-2494,31964,30322167,30322180,13
channel-85077,60656,30322169,30322179,10
channel-1,408528,30322172,30322182,10
channel-1,408529,30322172,30322182,10
channel-1,408530,30322177,30322187,10
channel-6994,1325200,30322187,30322194,7
channel-6994,1325201,30322192,30322201,9
channel-0,4039326,30322199,30322212,13
channel-165,71452,30322205,30322222,17
channel-6994,1325202,30322218,30322228,10
channel-0,4039327,30322224,30322236,12
channel-750,683654,30322228,30322239,11
channel-750,683655,30322229,30322244,15
channel-0,4039328,30322244,30322253,9
channel-6994,1325203,30322249,30322260,11
channel-85077,60657,30322264,30322274,10
channel-0,4039329,30322264,30322274,10
channel-0,4039330,30322265,30322274,9
channel-0,4039331,30322265,30322292,27
channel-85077,60658,30322266,30322276,10
channel-750,683656,30322278,30322288,10
channel-85077,60659,30322278,30322288,10
channel-122,668167,30322278,30322282,4
channel-874,293334,30322280,30322286,6
channel-750,683657,30322285,30322296,11
channel-38946,124244,30322285,30322303,18
channel-6787,166747,30322288,30322292,4
channel-0,4039332,30322289,30322296,7
channel-750,683658,30322293,30322298,5
channel-0,4039333,30322297,30322307,10
channel-251,85255,30322321,30322330,9
channel-85077,60660,30322322,30322330,8
channel-6994,1325204,30322326,30322336,10
channel-0,4039334,30322331,30322343,12
channel-326,538168,30322333,30322338,5
channel-0,4039335,30322346,30322357,11
channel-0,4039336,30322346,30322357,11
channel-113,301349,30322349,30322374,25
channel-85077,60661,30322360,30322370,10
channel-85077,60662,30322361,30322405,44
channel-85077,60663,30322362,30322379,17
channel-85077,60664,30322376,30322386,10
channel-122,668168,30322381,30322386,5
channel-0,4039337,30322384,30322395,11
channel-783,104330,30322384,30322392,8
channel-113,301350,30322390,30322420,30
channel-6994,1325205,30322395,30322404,9
channel-0,4039338,30322399,30322410,11
channel-122,668169,30322400,30322405,5
channel-0,4039339,30322403,30322415,12
channel-0,4039340,30322413,30322424,11
channel-122,668170,30322428,30322432,4
channel-6994,1325206,30322435,30322444,9
channel-750,683659,30322443,30322449,6
channel-122,668171,30322462,30322467,5
channel-326,538169,30322480,30322486,6
channel-19774,346087,30322481,30322490,9
channel-89321,19494,30322484,30322488,4
channel-0,4039341,30322488,30322499,11
channel-6787,166748,30322504,30322511,7
channel-85077,60665,30322511,30322522,11
channel-88,467161,30322512,30322529,17
channel-0,4039342,30322517,30322526,9
channel-208,1490643,30322518,30322526,8
channel-165,71453,30322524,30322533,9
channel-88,467162,30322524,30322536,12
channel-6994,1325207,30322527,30322536,9
channel-208,1490644,30322533,30322540,7
channel-783,104331,30322533,30322539,6
channel-782,310240,30322534,30322539,5
channel-122,668172,30322536,30322539,3
channel-0,4039343,30322540,30322551,11
channel-6994,1325208,30322548,30322560,12
channel-89321,19495,30322548,30322560,12
channel-85077,60666,30322551,30322560,9
channel-165,71454,30322556,30322571,15
channel-0,4039344,30322556,30322567,11
channel-85077,60667,30322562,30322571,9
channel-750,683660,30322562,30322573,11
channel-6994,1325209,30322562,30322574,12
channel-750,683661,30322595,30322606,11
channel-6994,1325210,30322596,30322606,10
channel-165,71455,30322601,30322618,17
channel-0,4039345,30322606,30322623,17
channel-750,683662,30322615,30322623,8
channel-148,16093,30322616,30322622,6
channel-6994,1325211,30322617,30322627,10
channel-88,467163,30322623,30322654,31
channel-874,293335,30322630,30322635,5
channel-85077,60668,30322635,30322646,11
channel-750,683663,30322636,30322648,12
channel-122,668173,30322638,30322643,5
channel-750,683664,30322644,30322654,10
channel-0,4039346,30322647,30322659,12
channel-98451,48,30322653,30322667,14
channel-165,71456,30322654,30322663,9
channel-76971,12247,30322656,30322673,17
channel-85077,60669,30322658,30322668,10
channel-874,293336,30322665,30322672,7
channel-0,4039347,30322666,30322679,13
channel-89321,19496,30322673,30322684,11
channel-782,310241,30322676,30322681,5
channel-1429,140766,30322678,30322686,8
channel-0,4039348,30322679,30322687,8
channel-0,4039349,30322689,30322702,13
channel-326,538170,30322700,30322708,8
channel-6994,1325212,30322702,30322711,9
channel-0,4039350,30322703,30322709,6
channel-750,683665,30322704,30322713,9
channel-750,683666,30322708,30322722,14
channel-0,4039351,30322711,30322722,11
channel-750,683667,30322713,30322722,9
channel-0,4039352,30322724,30322736,12
channel-19774,346088,30322728,30322740,12
channel-122,668174,30322740,30322744,4
channel-6994,1325213,30322742,30322755,13
channel-1,408531,30322745,30322754,9
channel-85077,60670,30322746,30322756,10
channel-122,668175,30322749,30322752,3
channel-2188,43802,30322756,30322761,5
channel-122,668176,30322767,30322772,5
channel-750,683668,30322769,30322782,13
channel-750,683669,30322783,30322792,9
channel-85077,60671,30322787,30322797,10
channel-6994,1325214,30322792,30322800,8
channel-0,4039353,30322814,30322826,12
channel-0,4039354,30322817,30322826,9
channel-0,4039355,30322827,30322836,9
channel-88,467164,30322832,30322842,10
channel-85791,3774,30322835,30322841,6
channel-750,683670,30322836,30322846,10
channel-6994,1325215,30322836,30322849,13
channel-782,310242,30322846,30322853,7
channel-6994,1325216,30322853,30322863,10
channel-0,4039356,30322854,30322867,13
channel-0,4039357,30322854,30322867,13
channel-750,683671,30322855,30322867,12
channel-750,683672,30322857,30322870,13
channel-6994,1325217,30322859,30322868,9
channel-8945,17754,30322859,30322869,10
channel-94814,3782,30322861,30322872,11
channel-88,467165,30322864,30322882,18
channel-750,683673,30322871,30322882,11
channel-750,683674,30322872,30322882,10
channel-750,683675,30322872,30322882,10
channel-122,668177,30322875,30322879,4
channel-122,668178,30322876,30322881,5
channel-750,683676,30322877,30322888,11
channel-0,4039358,30322881,30322891,10
channel-6787,166749,30322882,30322887,5
channel-750,683677,30322882,30322888,6
channel-79703,4455,30322882,30322895,13
channel-750,683678,30322882,30322898,16
channel-750,683679,30322885,30322890,5
channel-750,683680,30322886,30322891,5
channel-326,538171,30322891,30322897,6
channel-122,668179,30322891,30322894,3
channel-73755,5840,30322895,30322906,11
channel-38946,124245,30322898,30322915,17
channel-85077,60672,30322899,30322908,9
channel-85077,60673,30322909,30322920,11
channel-750,683681,30322910,30322918,8
channel-1,408532,30322911,30322923,12
channel-6994,1325218,30322911,30322921,10
channel-782,310243,30322914,30322921,7
channel-85077,60674,30322921,30322931,10
channel-2188,43803,30322930,30322935,5
channel-750,683682,30322934,30322948,14
channel-208,1490645,30322936,30322946,10
channel-750,683683,30322942,30322956,14
channel-750,683684,30322944,30322963,19
channel-208,1490646,30322946,30322952,6
channel-320,119245,30322948,30322975,27
channel-874,293337,30322949,30322955,6
channel-1279,67136,30322956,30322967,11
channel-6994,1325219,30322956,30322967,11
channel-208,1490647,30322956,30322965,9
channel-0,4039359,30322956,30322965,9
channel-874,293338,30322964,30322967,3
channel-88,467166,30322965,30322979,14
channel-0,4039360,30322966,30322978,12
channel-0,4039361,30322966,30322978,12
channel-750,683685,30322970,30322987,17
channel-1429,140767,30322972,30322982,10
channel-38946,124246,30322973,30323215,242
channel-94814,3783,30322975,30322987,12
channel-8945,17755,30322976,30322985,9
channel-122,668180,30322979,30322985,6
channel-0,4039362,30322979,30322990,11
channel-750,683686,30322982,30322997,15
channel-0,4039363,30322984,30322993,9
channel-0,4039364,30322984,30322993,9
channel-750,683687,30322987,30322998,11
channel-85077,60675,30322988,30323000,12
channel-750,683688,30322988,30323004,16
channel-88,467167,30322990,30323008,18
channel-208,1490648,30322990,30322999,9
channel-2188,43804,30322994,30322998,4
channel-750,683689,30322997,30323015,18
channel-6994,1325220,30322997,30323007,10
channel-750,683690,30322999,30323018,19
channel-750,683691,30323000,30323016,16
channel-750,683692,30323001,30323013,12
channel-38946,124247,30323001,30323018,17
channel-750,683693,30323005,30323034,29
channel-750,683694,30323006,30323051,45
channel-750,683695,30323006,30323018,12
channel-750,683696,30323009,30323044,35
channel-750,683697,30323016,30323031,15
channel-750,683698,30323022,30323031,9
channel-750,683699,30323025,30323038,13
channel-6994,1325221,30323025,30323034,9
channel-750,683700,30323025,30323039,14
channel-0,4039365,30323026,30323037,11
channel-38946,124248,30323026,30323041,15
channel-750,683701,30323026,30323037,11
channel-750,683702,30323028,30323051,23
channel-750,683703,30323029,30323034,5
channel-122,668181,30323032,30323037,5
channel-320,119246,30323035,30323080,45
channel-0,4039366,30323038,30323074,36
channel-750,683704,30323046,30323058,12
channel-38946,124249,30323056,30323069,13
channel-2188,43805,30323059,30323064,5
channel-750,683705,30323063,30323078,15
channel-19774,346089,30323065,30323074,9
channel-251,85256,30323066,30323078,12
channel-122,668182,30323073,30323078,5
channel-6994,1325222,30323074,30323087,13
channel-38946,124250,30323074,30323096,22
channel-750,683706,30323074,30323088,14
channel-38946,124251,30323100,30323114,14
channel-340,3191,30323107,30323115,8
channel-5,184329,30323108,30323122,14
channel-85077,60676,30323111,30323121,10
channel-326,538172,30323125,30323130,5
channel-0,4039367,30323126,30323136,10
channel-122,668183,30323127,30323130,3
channel-1,408533,30323131,30323139,8
channel-208,1490649,30323133,30323140,7
channel-38946,124252,30323136,30323148,12
channel-122,668184,30323136,30323139,3
channel-2188,43806,30323137,30323140,3
channel-750,683707,30323139,30323149,10
channel-0,4039368,30323140,30323157,17
channel-750,683708,30323141,30323149,8
channel-750,683709,30323143,30323159,16
channel-750,683710,30323146,30323160,14
channel-0,4039369,30323147,30323155,8
channel-750,683711,30323151,30323179,28
channel-782,310244,30323152,30323159,7
channel-0,4039370,30323153,30323161,8
channel-208,1490650,30323153,30323165,12
channel-38946,124253,30323157,30323171,14
channel-208,1490651,30323162,30323174,12
channel-750,683712,30323163,30323177,14
channel-1429,140768,30323164,30323172,8
channel-750,683713,30323167,30323182,15
channel-1,408534,30323172,30323189,17
channel-143,128423,30323172,30323199,27
channel-19774,346090,30323175,30323184,9
channel-750,683714,30323177,30323182,5
channel-750,683715,30323180,30323197,17
channel-19774,346091,30323185,30323209,24
channel-38946,124254,30323189,30323210,21
channel-0,4039371,30323196,30323205,9
channel-6994,1325223,30323199,30323208,9
channel-783,104332,30323201,30323209,8
channel-38946,124255,30323205,30323240,35
channel-75,845142,30323205,30323212,7
channel-750,683716,30323205,30323226,21
channel-750,683717,30323210,30323223,13
channel-750,683718,30323212,30323224,12
channel-85077,60677,30323218,30323236,18
channel-750,683719,30323219,30323229,10
channel-750,683720,30323220,30323241,21
channel-0,4039372,30323222,30323239,17
channel-750,683721,30323225,30323242,17
channel-89321,19497,30323231,30323237,6
channel-6994,1325224,30323239,30323251,12
channel-1,408535,30323242,30323257,15
channel-767,14375,30323243,30323257,14
channel-750,683722,30323245,30323260,15
channel-0,4039373,30323247,30323261,14
channel-0,4039374,30323249,30323267,18
channel-2186,40795,30323251,30323262,11
channel-750,683723,30323255,30323264,9
channel-0,4039375,30323256,30323267,11
channel-4,167040,30323257,30323267,10
channel-2188,43807,30323258,30323263,5
channel-208,1490652,30323258,30323267,9
channel-38946,124256,30323261,30323282,21
channel-6994,1325225,30323261,30323273,12
channel-750,683724,30323262,30323276,14
channel-750,683725,30323265,30323269,4
channel-326,538173,30323265,30323272,7
channel-89298,18702,30323274,30323282,8
channel-750,683726,30323275,30323280,5
channel-38946,124257,30323277,30323290,13
channel-750,683727,30323277,30323288,11
channel-208,1490653,30323280,30323290,10
channel-0,4039376,30323280,30323290,10
channel-750,683728,30323282,30323287,5
channel-750,683729,30323287,30323318,31
channel-251,85257,30323293,30323302,9
channel-6994,1325226,30323301,30323314,13
channel-750,683730,30323302,30323316,14
channel-208,1490654,30323306,30323316,10
channel-1,408536,30323307,30323322,15
channel-750,683731,30323307,30323311,4
channel-0,4039377,30323310,30323329,19
channel-199,132779,30323316,30323326,10
channel-143,128424,30323316,30323333,17
channel-874,293339,30323327,30323332,5
channel-6994,1325227,30323330,30323340,10
channel-750,683732,30323336,30323352,16
channel-750,683733,30323341,30323362,21
channel-38946,124258,30323343,30323352,9
channel-38946,124259,30323345,30323358,13
channel-0,4039378,30323346,30323356,10
channel-0,4039379,30323348,30323356,8
channel-75755,5547,30323349,30323357,8
channel-122,668185,30323355,30323359,4
channel-750,683734,30323364,30323385,21
channel-38946,124260,30323366,30339144,15778
channel-750,683735,30323368,30323386,18
channel-0,4039380,30323371,30323393,22
channel-199,132780,30323372,30323383,11
channel-259,314406,30323373,30323381,8
channel-750,683736,30323381,30323396,15
channel-750,683737,30323381,30323395,14
channel-38946,124261,30323382,30339163,15781
channel-0,4039381,30323384,30323393,9
channel-6994,1325228,30323385,30323398,13
channel-82819,485,30323389,30323398,9
channel-6994,1325229,30323395,30323405,10
channel-750,683738,30323398,30323412,14
channel-122,668186,30323401,30323404,3
channel-38946,124262,30323401,30323420,19
channel-750,683739,30323404,30323437,33
channel-2188,43808,30323412,30323416,4
channel-750,683740,30323414,30323419,5
channel-1,408537,30323417,30323429,12
channel-750,683741,30323422,30323434,12
channel-750,683742,30323425,30323430,5
channel-0,4039382,30323426,30323437,11
channel-122,668187,30323426,30323429,3
channel-783,104333,30323441,30323448,7
channel-0,4039383,30323442,30323451,9
channel-38946,124263,30323442,30323458,16
channel-750,683743,30323446,30323450,4
channel-6994,1325230,30323448,30323455,7
channel-750,683744,30323448,30323457,9
channel-750,683745,30323452,30323457,5
channel-0,4039384,30323455,30323475,20
channel-38946,124264,30323457,30323467,10
channel-85077,60678,30323458,30323483,25
channel-750,683746,30323464,30323481,17
channel-122,668188,30323465,30323469,4
channel-750,683747,30323470,30323496,26
channel-6787,166750,30323474,30323478,4
channel-750,683748,30323475,30323479,4
channel-6994,1325231,30323475,30323492,17
channel-750,683749,30323476,30323487,11
channel-38946,124265,30323478,30323727,249
channel-184,137444,30323479,30323490,11
channel-750,683750,30323486,30323502,16
channel-208,1490655,30323488,30323499,11
channel-750,683751,30323489,30323494,5
channel-750,683752,30323491,30323506,15
channel-750,683753,30323493,30323501,8
channel-38946,124266,30323500,30323520,20
channel-208,1490656,30323503,30323512,9
channel-21113,25352,30323504,30323510,6
channel-750,683754,30323521,30323530,9
channel-783,104334,30323523,30323531,8
channel-115,20422,30323523,30323534,11
channel-188,190596,30323527,30323564,37
channel-326,538174,30323528,30323538,10
channel-750,683755,30323529,30323546,17
channel-750,683756,30323531,30323541,10
channel-38946,124267,30323532,30323795,263
channel-199,132781,30323535,30323544,9
channel-38946,124268,30323544,30323568,24
channel-750,683757,30323552,30323563,11
channel-0,4039385,30323554,30323564,10
channel-6994,1325232,30323561,30323571,10
channel-320,119247,30323566,30323598,32
channel-0,4039386,30323567,30323579,12
channel-73755,5841,30323571,30323587,16
channel-750,683758,30323573,30323587,14
channel-122,668189,30323574,30323578,4
channel-6994,1325233,30323586,30323597,11
channel-122,668190,30323586,30323590,4
channel-6994,1325234,30323589,30323601,12
channel-75,845143,30323589,30323610,21
channel-750,683759,30323590,30323606,16
channel-4,167041,30323597,30323622,25
channel-199,132782,30323597,30323608,11
channel-0,4039387,30323600,30323612,12
channel-0,4039388,30323600,30323612,12
channel-208,1490657,30323604,30323612,8
channel-750,683760,30323606,30323611,5
channel-19774,346092,30323620,30323634,14
channel-874,293340,30323625,30323632,7
channel-0,4039389,30323635,30323647,12
channel-76971,12248,30323635,30323656,21
channel-750,683761,30323643,30323659,16
channel-251,85258,30323648,30323657,9
channel-6994,1325235,30323648,30323660,12
channel-8945,17756,30323648,30323661,13
channel-6994,1325236,30323650,30323660,10
channel-750,683762,30323651,30323669,18
channel-208,1490658,30323655,30323663,8
channel-72,516444,30323661,30323705,44
channel-184,137445,30323663,30323670,7
channel-75,845144,30323666,30323673,7
channel-6994,1325237,30323669,30323679,10
channel-1429,140769,30323671,30323679,8
channel-115,20423,30323671,30323684,13
channel-750,683763,30323674,30323679,5
channel-0,4039390,30323674,30323693,19
channel-72,516445,30323677,30323711,34
channel-0,4039391,30323678,30323701,23
channel-0,4039392,30323679,30323712,33
channel-874,293341,30323680,30323686,6
channel-2,130662,30323680,30323691,11
channel-0,4039393,30323687,30323696,9
channel-72,516446,30323693,30323729,36
channel-750,683764,30323694,30323717,23
channel-1,408538,30323695,30323726,31
channel-1,408539,30323705,30323726,21
channel-0,4039394,30323713,30323721,8
channel-412,64618,30323720,30323731,11
channel-6994,1325238,30323723,30323735,12
channel-2494,31965,30323723,30323733,10
channel-208,1490659,30323725,30323736,11
channel-89298,18703,30323726,30323740,14
channel-750,683765,30323727,30323732,5
channel-42,1490047,30323728,30323741,13
channel-89321,19498,30323730,30323740,10
channel-75,845145,30323735,30323742,7
channel-767,14376,30323739,30323747,8
channel-122,668191,30323741,30323746,5
channel-750,683766,30323747,30323752,5
channel-19774,346093,30323751,30323763,12
channel-2188,43809,30323760,30323765,5
channel-0,4039395,30323760,30323772,12
channel-73,51344,30323762,30323773,11
channel-199,132783,30323770,30323778,8
channel-750,683767,30323771,30323781,10
channel-38946,124269,30323772,30323791,19
channel-72,516447,30323778,30323822,44
channel-0,4039396,30323780,30323790,10
channel-6994,1325239,30323788,30323796,8
channel-0,4039397,30323794,30323806,12
channel-89321,19499,30323800,30323809,9
channel-98882,1,30323805,30323816,11
channel-6994,1325240,30323811,30323824,13
channel-38946,124270,30323813,30323826,13
channel-750,683768,30323817,30323827,10
channel-750,683769,30323820,30323825,5
channel-750,683770,30323824,30323829,5
channel-0,4039398,30323830,30323841,11
channel-1,408540,30323831,30323842,11
channel-89298,18704,30323839,30323851,12
channel-750,683771,30323839,30323844,5
channel-208,1490660,30323839,30323853,14
channel-38946,124271,30323844,30323861,17
channel-6994,1325241,30323847,30323861,14
channel-38946,124272,30323847,30323861,14
channel-2188,43810,30323848,30323852,4
channel-115,20424,30323851,30323861,10
channel-326,538175,30323851,30323856,5
channel-750,683772,30323852,30323876,24
channel-72,516448,30323852,30323894,42
channel-75,845146,30323855,30323864,9
channel-326,538176,30323856,30323861,5
channel-19774,346094,30323856,30323880,24
channel-782,310245,30323859,30323869,10
channel-38946,124273,30323861,30323884,23
channel-0,4039399,30323876,30323906,30
channel-2494,31966,30323877,30323885,8
channel-0,4039400,30323878,30323887,9
channel-750,683773,30323878,30323882,4
channel-216,94271,30323882,30323950,68
channel-750,683774,30323883,30323888,5
channel-750,683775,30323884,30323901,17
channel-783,104335,30323884,30323894,10
channel-6994,1325242,30323885,30323895,10
channel-750,683776,30323889,30323899,10
channel-72,516449,30323889,30323936,47
channel-8945,17757,30323897,30323924,27
channel-0,4039401,30323899,30323911,12
channel-208,1490661,30323900,30323914,14
channel-0,4039402,30323909,30323921,12
channel-782,310246,30323909,30323920,11
channel-6994,1325243,30323910,30323918,8
channel-0,4039403,30323912,30323921,9
channel-750,683777,30323914,30323926,12
channel-750,683778,30323915,30323934,19
channel-8945,17758,30323921,30323926,5
channel-38946,124274,30323924,30323941,17
channel-874,293342,30323924,30323930,6
channel-38946,124275,30323925,30323941,16
channel-750,683779,30323928,30323939,11
channel-122,668192,30323932,30323935,3
channel-75,845147,30323932,30323941,9
channel-19774,346095,30323934,30323944,10
channel-72,516450,30323935,30323981,46
channel-750,683780,30323936,30323940,4
channel-8945,17759,30323938,30323966,28
channel-42,1490048,30323939,30323950,11
channel-6994,1325244,30323943,30323954,11
channel-783,104336,30323944,30323952,8
channel-0,4039404,30323946,30323955,9
channel-750,683781,30323947,30323958,11
channel-320,119248,30323963,30324011,48
channel-0,4039405,30323964,30323974,10
channel-750,683782,30323967,30323978,11
channel-750,683783,30323967,30323982,15
channel-6787,166751,30323967,30323971,4
channel-750,683784,30323970,30324007,37
channel-750,683785,30323972,30323981,9
channel-750,683786,30323975,30323992,17
channel-750,683787,30323976,30323982,6
channel-750,683788,30323978,30323993,15
channel-208,1490662,30323979,30323988,9
channel-85077,60679,30323979,30323989,10
channel-750,683789,30323981,30324013,32
channel-6994,1325245,30323984,30323997,13
channel-6994,1325246,30323985,30324011,26
channel-750,683790,30323986,30324000,14
channel-8945,17760,30323997,30324010,13
channel-750,683791,30324004,30324008,4
channel-1575,15198,30324010,30324018,8
channel-0,4039406,30324011,30324023,12
channel-75,845148,30324018,30324026,8
channel-115,20425,30324018,30324027,9
channel-874,293343,30324021,30324030,9
channel-75,845149,30324023,30324029,6
channel-0,4039407,30324025,30324034,9
channel-208,1490663,30324026,30324035,9
channel-1,408541,30324030,30324062,32
channel-75,845150,30324039,30324046,7
channel-750,683792,30324041,30324064,23
channel-143,128425,30324045,30324065,20
channel-75,845151,30324048,30324054,6
channel-85077,60680,30324052,30324062,10
channel-0,4039408,30324058,30324067,9
channel-75,845152,30324062,30324069,7
channel-8945,17761,30324068,30324080,12
channel-89298,18705,30324073,30324084,11
channel-208,1490664,30324100,30324111,11
channel-750,683793,30324101,30324122,21
channel-6994,1325247,30324104,30324113,9
channel-750,683794,30324105,30324109,4
channel-122,668193,30324107,30324110,3
channel-5,184330,30324109,30324120,11
channel-2494,31967,30324112,30324124,12
channel-19774,346096,30324115,30324126,11
channel-750,683795,30324117,30324122,5
channel-0,4039409,30324118,30324127,9
channel-85077,60681,30324118,30324125,7
channel-6994,1325248,30324123,30324131,8
channel-6994,1325249,30324128,30324141,13
channel-750,683796,30324131,30324141,10
channel-750,683797,30324135,30324156,21
channel-6994,1325250,30324136,30324147,11
channel-750,683798,30324137,30324154,17
channel-88,467168,30324141,30324157,16
channel-750,683799,30324142,30324158,16
channel-326,538177,30324143,30324152,9
channel-750,683800,30324144,30324156,12
channel-750,683801,30324150,30324154,4
channel-85077,60682,30324151,30324161,10
channel-85077,60683,30324155,30324164,9
channel-750,683802,30324161,30324192,31
channel-199,132784,30324163,30324176,13
channel-412,64619,30324164,30324176,12
channel-6994,1325251,30324165,30324172,7
channel-750,683803,30324169,30324179,10
channel-85077,60684,30324172,30324182,10
channel-750,683804,30324176,30324190,14
channel-6994,1325252,30324176,30324185,9
channel-6994,1325253,30324179,30324189,10
channel-782,310247,30324190,30324194,4
channel-85077,60685,30324192,30324204,12
channel-199,132785,30324195,30324207,12
channel-85077,60686,30324198,30324206,8
channel-85077,60687,30324199,30324209,10
channel-750,683805,30324202,30324207,5
channel-750,683806,30324204,30324215,11
channel-85077,60688,30324206,30324219,13
channel-85077,60689,30324206,30324219,13
channel-6994,1325254,30324207,30324218,11
channel-85077,60690,30324208,30324221,13
channel-750,683807,30324208,30324214,6
channel-85077,60691,30324211,30324240,29
channel-6994,1325255,30324211,30324222,11
channel-0,4039410,30324212,30324224,12
channel-208,1490665,30324216,30324225,9
channel-0,4039411,30324223,30324250,27
channel-750,683809,30324226,30324242,16
channel-750,683810,30324226,30324231,5
channel-85077,60692,30324228,30324238,10
channel-208,1490666,30324232,30324244,12
channel-750,683811,30324233,30324238,5
channel-259,314407,30324240,30324247,7
channel-89298,18706,30324245,30324257,12
channel-85077,60693,30324245,30324259,14
channel-85077,60694,30324253,30324262,9
channel-0,4039412,30324254,30324266,12
channel-89298,18707,30324266,30324273,7
channel-6994,1325256,30324267,30324277,10
channel-0,4039413,30324271,30324284,13
channel-0,4039414,30324280,30324293,13
channel-0,4039415,30324281,30324293,12
channel-5,184331,30324282,30324291,9
channel-73755,5842,30324286,30324292,6
channel-0,4039416,30324306,30324319,13
channel-6994,1325257,30324307,30324319,12
channel-122,668194,30324310,30324314,4
channel-0,4039417,30324311,30324320,9
channel-6994,1325258,30324321,30324332,11
channel-6994,1325259,30324343,30324351,8
channel-6994,1325260,30324343,30324351,8
channel-0,4039418,30324351,30324358,7
channel-85077,60695,30324351,30324357,6
channel-0,4039419,30324352,30324371,19
channel-750,683813,30324353,30324370,17
channel-767,14377,30324353,30324361,8
channel-6994,1325261,30324353,30324361,8
channel-750,683814,30324356,30324362,6
channel-0,4039420,30324356,30324367,11
channel-2188,43811,30324357,30324362,5
channel-326,538178,30324360,30324375,15
channel-783,104337,30324360,30324367,7
channel-85077,60696,30324364,30324372,8
channel-85077,60697,30324366,30324382,16
channel-750,683815,30324370,30324387,17
channel-2188,43812,30324371,30324375,4
channel-85077,60698,30324373,30324392,19
channel-208,1490667,30324376,30324386,10
channel-85077,60699,30324378,30324389,11
channel-259,314408,30324379,30324385,6
channel-204,670833,30324384,30324393,9
channel-208,1490668,30324388,30324400,12
channel-0,4039421,30324393,30324403,10
channel-2188,43813,30324395,30324399,4
channel-85077,60700,30324400,30324408,8
channel-6994,1325262,30324401,30324409,8
channel-0,4039422,30324408,30324420,12
channel-750,683816,30324412,30324436,24
channel-750,683817,30324412,30324422,10
channel-2188,43814,30324415,30324419,4
channel-326,538179,30324419,30324426,7
channel-216,94272,30324425,30324450,25
channel-0,4039423,30324425,30324436,11
channel-113,301351,30324430,30324596,166
channel-2188,43815,30324438,30324443,5
channel-208,1490669,30324445,30324458,13
channel-259,314409,30324460,30324466,6
channel-232,49215,30324467,30324479,12
channel-750,683818,30324474,30324494,20
channel-75,845153,30324492,30324498,6
channel-19774,346097,30324493,30324504,11
channel-750,683819,30324494,30324499,5
channel-750,683820,30324500,30324510,10
channel-2186,40796,30324500,30324513,13
channel-0,4039424,30324522,30324531,9
channel-208,1490670,30324527,30324535,8
channel-21113,25353,30324529,30324537,8
channel-143,128426,30324534,30324545,11
channel-229,55037,30324550,30324561,11
channel-73755,5843,30324552,30324564,12
channel-0,4039425,30324554,30324565,11
channel-89298,18708,30324554,30324565,11
channel-2188,43816,30324555,30324561,6
channel-750,683821,30324558,30324573,15
channel-6994,1325263,30324560,30324569,9
channel-0,4039426,30324584,30324595,11
channel-750,683822,30324585,30324602,17
channel-0,4039427,30324588,30324604,16
channel-85077,60701,30324592,30324598,6
channel-6994,1325264,30324604,30324616,12
channel-750,683823,30324604,30324620,16
channel-1429,140770,30324608,30324617,9
channel-750,683824,30324608,30324624,16
channel-73755,5844,30324608,30324616,8
channel-0,4039428,30324617,30324638,21
channel-750,683825,30324618,30324626,8
channel-6994,1325265,30324620,30324628,8
channel-259,314410,30324620,30324627,7
channel-750,683826,30324626,30324632,6
channel-0,4039429,30324635,30324648,13
channel-19774,346098,30324638,30324652,14
channel-750,683827,30324642,30324673,31
channel-412,64620,30324642,30324664,22
channel-750,683828,30324648,30324656,8
channel-208,1490671,30324666,30324679,13
channel-0,4039430,30324671,30324682,11
channel-750,683829,30324681,30324698,17
channel-75,845154,30324682,30324692,10
channel-750,683830,30324686,30324718,32
channel-208,1490672,30324689,30324699,10
channel-6994,1325266,30324696,30324704,8
channel-6994,1325267,30324701,30324711,10
channel-2188,43817,30324701,30324705,4
channel-6994,1325268,30324703,30324711,8
channel-204,670834,30324706,30324711,5
channel-326,538180,30324709,30324718,9
channel-750,683831,30324712,30324722,10
channel-326,538181,30324717,30324723,6
channel-750,683832,30324718,30324728,10
channel-0,4039431,30324718,30324729,11
channel-85077,60702,30324726,30324734,8
channel-0,4039432,30324727,30324738,11
channel-6994,1325269,30324729,30324738,9
channel-108,39862,30324732,30324751,19
channel-2188,43818,30324738,30324743,5
channel-143,128427,30324746,30324764,18
channel-122,668195,30324747,30324751,4
channel-6994,1325270,30324747,30324757,10
channel-750,683833,30324754,30324777,23
channel-75,845155,30324762,30324770,8
channel-0,4039433,30324764,30324783,19
channel-6994,1325271,30324773,30324782,9
channel-143,128428,30324785,30324796,11
channel-750,683834,30324794,30324798,4
channel-1,408542,30324794,30324807,13
channel-122,668196,30324798,30324802,4
channel-122,668197,30324802,30324805,3
channel-6787,166752,30324803,30324808,5
channel-6994,1325272,30324808,30324817,9
channel-6994,1325273,30324811,30324821,10
channel-122,668198,30324812,30324816,4
channel-85791,3775,30324815,30324821,6
channel-6787,166753,30324826,30324832,6
channel-0,4039434,30324854,30324863,9
channel-208,1490673,30324857,30324869,12
channel-750,683835,30324859,30324864,5
channel-0,4039435,30324866,30324878,12
channel-0,4039436,30324871,30324882,11
channel-42,1490049,30324879,30324891,12
channel-0,4039437,30324881,30324892,11
channel-0,4039438,30324883,30324892,9
channel-326,538182,30324890,30324895,5
channel-144,86697,30324911,30324925,14
channel-208,1490674,30324913,30324924,11
channel-0,4039439,30324918,30324949,31
channel-0,4039440,30324923,30324954,31
channel-0,4039441,30324925,30324949,24
channel-73,51345,30324930,30324944,14
channel-89321,19500,30324946,30324954,8
channel-6994,1325274,30324952,30324962,10
channel-208,1490675,30324954,30324966,12
channel-0,4039442,30324960,30324968,8
channel-6994,1325275,30324965,30324976,11
channel-6994,1325276,30324972,30324980,8
channel-122,668199,30324985,30324989,4
channel-0,4039443,30325000,30325011,11
channel-6994,1325277,30325002,30325012,10
channel-6994,1325278,30325006,30325053,47
channel-750,683836,30325014,30325017,3
channel-85077,60703,30325016,30325026,10
channel-0,4039444,30325020,30325032,12
channel-6994,1325279,30325021,30325033,12
channel-0,4039445,30325024,30325037,13
channel-750,683837,30325030,30325044,14
channel-874,293344,30325038,30325046,8
channel-75,845156,30325041,30325047,6
channel-1,408543,30325045,30325057,12
channel-122,668200,30325051,30325053,2
channel-412,64621,30325058,30325070,12
channel-782,310248,30325078,30325084,6
channel-6994,1325280,30325078,30325091,13
channel-19774,346099,30325079,30325092,13
channel-0,4039446,30325085,30325095,10
channel-251,85259,30325092,30325103,11
channel-88,467169,30325095,30325198,103
channel-122,668201,30325097,30325100,3
channel-750,683838,30325097,30325104,7
channel-2494,31968,30325101,30325110,9
channel-750,683839,30325104,30325120,16
channel-0,4039447,30325118,30325125,7
channel-1,408544,30325118,30325127,9
channel-874,293345,30325124,30325134,10
channel-85077,60704,30325125,30325136,11
channel-326,538183,30325126,30325133,7
channel-1,408545,30325129,30325148,19
channel-2188,43819,30325146,30325151,5
channel-750,683840,30325150,30325156,6
channel-85077,60705,30325154,30325163,9
channel-750,683841,30325161,30325170,9
channel-122,668202,30325161,30325164,3
channel-229,55038,30325165,30325176,11
channel-75016,4664,30325166,30325190,24
channel-85077,60706,30325170,30325179,9
channel-122,668203,30325186,30325191,5
channel-0,4039448,30325186,30325194,8
channel-0,4039449,30325187,30325210,23
channel-85077,60707,30325199,30325206,7
channel-75,845157,30325201,30325208,7
channel-0,4039450,30325203,30325215,12
channel-750,683842,30325208,30325231,23
channel-2188,43820,30325212,30325217,5
channel-259,314411,30325224,30325229,5
channel-75,845158,30325235,30325241,6
channel-204,670835,30325235,30325243,8
channel-1,408546,30325243,30325256,13
channel-89321,19501,30325245,30325259,14
channel-320,119249,30325249,30325262,13
channel-2,130663,30325267,30325281,14
channel-122,668204,30325271,30325275,4
channel-750,683843,30325275,30325280,5
channel-204,670836,30325281,30325344,63
channel-0,4039451,30325281,30325293,12
channel-326,538184,30325282,30325294,12
channel-0,4039452,30325309,30325320,11
channel-73755,5845,30325311,30325319,8
channel-208,1490676,30325316,30325327,11
channel-122,668205,30325325,30325330,5
channel-42,1490050,30325326,30325340,14
channel-326,538185,30325327,30325335,8
channel-750,683844,30325328,30325332,4
channel-6787,166754,30325335,30325340,5
channel-208,1490677,30325345,30325357,12
channel-208,1490678,30325357,30325368,11
channel-750,683845,30325360,30325369,9
channel-204,670837,30325363,30325375,12
channel-6994,1325281,30325368,30325378,10
channel-326,538186,30325380,30325389,9
channel-38946,124276,30325380,30325394,14
channel-89321,19502,30325384,30325410,26
channel-19774,346100,30325391,30325405,14
channel-0,4039453,30325407,30325419,12
channel-6994,1325282,30325410,30325419,9
channel-208,1490679,30325415,30325423,8
channel-326,538187,30325424,30325430,6
channel-0,4039454,30325433,30325457,24
channel-42,1490051,30325436,30325515,79
channel-204,670838,30325437,30325444,7
channel-208,1490680,30325442,30325452,10
channel-750,683846,30325447,30325464,17
channel-326,538188,30325469,30325475,6
channel-1,408547,30325473,30325484,11
channel-320,119250,30325484,30325511,27
channel-204,670839,30325484,30325496,12
channel-122,668206,30325485,30325488,3
channel-0,4039455,30325500,30325510,10
channel-85077,60708,30325506,30325515,9
channel-750,683847,30325510,30325525,15
channel-0,4039456,30325512,30325540,28
channel-208,1490681,30325513,30325523,10
channel-326,538189,30325516,30325522,6
channel-750,683848,30325516,30325522,6
channel-6994,1325283,30325517,30325528,11
channel-259,314412,30325518,30325525,7
channel-85077,60709,30325520,30325538,18
channel-750,683849,30325523,30325542,19
channel-75,845159,30325528,30325536,8
channel-85077,60710,30325532,30325542,10
channel-85077,60711,30325547,30325553,6
channel-6994,1325284,30325550,30325562,12
channel-204,670840,30325550,30325557,7
channel-21113,25354,30325553,30325559,6
channel-75,845160,30325555,30325561,6
channel-326,538190,30325560,30325571,11
channel-750,683850,30325563,30325580,17
channel-75,845161,30325569,30325575,6
channel-208,1490682,30325577,30325586,9
channel-75,845162,30325578,30325586,8
channel-750,683851,30325585,30325594,9
channel-6994,1325285,30325587,30325596,9
channel-750,683852,30325590,30325595,5
channel-208,1490683,30325593,30325604,11
channel-75,845163,30325598,30325606,8
channel-326,538191,30325605,30325611,6
channel-19774,346101,30325613,30325627,14
channel-750,683853,30325620,30325626,6
channel-0,4039457,30325627,30325636,9
channel-0,4039458,30325634,30325646,12
channel-42,1490052,30325635,30325645,10
channel-19774,346102,30325643,30325650,7
channel-72,516451,30325647,30325684,37
channel-750,683854,30325650,30325659,9
channel-326,538192,30325654,30325658,4
channel-2188,43821,30325657,30325659,2
channel-42,1490053,30325658,30325665,7
channel-0,4039459,30325658,30325670,12
channel-0,4039460,30325659,30325670,11
channel-0,4039461,30325660,30325670,10
channel-0,4039462,30325660,30325670,10
channel-19774,346103,30325662,30325675,13
channel-204,670841,30325663,30325675,12
channel-75,845164,30325666,30325674,8
channel-1,408548,30325671,30325685,14
channel-85077,60712,30325680,30325693,13
channel-229,55039,30325682,30325696,14
channel-750,683855,30325694,30325703,9
channel-326,538193,30325700,30325706,6
channel-750,683856,30325706,30325716,10
channel-20082,9891,30325717,30325729,12
channel-4,167042,30325719,30325728,9
channel-750,683857,30325720,30325729,9
channel-19774,346104,30325720,30325730,10
channel-0,4039463,30325721,30325732,11
channel-85077,60713,30325723,30325738,15
channel-0,4039464,30325727,30325739,12
channel-0,4039465,30325735,30325746,11
channel-75,845165,30325739,30325747,8
channel-326,538194,30325742,30325752,10
channel-750,683858,30325744,30325755,11
channel-184,137446,30325744,30325756,12
channel-208,1490684,30325749,30325760,11
channel-19774,346105,30325752,30325762,10
channel-94814,3784,30325758,30325765,7
channel-75,845166,30325760,30325765,5
channel-20082,9892,30325762,30325772,10
channel-412,64622,30325767,30325780,13
channel-2188,43822,30325770,30325775,5
channel-19774,346106,30325773,30325783,10
channel-0,4039466,30325780,30325791,11
channel-326,538195,30325791,30325799,8
channel-85077,60714,30325804,30325827,23
channel-85077,60715,30325809,30325821,12
channel-0,4039467,30325810,30325820,10
channel-750,683859,30325818,30325827,9
channel-0,4039468,30325821,30325834,13
channel-750,683860,30325821,30325826,5
channel-89321,19503,30325826,30325835,9
channel-326,538196,30325836,30325848,12
channel-750,683861,30325837,30325851,14
channel-75,845167,30325839,30325848,9
channel-75,845168,30325845,30325852,7
channel-208,1490685,30325849,30325857,8
channel-0,4039469,30325858,30325868,10
channel-208,1490686,30325859,30325871,12
channel-6994,1325286,30325879,30325888,9
channel-326,538197,30325881,30325890,9
channel-208,1490687,30325886,30325898,12
channel-85077,60716,30325891,30325911,20
channel-0,4039470,30325914,30325925,11
channel-42,1490054,30325917,30325926,9
channel-0,4039471,30325920,30325934,14
channel-6994,1325287,30325922,30325931,9
channel-208,1490688,30325922,30325933,11
channel-6787,166755,30325923,30325927,4
channel-326,538198,30325929,30325935,6
channel-6994,1325288,30325933,30325944,11
channel-75,845169,30325934,30325942,8
channel-0,4039472,30325942,30325954,12
channel-208,1490689,30325943,30325952,9
channel-5,184332,30325951,30325960,9
channel-1429,140771,30325957,30325965,8
channel-75,845170,30325963,30325968,5
channel-0,4039473,30325963,30325973,10
channel-2,130664,30325964,30325973,9
channel-199,132786,30325967,30325978,11
channel-85077,60717,30325967,30325979,12
channel-750,683862,30325978,30325990,12
channel-326,538199,30325979,30325983,4
channel-2186,40797,30325981,30325993,12
channel-94814,3785,30325985,30325995,10
channel-0,4039474,30325987,30325997,10
channel-6994,1325289,30325990,30326000,10
channel-6994,1325290,30326008,30326018,10
channel-326,538200,30326025,30326031,6
channel-412,64623,30326026,30326090,64
channel-0,4039475,30326026,30326035,9
channel-0,4039476,30326036,30326044,8
channel-6994,1325291,30326049,30326057,8
channel-750,683863,30326059,30326072,13
channel-326,538201,30326072,30326080,8
channel-146,20036,30326072,30326082,10
channel-204,670843,30326076,30326270,194
channel-6994,1325292,30326077,30326086,9
channel-88,467170,30326077,30326091,14
channel-0,4039477,30326090,30326099,9
channel-0,4039478,30326091,30326099,8
channel-750,683864,30326093,30326110,17
channel-6994,1325293,30326099,30326108,9
channel-0,4039479,30326108,30326119,11
channel-2186,40798,30326110,30326123,13
channel-750,683865,30326114,30326143,29
channel-6994,1325294,30326119,30326131,12
channel-326,538202,30326121,30326131,10
channel-6994,1325295,30326121,30326131,10
channel-85077,60718,30326127,30326137,10
channel-216,94273,30326129,30326196,67
channel-0,4039480,30326130,30326141,11
channel-259,314413,30326131,30326138,7
channel-1,408549,30326140,30326153,13
channel-122,668207,30326141,30326145,4
channel-208,1490690,30326153,30326161,8
channel-1424,7353,30326157,30326168,11
channel-89298,18709,30326158,30326170,12
channel-326,538203,30326162,30326172,10
channel-750,683866,30326177,30326182,5
channel-412,64624,30326186,30326197,11
channel-0,4039481,30326187,30326200,13
channel-6994,1325296,30326189,30326202,13
channel-874,293346,30326197,30326202,5
channel-2188,43823,30326199,30326203,4
channel-326,538204,30326207,30326215,8
channel-750,683867,30326212,30326221,9
channel-750,683868,30326212,30326222,10
channel-85077,60719,30326213,30326222,9
channel-6994,1325297,30326215,30326227,12
channel-0,4039482,30326224,30326237,13
channel-6994,1325298,30326224,30326237,13
channel-6787,166756,30326227,30326231,4
channel-0,4039483,30326227,30326237,10
channel-8945,17762,30326235,30326251,16
channel-750,683869,30326239,30326246,7
channel-750,683870,30326244,30326256,12
channel-326,538205,30326250,30326260,10
channel-208,1490691,30326251,30326261,10
channel-85077,60720,30326252,30326261,9
channel-208,1490692,30326255,30326265,10
channel-750,683871,30326255,30326268,13
channel-6994,1325299,30326257,30326265,8
channel-85077,60721,30326259,30326267,8
channel-750,683872,30326261,30326273,12
channel-750,683873,30326265,30326274,9
channel-75,845171,30326265,30326271,6
channel-326,538206,30326270,30326287,17
channel-91017,2894,30326272,30326302,30
channel-750,683874,30326272,30326277,5
channel-6787,166757,30326274,30326279,5
channel-0,4039484,30326276,30326286,10
channel-6994,1325300,30326286,30326299,13
channel-208,1490693,30326287,30326299,12
channel-0,4039485,30326297,30326306,9
channel-75,845172,30326301,30326310,9
channel-75,845173,30326304,30326312,8
channel-326,538207,30326307,30326314,7
channel-85077,60722,30326308,30326317,9
channel-75,845174,30326319,30326326,7
channel-326,538208,30326321,30326328,7
channel-122,668208,30326322,30326326,4
channel-750,683875,30326323,30326328,5
channel-216,94274,30326323,30326385,62
channel-72,516452,30326325,30326375,50
channel-0,4039486,30326326,30326337,11
channel-75,845175,30326328,30326335,7
channel-750,683876,30326334,30326350,16
channel-326,538209,30326341,30326346,5
channel-91017,2895,30326346,30326354,8
channel-75,845176,30326352,30326361,9
channel-750,683877,30326352,30326357,5
channel-783,104338,30326360,30326368,8
channel-874,293347,30326360,30326366,6
channel-750,683878,30326367,30326373,6
channel-750,683879,30326367,30326381,14
channel-122,668209,30326369,30326373,4
channel-6994,1325301,30326378,30326390,12
channel-0,4039487,30326379,30326389,10
channel-326,538210,30326387,30326396,9
channel-1,408550,30326402,30326414,12
channel-6994,1325302,30326416,30326424,8
channel-208,1490694,30326431,30326441,10
channel-216,94275,30326433,30326500,67
channel-326,538211,30326439,30326448,9
channel-5,184333,30326445,30326454,9
channel-0,4039488,30326464,30326474,10
channel-91017,2896,30326465,30326475,10
channel-2188,43824,30326473,30326475,2
channel-326,538212,30326481,30326490,9
channel-0,4039489,30326488,30326497,9
channel-184,137447,30326490,30326500,10
channel-0,4039490,30326493,30326502,9
channel-0,4039491,30326504,30326535,31
channel-2188,43825,30326523,30326527,4
channel-326,538213,30326526,30326531,5
channel-85077,60723,30326545,30326552,7
channel-6994,1325303,30326553,30326562,9
channel-6994,1325304,30326561,30326569,8
channel-6994,1325305,30326568,30326578,10
channel-6994,1325306,30326568,30326578,10
channel-75,845177,30326569,30326577,8
channel-326,538214,30326573,30326581,8
channel-2188,43826,30326573,30326578,5
channel-6994,1325307,30326579,30326590,11
channel-750,683880,30326588,30331661,5073
channel-750,683881,30326592,30326605,13
channel-208,1490695,30326593,30326602,9
channel-750,683882,30326594,30326607,13
channel-208,1490696,30326603,30326611,8
channel-750,683883,30326607,30326611,4
channel-750,683884,30326608,30326630,22
channel-0,4039492,30326609,30326618,9
channel-85077,60724,30326613,30326635,22
channel-750,683885,30326613,30326622,9
channel-208,1490697,30326613,30326625,12
channel-0,4039493,30326614,30326626,12
channel-326,538215,30326624,30326633,9
channel-6994,1325308,30326625,30326632,7
channel-783,104339,30326628,30326635,7
channel-5,184334,30326639,30326645,6
channel-750,683886,30326641,30326651,10
channel-2,130665,30326644,30326657,13
channel-0,4039494,30326647,30326658,11
channel-874,293348,30326651,30326661,10
channel-2,130666,30326655,30326667,12
channel-0,4039495,30326655,30326668,13
channel-91017,2897,30326665,30326675,10
channel-1,408551,30326667,30326679,12
channel-326,538216,30326668,30326674,6
channel-750,683887,30326671,30326688,17
channel-340,3192,30326675,30326682,7
channel-320,119251,30326678,30326690,12
channel-85077,60725,30326679,30326692,13
channel-6994,1325309,30326680,30326688,8
channel-122,668210,30326682,30326686,4
channel-0,4039496,30326688,30326698,10
channel-199,132787,30326693,30326704,11
channel-750,683888,30326693,30326697,4
channel-122,668211,30326705,30326709,4
channel-326,538217,30326710,30326719,9
channel-75,845178,30326713,30326721,8
channel-750,683889,30326725,30326747,22
channel-0,4039497,30326731,30326741,10
channel-0,4039498,30326736,30326745,9
channel-1,408552,30326741,30326754,13
channel-750,683890,30326746,30326756,10
channel-783,104340,30326750,30326759,9
channel-208,1490698,30326750,30326759,9
channel-208,1490699,30326751,30326762,11
channel-750,683891,30326752,30326763,11
channel-750,683892,30326757,30326771,14
channel-326,538218,30326758,30326765,7
channel-122,668212,30326759,30326763,4
channel-0,4039499,30326762,30326773,11
channel-750,683893,30326762,30326777,15
channel-208,1490700,30326762,30326772,10
channel-6994,1325310,30326773,30326780,7
channel-6994,1325311,30326775,30326785,10
channel-750,683894,30326778,30326798,20
channel-750,683895,30326778,30326782,4
channel-75,845179,30326786,30326793,7
channel-320,119252,30326787,30326795,8
channel-0,4039500,30326794,30326802,8
channel-0,4039501,30326796,30326808,12
channel-82819,486,30326797,30326810,13
channel-6994,1325312,30326798,30326810,12
channel-259,314414,30326799,30326805,6
channel-259,314415,30326803,30326809,6
channel-6994,1325313,30326803,30326814,11
channel-326,538219,30326808,30326813,5
channel-75,845180,30326808,30326815,7
channel-750,683896,30326818,30326832,14
channel-6994,1325314,30326834,30326842,8
channel-89321,19504,30326837,30326844,7
channel-6994,1325315,30326842,30326851,9
channel-0,4039502,30326847,30326855,8
channel-0,4039503,30326851,30326860,9
channel-326,538220,30326852,30326858,6
channel-6994,1325316,30326852,30326863,11
channel-2494,31969,30326853,30326863,10
channel-0,4039504,30326854,30326878,24
channel-320,119253,30326860,30326869,9
channel-6787,166758,30326864,30326868,4
channel-88,467171,30326873,30326888,15
channel-208,1490701,30326880,30326890,10
channel-6994,1325317,30326883,30326894,11
channel-199,132788,30326885,30326894,9
channel-6994,1325318,30326885,30326894,9
channel-6994,1325319,30326889,30326895,6
channel-0,4039505,30326891,30326916,25
channel-326,538221,30326894,30326900,6
channel-6994,1325320,30326909,30326920,11
channel-6994,1325321,30326911,30326932,21
channel-259,314416,30326912,30326918,6
channel-91017,2898,30326918,30326961,43
channel-0,4039506,30326938,30326952,14
channel-326,538222,30326943,30326952,9
channel-122,668213,30326945,30326949,4
channel-199,132789,30326952,30326959,7
channel-6994,1325322,30326953,30326963,10
channel-208,1490702,30326954,30326964,10
channel-199,132790,30326958,30326969,11
channel-85077,60726,30326959,30326968,9
channel-259,314417,30326961,30326968,7
channel-0,4039507,30326964,30326977,13
channel-0,4039508,30326968,30326977,9
channel-750,683897,30326977,30326982,5
channel-326,538223,30326990,30326998,8
channel-6994,1325323,30326992,30327003,11
channel-199,132791,30326997,30327006,9
channel-259,314418,30327001,30327009,8
channel-1,408553,30327007,30327018,11
channel-0,4039509,30327009,30327043,34
channel-85077,60727,30327015,30327026,11
channel-75,845181,30327018,30327027,9
channel-85077,60728,30327021,30327031,10
channel-6994,1325324,30327034,30327044,10
channel-0,4039510,30327035,30327065,30
channel-326,538224,30327037,30327043,6
channel-750,683898,30327046,30327051,5
channel-0,4039511,30327048,30327060,12
channel-6994,1325325,30327051,30327060,9
channel-199,132792,30327056,30327067,11
channel-6994,1325326,30327057,30327068,11
channel-750,683899,30327079,30327093,14
channel-2188,43827,30327081,30327086,5
channel-750,683900,30327082,30327089,7
channel-326,538225,30327082,30327091,9
channel-6994,1325327,30327092,30327103,11
channel-750,683901,30327092,30327097,5
channel-75,845182,30327094,30327102,8
channel-750,683902,30327099,30327108,9
channel-320,119254,30327107,30327127,20
channel-122,668214,30327108,30327115,7
channel-85077,60729,30327108,30327118,10
channel-0,4039512,30327110,30327120,10
channel-259,314419,30327124,30327129,5
channel-0,4039513,30327125,30327142,17
channel-326,538226,30327129,30327137,8
channel-91017,2899,30327135,30327149,14
channel-783,104341,30327136,30327143,7
channel-85077,60730,30327136,30327147,11
channel-73755,5846,30327136,30327144,8
channel-0,4039514,30327139,30327152,13
channel-2694,3322,30327139,30327167,28
channel-6994,1325328,30327146,30327156,10
channel-320,119255,30327147,30327160,13
channel-115,20426,30327150,30327158,8
channel-2188,43828,30327152,30327157,5
channel-0,4039515,30327171,30327180,9
channel-326,538227,30327175,30327180,5
channel-2188,43829,30327178,30327184,6
channel-0,4039516,30327180,30327189,9
channel-6994,1325329,30327190,30327204,14
channel-0,4039517,30327199,30327210,11
channel-122,668215,30327211,30327215,4
channel-320,119256,30327219,30327231,12
channel-326,538228,30327220,30327225,5
channel-0,4039518,30327223,30327248,25
channel-115,20427,30327223,30327240,17
channel-750,683903,30327230,30327246,16
channel-94814,3786,30327258,30327270,12
channel-6994,1325330,30327263,30327272,9
channel-750,683904,30327267,30327280,13
channel-1429,140772,30327270,30327280,10
channel-326,538229,30327270,30327282,12
channel-0,4039519,30327279,30327291,12
channel-0,4039520,30327291,30327300,9
channel-320,119257,30327291,30327306,15
channel-208,1490703,30327301,30327309,8
channel-199,132793,30327308,30327318,10
channel-326,538230,30327310,30327319,9
channel-326,538231,30327310,30327319,9
channel-326,538232,30327310,30327319,9
channel-326,538233,30327310,30327319,9
channel-326,538234,30327310,30327319,9
channel-326,538235,30327310,30327319,9
channel-326,538236,30327310,30327319,9
channel-1,408554,30327313,30327323,10
channel-326,538237,30327320,30327327,7
channel-0,4039521,30327324,30327336,12
channel-113,301352,30327326,30327358,32
channel-0,4039522,30327330,30327341,11
channel-0,4039523,30327341,30327351,10
channel-0,4039524,30327341,30327351,10
channel-6994,1325331,30327344,30327355,11
channel-6994,1325332,30327351,30327360,9
channel-208,1490704,30327356,30327370,14
channel-326,538238,30327361,30327366,5
channel-2494,31970,30327370,30327386,16
channel-0,4039525,30327371,30327379,8
channel-6994,1325333,30327373,30327384,11
channel-1,408555,30327373,30327386,13
channel-0,4039526,30327373,30327384,11
channel-326,538239,30327375,30327383,8
channel-0,4039527,30327376,30327388,12
channel-113,301353,30327379,30327424,45
channel-783,104342,30327380,30327392,12
channel-522,40443,30327385,30327398,13
channel-6787,166759,30327392,30327396,4
channel-6787,166760,30327401,30327406,5
channel-6994,1325334,30327405,30327415,10
channel-326,538240,30327406,30327411,5
channel-199,132794,30327412,30327424,12
channel-5,184335,30327422,30327435,13
channel-0,4039528,30327425,30327437,12
channel-1,408556,30327430,30327444,14
channel-750,683905,30327430,30327435,5
channel-0,4039529,30327431,30327443,12
channel-6994,1325335,30327432,30327444,12
channel-6994,1325336,30327436,30327449,13
channel-750,683906,30327436,30327471,35
channel-122,668216,30327439,30327444,5
channel-783,104343,30327446,30327457,11
channel-6994,1325337,30327451,30327463,12
channel-208,1490705,30327454,30327465,11
channel-326,538241,30327456,30327461,5
channel-188,190597,30327462,30327478,16
channel-0,4039530,30327465,30327473,8
channel-6994,1325338,30327483,30327494,11
channel-208,1490706,30327484,30327493,9
channel-6994,1325339,30327491,30327503,12
channel-75,845183,30327494,30327503,9
channel-326,538242,30327501,30327510,9
channel-88,467172,30327505,30327523,18
channel-750,683907,30327505,30327509,4
channel-42,1490055,30327511,30327520,9
channel-1,408557,30327512,30327528,16
channel-1,408558,30327512,30327528,16
channel-0,4039531,30327516,30327538,22
channel-76971,12249,30327520,30327544,24
channel-0,4039532,30327521,30327547,26
channel-75,845184,30327523,30327531,8
channel-0,4039533,30327537,30327547,10
channel-75,845185,30327538,30327544,6
channel-0,4039534,30327538,30327551,13
channel-1,408559,30327547,30327557,10
channel-326,538243,30327548,30327556,8
channel-85077,60731,30327548,30327557,9
channel-0,4039535,30327564,30327573,9
channel-0,4039536,30327564,30327573,9
channel-75,845186,30327570,30327577,7
channel-6994,1325340,30327573,30327582,9
channel-0,4039537,30327573,30327583,10
channel-750,683908,30327576,30327586,10
channel-75,845187,30327583,30327593,10
channel-874,293349,30327588,30327594,6
channel-143,128429,30327589,30327598,9
channel-326,538244,30327590,30327597,7
channel-75,845188,30327595,30327602,7
channel-0,4039538,30327603,30327616,13
channel-0,4039539,30327619,30327628,9
channel-782,310249,30327621,30327631,10
channel-199,132795,30327621,30327631,10
channel-326,538245,30327637,30327645,8
channel-750,683909,30327645,30327653,8
channel-6994,1325341,30327658,30327690,32
channel-75,845189,30327659,30327667,8
channel-19774,346107,30327662,30327673,11
channel-0,4039540,30327666,30327676,10
channel-108,39863,30327667,30327707,40
channel-75,845190,30327677,30327684,7
channel-199,132796,30327680,30327693,13
channel-0,4039541,30327682,30327694,12
channel-326,538246,30327683,30327690,7
channel-6994,1325342,30327702,30327711,9
channel-208,1490707,30327708,30327717,9
channel-75,845191,30327717,30327722,5
channel-6994,1325343,30327721,30327732,11
channel-750,683910,30327735,30327739,4
channel-326,538247,30327735,30327740,5
channel-21113,25355,30327738,30327745,7
channel-88,467173,30327744,30327776,32
channel-6994,1325344,30327746,30327756,10
channel-0,4039542,30327750,30327760,10
channel-144,86698,30327751,30327759,8
channel-750,683911,30327752,30327756,4
channel-0,4039543,30327756,30327766,10
channel-750,683912,30327756,30327771,15
channel-6994,1325345,30327765,30327775,10
channel-75,845192,30327767,30327775,8
channel-122,668217,30327769,30327778,9
channel-320,119258,30327770,30327781,11
channel-750,683913,30327770,30327776,6
channel-326,538248,30327775,30327780,5
channel-6994,1325346,30327776,30327798,22
channel-0,4039544,30327779,30327791,12
channel-232,49216,30327787,30327798,11
channel-0,4039545,30327798,30327810,12
channel-216,94276,30327809,30327870,61
channel-122,668218,30327810,30327819,9
channel-492,20126,30327813,30327822,9
channel-216,94277,30327816,30327922,106
channel-75,845193,30327819,30327825,6
channel-326,538249,30327821,30327826,5
channel-216,94278,30327821,30327922,101
channel-76971,12250,30327831,30327846,15
channel-208,1490708,30327832,30327846,14
channel-750,683914,30327834,30327840,6
channel-75,845194,30327838,30327847,9
channel-6994,1325347,30327841,30327850,9
channel-75,845195,30327841,30327847,6
channel-750,683915,30327843,30327848,5
channel-6787,166761,30327868,30327872,4
channel-0,4039546,30327868,30327882,14
channel-326,538250,30327869,30327874,5
channel-0,4039547,30327869,30327882,13
channel-75,845196,30327877,30327887,10
channel-750,683916,30327881,30327895,14
channel-6994,1325348,30327883,30327925,42
channel-6994,1325349,30327890,30327903,13
channel-38,11685,30327890,30327902,12
channel-6994,1325350,30327898,30327908,10
channel-6994,1325351,30327901,30327913,12
channel-122,668219,30327917,30327920,3
channel-326,538251,30327920,30327928,8
channel-0,4039548,30327920,30327930,10
channel-85077,60732,30327937,30327944,7
channel-0,4039549,30327943,30327955,12
channel-75,845197,30327949,30327955,6
channel-6787,166762,30327957,30327962,5
channel-326,538252,30327961,30327972,11
channel-750,683917,30327966,30327978,12
channel-6787,166763,30327966,30327971,5
channel-750,683918,30327968,30327973,5
channel-19774,346108,30327970,30327984,14
channel-750,683919,30327971,30327976,5
channel-222,3835,30327980,30327991,11
channel-208,1490709,30327982,30327994,12
channel-6994,1325352,30327983,30327995,12
channel-6994,1325353,30327983,30327995,12
channel-0,4039550,30327986,30328017,31
channel-122,668220,30327987,30327991,4
channel-1,408560,30327991,30327999,8
channel-750,683920,30327994,30327999,5
channel-750,683921,30327996,30327999,3
channel-2188,43831,30327996,30328003,7
channel-2,130667,30327998,30328012,14
channel-6787,166764,30327999,30328004,5
channel-326,538253,30328008,30328014,6
channel-6787,166765,30328009,30328013,4
channel-0,4039551,30328011,30328033,22
channel-75,845198,30328015,30328023,8
channel-750,683922,30328015,30328021,6
channel-750,683923,30328015,30328033,18
channel-91017,2900,30328020,30328036,16
channel-122,668221,30328022,30328026,4
channel-6787,166766,30328027,30328033,6
channel-0,4039552,30328028,30328035,7
channel-6787,166767,30328031,30328035,4
channel-2188,43832,30328039,30328044,5
channel-89321,19505,30328039,30328056,17
channel-88,467174,30328047,30328066,19
channel-6994,1325354,30328047,30328056,9
channel-750,683924,30328050,30328075,25
channel-72,516453,30328052,30328089,37
channel-326,538254,30328054,30328059,5
channel-6787,166768,30328058,30328063,5
channel-75,845199,30328061,30328068,7
channel-750,683925,30328063,30328068,5
channel-750,683926,30328064,30328085,21
channel-750,683927,30328068,30328081,13
channel-0,4039553,30328076,30328087,11
channel-259,314420,30328077,30328082,5
channel-79241,951,30328080,30328089,9
channel-144,86699,30328082,30328090,8
channel-6994,1325355,30328083,30328093,10
channel-75,845200,30328090,30328098,8
channel-199,132797,30328094,30328105,11
channel-75,845201,30328098,30328106,8
channel-0,4039554,30328098,30328107,9
channel-326,538255,30328100,30328106,6
channel-85077,60733,30328102,30328128,26
channel-251,85260,30328102,30328112,10
channel-750,683928,30328104,30328114,10
channel-0,4039555,30328107,30328126,19
channel-75,845202,30328107,30328113,6
channel-208,1490710,30328108,30328118,10
channel-1,408561,30328113,30328130,17
channel-6994,1325356,30328117,30328158,41
channel-782,310250,30328117,30328126,9
channel-6994,1325357,30328119,30328143,24
channel-2,130668,30328120,30328132,12
channel-75,845203,30328123,30328128,5
channel-0,4039556,30328124,30328145,21
channel-2,130669,30328129,30328141,12
channel-750,683929,30328132,30328141,9
channel-122,668222,30328133,30328137,4
channel-6787,166769,30328136,30328140,4
channel-75,845204,30328142,30328150,8
channel-326,538256,30328149,30328155,6
channel-750,683930,30328150,30328157,7
channel-0,4039557,30328165,30328176,11
channel-6787,166770,30328173,30328177,4
channel-122,668223,30328191,30328194,3
channel-326,538257,30328194,30328202,8
channel-0,4039558,30328195,30328205,10
channel-75,845205,30328195,30328202,7
channel-2716,2671,30328198,30328223,25
channel-6994,1325358,30328224,30328237,13
channel-6994,1325359,30328225,30328237,12
channel-6994,1325360,30328234,30328244,10
channel-0,4039559,30328236,30328240,4
channel-326,538258,30328240,30328248,8
channel-216,94279,30328240,30328293,53
channel-6994,1325361,30328243,30328253,10
channel-2,130670,30328247,30328259,12
channel-0,4039560,30328253,30328264,11
channel-0,4039561,30328258,30328284,26
channel-412,64625,30328260,30328270,10
channel-750,683931,30328273,30328278,5
channel-229,55040,30328273,30328282,9
channel-75,845206,30328275,30328282,7
channel-750,683932,30328284,30328290,6
channel-326,538259,30328286,30328291,5
channel-750,683933,30328299,30328310,11
channel-6994,1325362,30328315,30328324,9
channel-199,132798,30328315,30328327,12
channel-2188,43833,30328317,30328322,5
channel-750,683934,30328324,30328332,8
channel-38946,124277,30328329,30328347,18
channel-122,668224,30328335,30328339,4
channel-320,119259,30328335,30328359,24
channel-326,538260,30328335,30328342,7
channel-326,538261,30328336,30328342,6
channel-0,4039562,30328342,30328371,29
channel-208,1490711,30328342,30328350,8
channel-6994,1325363,30328346,30328355,9
channel-0,4039563,30328348,30328358,10
channel-0,4039564,30328351,30328358,7
channel-750,683935,30328354,30328359,5
channel-750,683936,30328355,30328359,4
channel-0,4039565,30328355,30328362,7
channel-6994,1325364,30328365,30328376,11
channel-91017,2901,30328374,30328386,12
channel-42,1490056,30328375,30328385,10
channel-38946,124278,30328377,30328388,11
channel-326,538262,30328383,30328388,5
channel-5,184336,30328385,30328397,12
channel-6994,1325365,30328391,30328400,9
channel-0,4039566,30328399,30328411,12
channel-75,845207,30328409,30328415,6
channel-6994,1325366,30328411,30328422,11
channel-750,683937,30328418,30328422,4
channel-326,538263,30328426,30328435,9
channel-2,130671,30328426,30328440,14
channel-113,301354,30328434,30328476,42
channel-19774,346109,30328442,30328452,10
channel-1,408562,30328452,30328481,29
channel-874,293350,30328459,30328476,17
channel-42,1490057,30328462,30328471,9
channel-6994,1325367,30328462,30328475,13
channel-326,538264,30328471,30328477,6
channel-88,467175,30328476,30328501,25
channel-19774,346110,30328484,30328493,9
channel-874,293351,30328484,30328494,10
channel-115,20428,30328518,30328528,10
channel-326,538265,30328519,30328530,11
channel-75,845208,30328520,30328527,7
channel-750,683938,30328520,30328537,17
channel-750,683939,30328521,30328526,5
channel-0,4039567,30328530,30328541,11
channel-1,408563,30328537,30328551,14
channel-642,126532,30328543,30328646,103
channel-6994,1325368,30328550,30328571,21
channel-75,845209,30328560,30328564,4
channel-412,64626,30328562,30328570,8
channel-750,683940,30328562,30328574,12
channel-75,845210,30328562,30328570,8
channel-326,538266,30328564,30328574,10
channel-208,1490712,30328570,30328579,9
channel-75,845211,30328581,30328589,8
channel-2494,31971,30328586,30328600,14
channel-750,683941,30328607,30328611,4
channel-113,301355,30328610,30328645,35
channel-208,1490713,30328611,30328619,8
channel-326,538267,30328612,30328617,5
channel-208,1490714,30328612,30328623,11
channel-208,1490715,30328613,30328623,10
channel-19774,346111,30328616,30328628,12
channel-122,668225,30328617,30328620,3
channel-750,683942,30328637,30328654,17
channel-750,683943,30328637,30328646,9
channel-115,20429,30328653,30328665,12
channel-326,538268,30328655,30328661,6
channel-75,845212,30328662,30328670,8
channel-1,408564,30328664,30328682,18
channel-75,845213,30328667,30328673,6
channel-75,845214,30328667,30328673,6
channel-42,1490058,30328675,30328686,11
channel-0,4039568,30328677,30328686,9
channel-42,1490059,30328701,30328710,9
channel-0,4039569,30328702,30328712,10
channel-326,538269,30328702,30328707,5
channel-0,4039570,30328710,30328719,9
channel-0,4039571,30328711,30328731,20
channel-0,4039572,30328726,30328735,9
channel-199,132799,30328741,30328752,11
channel-75,845215,30328748,30328756,8
channel-6994,1325369,30328750,30328774,24
channel-326,538270,30328752,30328759,7
channel-42,1490060,30328754,30328766,12
channel-750,683944,30328760,30328765,5
channel-88,467176,30328764,30328779,15
channel-6994,1325370,30328767,30328778,11
channel-0,4039573,30328771,30328785,14
channel-85077,60734,30328774,30328781,7
channel-21113,25356,30328778,30328787,9
channel-0,4039574,30328784,30328795,11
channel-42,1490061,30328785,30328793,8
channel-326,538271,30328794,30328800,6
channel-782,310251,30328807,30328813,6
channel-5,184337,30328810,30328819,9
channel-6994,1325371,30328812,30328825,13
channel-75,845216,30328813,30328823,10
channel-0,4039575,30328816,30328824,8
channel-6787,166771,30328821,30328827,6
channel-42,1490062,30328821,30328833,12
channel-75,845217,30328823,30328832,9
channel-208,1490716,30328826,30328837,11
channel-85077,60735,30328831,30328841,10
channel-0,4039576,30328833,30328857,24
channel-0,4039577,30328835,30328847,12
channel-750,683945,30328839,30328845,6
channel-6994,1325372,30328841,30328854,13
channel-326,538272,30328842,30328848,6
channel-85077,60736,30328843,30328858,15
channel-208,1490717,30328856,30328865,9
channel-85077,60737,30328861,30328868,7
channel-42,1490063,30328870,30328883,13
channel-122,668226,30328870,30328874,4
channel-75,845218,30328875,30328882,7
channel-750,683946,30328876,30328881,5
channel-19774,346112,30328878,30328889,11
channel-6994,1325373,30328881,30328891,10
channel-75,845219,30328881,30328887,6
channel-19774,346113,30328884,30328897,13
channel-75,845220,30328889,30328895,6
channel-750,683947,30328891,30328903,12
channel-326,538273,30328891,30328896,5
channel-5,184338,30328893,30328902,9
channel-1,408565,30328894,30328902,8
channel-0,4039578,30328895,30328908,13
channel-199,132800,30328896,30328905,9
channel-42,1490064,30328900,30328915,15
channel-169,117528,30328905,30328912,7
channel-0,4039579,30328906,30328918,12
channel-0,4039580,30328910,30328938,28
channel-750,683948,30328917,30328925,8
channel-122,668227,30328918,30328922,4
channel-208,1490718,30328919,30328931,12
channel-75,845221,30328926,30328933,7
channel-326,538274,30328936,30328943,7
channel-42,1490065,30328938,30328957,19
channel-199,132801,30328944,30328956,12
channel-75,845222,30328947,30328955,8
channel-0,4039581,30328948,30328968,20
channel-259,314421,30328952,30328956,4
channel-1429,140773,30328953,30328962,9
channel-208,1490719,30328955,30328964,9
channel-143,128430,30328955,30328968,13
channel-208,1490720,30328955,30328964,9
channel-0,4039582,30328956,30328978,22
channel-0,4039583,30328957,30328973,16
channel-85077,60738,30328957,30328966,9
channel-0,4039584,30328960,30328978,18
channel-94814,3787,30328962,30328970,8
channel-75,845223,30328971,30328978,7
channel-2494,31972,30328973,30328985,12
channel-750,683949,30328974,30328987,13
channel-1,408566,30328978,30328991,13
channel-1,408567,30328979,30328996,17
channel-326,538275,30328981,30328985,4
channel-208,1490721,30328982,30328990,8
channel-208,1490722,30328991,30329003,12
channel-2,130672,30328994,30329007,13
channel-42,1490066,30328998,30329005,7
channel-0,4039585,30329005,30329017,12
channel-0,4039586,30329008,30329031,23
channel-6994,1325374,30329008,30329019,11
channel-1,408568,30329008,30329025,17
channel-75,845224,30329011,30329018,7
channel-326,538276,30329025,30329034,9
channel-1,408569,30329031,30329041,10
channel-199,132802,30329031,30329038,7
channel-85077,60739,30329037,30329047,10
channel-326,538277,30329040,30329061,21
channel-115,20430,30329040,30329051,11
channel-0,4039587,30329041,30329067,26
channel-750,683950,30329051,30329056,5
channel-6994,1325375,30329052,30329063,11
channel-750,683951,30329054,30329058,4
channel-91017,2902,30329054,30329065,11
channel-412,64627,30329058,30329070,12
channel-750,683952,30329066,30329075,9
channel-326,538278,30329071,30329077,6
channel-91017,2903,30329071,30329085,14
channel-0,4039588,30329080,30329092,12
channel-412,64628,30329084,30329095,11
channel-0,4039589,30329102,30329112,10
channel-232,49217,30329106,30329116,10
channel-874,293352,30329111,30329130,19
channel-6994,1325376,30329112,30329122,10
channel-199,132803,30329116,30329126,10
channel-0,4039590,30329116,30329128,12
channel-326,538279,30329119,30329127,8
channel-85791,3776,30329120,30329126,6
channel-782,310252,30329121,30329128,7
channel-85077,60740,30329125,30329135,10
channel-122,668228,30329140,30329145,5
channel-6994,1325377,30329141,30329153,12
channel-326,538280,30329164,30329171,7
channel-95,331599,30329166,30329183,17
channel-122,668229,30329170,30329174,4
channel-0,4039591,30329176,30329183,7
channel-122,668230,30329181,30329183,2
channel-208,1490723,30329183,30329196,13
channel-1,408570,30329188,30329200,12
channel-1424,7354,30329194,30329206,12
channel-6994,1325378,30329200,30329211,11
channel-326,538281,30329208,30329213,5
channel-0,4039592,30329211,30329220,9
channel-208,1490724,30329214,30329227,13
channel-0,4039593,30329235,30329245,10
channel-204,670844,30329242,30329249,7
channel-75,845225,30329249,30329257,8
channel-326,538282,30329252,30329266,14
channel-326,538283,30329255,30329262,7
channel-232,49218,30329285,30329296,11
channel-0,4039594,30329303,30329322,19
channel-326,538284,30329304,30329311,7
channel-85077,60741,30329313,30329326,13
channel-208,1490725,30329322,30329332,10
channel-0,4039595,30329325,30329334,9
channel-6994,1325379,30329327,30329335,8
channel-1,408571,30329330,30329339,9
channel-412,64629,30329333,30329343,10
channel-0,4039596,30329334,30329343,9
channel-85077,60742,30329344,30329353,9
channel-326,538285,30329350,30329356,6
channel-251,85261,30329356,30329365,9
channel-0,4039597,30329370,30329380,10
channel-122,668231,30329375,30329379,4
channel-75,845226,30329375,30329382,7
channel-232,49219,30329375,30329388,13
channel-6994,1325380,30329383,30329395,12
channel-85077,60743,30329394,30329399,5
channel-1575,15199,30329396,30329403,7
channel-0,4039598,30329396,30329403,7
channel-326,538286,30329398,30329406,8
channel-0,4039599,30329402,30329419,17
channel-6994,1325381,30329403,30329414,11
channel-0,4039600,30329404,30329419,15
channel-6994,1325382,30329412,30329427,15
channel-42,1490067,30329414,30329428,14
channel-1424,7355,30329433,30329443,10
channel-208,1490726,30329433,30329446,13
channel-0,4039601,30329436,30329449,13
channel-6994,1325383,30329437,30329457,20
channel-476,11800,30329437,30329451,14
channel-326,538287,30329439,30329445,6
channel-0,4039602,30329439,30329449,10
channel-6994,1325384,30329444,30329452,8
channel-782,310253,30329450,30329457,7
channel-85077,60744,30329465,30329474,9
channel-6994,1325385,30329466,30329475,9
channel-6994,1325386,30329472,30329484,12
channel-204,670845,30329473,30329482,9
channel-6994,1325387,30329474,30329484,10
channel-750,683953,30329474,30329479,5
channel-412,64630,30329475,30329485,10
channel-75,845227,30329479,30329486,7
channel-6994,1325388,30329479,30329489,10
channel-204,670846,30329483,30329492,9
channel-326,538288,30329488,30329497,9
channel-6994,1325389,30329489,30329499,10
channel-2188,43834,30329491,30329495,4
channel-750,683954,30329496,30329505,9
channel-6994,1325390,30329499,30329511,12
channel-88,467177,30329505,30329556,51
channel-320,119260,30329507,30329544,37
channel-122,668232,30329509,30329513,4
channel-412,64631,30329512,30329527,15
channel-340,3193,30329519,30329530,11
channel-6994,1325391,30329526,30329536,10
channel-115,20431,30329529,30329541,12
channel-85077,60745,30329534,30329544,10
channel-326,538289,30329539,30329544,5
channel-750,683955,30329540,30329559,19
channel-75,845228,30329541,30329547,6
channel-1,408572,30329543,30329557,14
channel-0,4039603,30329557,30329564,7
channel-0,4039604,30329560,30329568,8
channel-113,301356,30329561,30329601,40
channel-6994,1325392,30329567,30329576,9
channel-6994,1325393,30329569,30329581,12
channel-767,14378,30329569,30329578,9
channel-750,683956,30329575,30329588,13
channel-98451,49,30329576,30329591,15
channel-326,538290,30329580,30329585,5
channel-91017,2904,30329586,30329595,9
channel-0,4039605,30329589,30329596,7
channel-767,14379,30329593,30329603,10
channel-6994,1325394,30329600,30329611,11
channel-75,845229,30329610,30329619,9
channel-216,94280,30329612,30329677,65
channel-72,516454,30329612,30329666,54
channel-0,4039606,30329621,30329632,11
channel-204,670847,30329621,30329630,9
channel-208,1490727,30329623,30329636,13
channel-326,538291,30329625,30329630,5
channel-1,408573,30329625,30329635,10
channel-0,4039607,30329630,30329642,12
channel-72,516455,30329630,30329683,53
channel-0,4039608,30329639,30329661,22
channel-6994,1325395,30329639,30329647,8
channel-750,683957,30329641,30329645,4
channel-73,51346,30329650,30329666,16
channel-0,4039609,30329656,30329666,10
channel-6994,1325396,30329661,30329672,11
channel-75,845230,30329661,30329668,7
channel-208,1490728,30329661,30329670,9
channel-326,538292,30329670,30329678,8
channel-6994,1325397,30329671,30329683,12
channel-204,670848,30329673,30329682,9
channel-326,538293,30329676,30329697,21
channel-94814,3788,30329686,30329703,17
channel-115,20432,30329693,30329701,8
channel-75,845231,30329700,30329705,5
channel-0,4039610,30329704,30329716,12
channel-42,1490068,30329707,30329719,12
channel-326,538294,30329707,30329717,10
channel-326,538295,30329720,30329729,9
channel-6994,1325398,30329726,30329736,10
channel-85077,60746,30329730,30329740,10
channel-75,845232,30329733,30329740,7
channel-42,1490069,30329735,30329746,11
channel-0,4039611,30329742,30329752,10
channel-199,132804,30329744,30329752,8
channel-75,845233,30329747,30329767,20
channel-782,310254,30329752,30329759,7
channel-208,1490729,30329752,30329762,10
channel-75,845234,30329752,30329761,9
channel-326,538296,30329762,30329767,5
channel-6994,1325399,30329765,30329784,19
channel-75,845235,30329766,30329775,9
channel-1,408574,30329767,30329778,11
channel-89298,18710,30329776,30329785,9
channel-2,130673,30329784,30329791,7
channel-72,516456,30329784,30329822,38
channel-199,132805,30329784,30329792,8
channel-72,516457,30329786,30329822,36
channel-750,683958,30329789,30329811,22
channel-0,4039612,30329790,30329820,30
channel-6994,1325400,30329804,30329812,8
channel-326,538297,30329810,30329815,5
channel-750,683959,30329818,30329828,10
channel-38946,124279,30329829,30329856,27
channel-6994,1325401,30329834,30329847,13
channel-72,516458,30329835,30329867,32
channel-208,1490730,30329841,30329852,11
channel-72,516459,30329844,30329890,46
channel-6994,1325402,30329853,30329866,13
channel-326,538298,30329857,30329864,7
channel-85077,60747,30329865,30329873,8
channel-85077,60748,30329867,30329876,9
channel-0,4039613,30329868,30329894,26
channel-38946,124280,30329872,30329886,14
channel-750,683960,30329877,30329893,16
channel-75,845236,30329887,30329894,7
channel-6994,1325403,30329894,30329904,10
channel-42,1490070,30329894,30329929,35
channel-75,845237,30329898,30329905,7
channel-326,538299,30329900,30329908,8
channel-42,1490071,30329903,30329912,9
channel-0,4039614,30329905,30329935,30
channel-1,408575,30329905,30329915,10
channel-1,408576,30329906,30329933,27
channel-122,668233,30329908,30329918,10
channel-0,4039615,30329911,30329924,13
channel-750,683961,30329915,30329940,25
channel-199,132806,30329924,30329932,8
channel-216,94281,30329926,30329984,58
channel-0,4039616,30329945,30329955,10
channel-326,538300,30329947,30329954,7
channel-0,4039617,30329947,30329959,12
channel-199,132807,30329948,30329959,11
channel-42,1490072,30329949,30329961,12
channel-0,4039618,30329959,30329987,28
channel-6994,1325404,30329959,30329971,12
channel-0,4039619,30329965,30329973,8
channel-72,516460,30329974,30330005,31
channel-1,408577,30329979,30329990,11
channel-85077,60749,30329981,30329991,10
channel-750,683962,30329982,30329990,8
channel-199,132808,30329987,30329994,7
channel-19774,346114,30329989,30329997,8
channel-0,4039620,30329990,30330000,10
channel-874,293353,30329994,30330000,6
channel-0,4039621,30329995,30330005,10
channel-326,538301,30329995,30330001,6
channel-208,1490731,30329996,30330009,13
channel-85077,60750,30330012,30330020,8
channel-85077,60751,30330012,30330020,8
channel-19774,346115,30330014,30330025,11
channel-75,845238,30330018,30330026,8
channel-85077,60752,30330026,30330034,8
channel-0,4039622,30330031,30330039,8
channel-874,293354,30330033,30330039,6
channel-89321,19506,30330036,30330045,9
channel-0,4039623,30330037,30330049,12
channel-326,538302,30330039,30330048,9
channel-6994,1325405,30330041,30330053,12
channel-208,1490732,30330044,30330056,12
channel-0,4039624,30330047,30330059,12
channel-72,516461,30330050,30330098,48
channel-6897,5647,30330060,30330068,8
channel-19774,346116,30330061,30330069,8
channel-199,132809,30330065,30330075,10
channel-72,516462,30330067,30330102,35
channel-259,314422,30330067,30330073,6
channel-199,132810,30330067,30330079,12
channel-874,293355,30330070,30330074,4
channel-783,104344,30330071,30330134,63
channel-750,683963,30330077,30330092,15
channel-750,683964,30330081,30330095,14
channel-85077,60753,30330082,30330092,10
channel-326,538303,30330083,30330095,12
channel-208,1490733,30330087,30330100,13
channel-750,683965,30330099,30330103,4
channel-6994,1325406,30330100,30330113,13
channel-874,293356,30330108,30330114,6
channel-85077,60754,30330116,30330125,9
channel-38946,124281,30330124,30330143,19
channel-75,845239,30330124,30330131,7
channel-326,538304,30330134,30330139,5
channel-782,310255,30330137,30330143,6
channel-340,3194,30330145,30330157,12
channel-783,104345,30330148,30330154,6
channel-1,408578,30330152,30330161,9
channel-75016,4665,30330162,30330181,19
channel-0,4039625,30330169,30330193,24
channel-750,683966,30330169,30330182,13
channel-75,845240,30330179,30330186,7
channel-122,668234,30330182,30330192,10
channel-79703,4456,30330183,30330190,7
channel-326,538305,30330184,30330190,6
channel-208,1490734,30330184,30330197,13
channel-6994,1325407,30330196,30330207,11
channel-750,683967,30330204,30330208,4
channel-750,683968,30330204,30330216,12
channel-2186,40799,30330223,30330234,11
channel-85077,60755,30330224,30330238,14
channel-6994,1325408,30330224,30330240,16
channel-122,668235,30330228,30330232,4
channel-326,538306,30330231,30330238,7
channel-0,4039626,30330232,30330258,26
channel-6994,1325409,30330233,30330245,12
channel-6994,1325410,30330238,30330250,12
channel-2188,43835,30330239,30330244,5
channel-6994,1325411,30330241,30330250,9
channel-783,104346,30330242,30330247,5
channel-0,4039627,30330246,30330269,23
channel-326,538307,30330247,30330264,17
channel-259,314423,30330248,30330250,2
channel-0,4039628,30330250,30330263,13
channel-0,4039629,30330250,30330263,13
channel-6994,1325412,30330254,30330266,12
channel-750,683969,30330259,30330264,5
channel-122,668236,30330267,30330271,4
channel-326,538308,30330270,30330280,10
channel-6994,1325413,30330277,30330289,12
channel-1,408579,30330279,30330312,33
channel-208,1490735,30330289,30330302,13
channel-0,4039630,30330300,30330312,12
channel-0,4039631,30330305,30330317,12
channel-326,538309,30330316,30330321,5
channel-6994,1325414,30330321,30330330,9
channel-0,4039632,30330322,30330331,9
channel-199,132811,30330323,30330337,14
channel-122,668237,30330332,30330340,8
channel-6787,166772,30330336,30330339,3
channel-75,845241,30330339,30330346,7
channel-0,4039633,30330340,30330350,10
channel-0,4039634,30330342,30330369,27
channel-6787,166773,30330342,30330346,4
channel-6994,1325415,30330342,30330352,10
channel-2494,31973,30330359,30330370,11
channel-326,538310,30330362,30330368,6
channel-0,4039635,30330364,30330371,7
channel-184,137448,30330365,30330373,8
channel-326,538311,30330370,30330382,12
channel-326,538312,30330370,30330382,12
channel-326,538313,30330370,30330382,12
channel-326,538314,30330370,30330382,12
channel-326,538315,30330370,30330382,12
channel-326,538316,30330370,30330382,12
channel-326,538317,30330370,30330382,12
channel-199,132812,30330384,30330401,17
channel-6994,1325416,30330386,30330397,11
channel-6994,1325417,30330394,30330409,15
channel-326,538318,30330412,30330419,7
channel-204,670849,30330417,30330423,6
channel-412,64632,30330428,30330435,7
channel-6994,1325418,30330440,30330454,14
channel-122,668238,30330447,30330452,5
channel-122,668239,30330451,30330454,3
channel-85077,60756,30330451,30330460,9
channel-326,538319,30330454,30330462,8
channel-75,845242,30330454,30330461,7
channel-85077,60757,30330456,30330465,9
channel-0,4039636,30330465,30330474,9
channel-75,845243,30330466,30330473,7
channel-208,1490736,30330466,30330477,11
channel-6994,1325419,30330476,30330487,11
channel-85077,60758,30330484,30330494,10
channel-6787,166774,30330490,30330495,5
channel-6994,1325420,30330496,30330507,11
channel-326,538320,30330500,30330507,7
channel-208,1490737,30330502,30330511,9
channel-6994,1325421,30330507,30330541,34
channel-6994,1325422,30330509,30330519,10
channel-750,683970,30330517,30330521,4
channel-85077,60759,30330525,30330539,14
channel-750,683971,30330529,30330535,6
channel-208,1490738,30330535,30330547,12
channel-6994,1325423,30330539,30330550,11
channel-208,1490739,30330542,30330552,10
channel-326,538321,30330546,30330552,6
channel-0,4039637,30330547,30330556,9
channel-6994,1325424,30330589,30330625,36
channel-0,4039638,30330590,30330597,7
channel-326,538322,30330596,30330600,4
channel-782,310256,30330599,30330606,7
channel-6994,1325425,30330599,30330609,10
channel-85077,60760,30330600,30330610,10
channel-6994,1325426,30330603,30330613,10
channel-0,4039639,30330608,30330618,10
channel-326,538323,30330609,30330621,12
channel-326,538324,30330619,30330628,9
channel-750,683972,30330619,30330631,12
channel-199,132813,30330621,30330631,10
channel-750,683973,30330629,30330633,4
channel-75,845244,30330635,30330639,4
channel-0,4039640,30330638,30330651,13
channel-326,538325,30330639,30330644,5
channel-6994,1325427,30330642,30330652,10
channel-85077,60761,30330651,30330661,10
channel-75,845245,30330660,30330668,8
channel-85077,60762,30330660,30330669,9
channel-750,683974,30330661,30330672,11
channel-85077,60763,30330662,30330680,18
channel-6994,1325428,30330663,30330675,12
channel-0,4039641,30330669,30330682,13
channel-1,408580,30330672,30330681,9
channel-75,845246,30330672,30330680,8
channel-19774,346117,30330675,30330684,9
channel-143,128431,30330677,30330692,15
channel-326,538326,30330685,30330696,11
channel-750,683975,30330688,30330702,14
channel-6994,1325429,30330695,30330706,11
channel-85077,60764,30330699,30330710,11
channel-0,4039642,30330703,30330710,7
channel-75,845247,30330706,30330712,6
channel-79180,3377,30330708,30330716,8
channel-199,132814,30330715,30330723,8
channel-75,845248,30330726,30330732,6
channel-750,683976,30330729,30330733,4
channel-75,845249,30330732,30330743,11
channel-326,538327,30330736,30330743,7
channel-1,408581,30330743,30330753,10
channel-85077,60765,30330744,30330752,8
channel-0,4039643,30330753,30330766,13
channel-113,301357,30330755,30330786,31
channel-199,132815,30330758,30330767,9
channel-326,538328,30330774,30330783,9
channel-2,130674,30330775,30330786,11
channel-85077,60766,30330778,30330788,10
channel-188,190598,30330786,30330800,14
channel-85077,60767,30330789,30330799,10
channel-6994,1325430,30330804,30330817,13
channel-874,293357,30330807,30330815,8
channel-75,845250,30330807,30330815,8
channel-6994,1325431,30330814,30330828,14
channel-199,132816,30330817,30330825,8
channel-6994,1325432,30330820,30330832,12
channel-326,538329,30330824,30330829,5
channel-0,4039644,30330831,30330842,11
channel-75,845251,30330833,30330841,8
channel-208,1490740,30330839,30330849,10
channel-750,683977,30330840,30330843,3
channel-782,310257,30330840,30330845,5
channel-85077,60768,30330846,30330855,9
channel-6994,1325433,30330848,30330885,37
channel-88,467178,30330850,30330869,19
channel-85077,60769,30330861,30330870,9
channel-199,132817,30330864,30330873,9
channel-326,538330,30330868,30330873,5
channel-75,845252,30330878,30330886,8
channel-750,683978,30330881,30330900,19
channel-85077,60770,30330885,30330894,9
channel-251,85262,30330894,30330904,10
channel-122,668240,30330900,30330904,4
channel-0,4039645,30330900,30330922,22
channel-0,4039646,30330902,30330927,25
channel-0,4039647,30330904,30330922,18
channel-5,184339,30330905,30330915,10
channel-208,1490741,30330913,30330924,11
channel-6994,1325434,30330914,30330958,44
channel-251,85263,30330916,30330927,11
channel-326,538331,30330916,30330923,7
channel-412,64633,30330919,30330930,11
channel-89298,18711,30330920,30330932,12
channel-6994,1325435,30330934,30330945,11
channel-165,71457,30330936,30330946,10
channel-6994,1325436,30330937,30330945,8
channel-874,293358,30330944,30330948,4
channel-750,683979,30330946,30330950,4
channel-75,845253,30330948,30330956,8
channel-783,104347,30330949,30330956,7
channel-208,1490742,30330950,30330962,12
channel-21113,25357,30330954,30330962,8
channel-208,1490743,30330959,30330972,13
channel-874,293359,30330959,30330966,7
channel-6994,1325437,30330959,30330974,15
channel-326,538332,30330960,30330972,12
channel-326,538333,30330961,30330972,11
channel-208,1490744,30330962,30330972,10
channel-85077,60771,30330967,30330976,9
channel-0,4039648,30330967,30330977,10
channel-165,71458,30330969,30330997,28
channel-85077,60772,30330973,30330984,11
channel-199,132818,30330985,30330999,14
channel-6994,1325438,30330990,30331036,46
channel-782,310258,30330991,30330998,7
channel-782,310259,30330991,30330998,7
channel-1429,140774,30330993,30331003,10
channel-782,310260,30331001,30331007,6
channel-1429,140775,30331002,30331012,10
channel-326,538334,30331005,30331010,5
channel-208,1490745,30331009,30331021,12
channel-0,4039649,30331015,30331026,11
channel-6994,1325439,30331017,30331027,10
channel-85077,60773,30331019,30331032,13
channel-750,683980,30331022,30331034,12
channel-750,683981,30331022,30331038,16
channel-750,683982,30331024,30331037,13
channel-122,668241,30331024,30331028,4
channel-88,467179,30331027,30331047,20
channel-85077,60774,30331029,30331037,8
channel-0,4039650,30331037,30331045,8
channel-0,4039651,30331039,30331047,8
channel-750,683983,30331040,30331049,9
channel-75,845254,30331043,30331050,7
channel-98451,50,30331053,30331064,11
channel-326,538335,30331053,30331057,4
channel-750,683984,30331054,30331060,6
channel-85077,60775,30331055,30331063,8
channel-85077,60776,30331056,30331065,9
channel-326,538336,30331060,30331068,8
channel-750,683985,30331060,30331071,11
channel-95,331600,30331063,30331083,20
channel-165,71459,30331066,30331075,9
channel-6994,1325440,30331068,30331076,8
channel-85077,60777,30331077,30331087,10
channel-0,4039652,30331078,30331089,11
channel-85077,60778,30331090,30331098,8
channel-85077,60779,30331096,30331107,11
channel-874,293360,30331096,30331103,7
channel-85077,60780,30331097,30331110,13
channel-326,538337,30331098,30331104,6
channel-0,4039653,30331099,30331109,10
channel-783,104348,30331101,30331256,155
channel-320,119261,30331108,30331119,11
channel-874,293361,30331121,30331126,5
channel-750,683986,30331132,30331141,9
channel-326,538338,30331141,30331146,5
channel-874,293362,30331141,30331146,5
channel-2,130675,30331144,30331154,10
channel-0,4039654,30331146,30331157,11
channel-6994,1325441,30331163,30331173,10
channel-75,845255,30331171,30331180,9
channel-783,104349,30331175,30331181,6
channel-874,293363,30331178,30331183,5
channel-85077,60781,30331182,30331191,9
channel-326,538339,30331189,30331198,9
channel-75,845256,30331192,30331199,7
channel-326,538340,30331200,30331207,7
channel-750,683987,30331207,30331212,5
channel-874,293364,30331215,30331221,6
channel-208,1490746,30331222,30331233,11
channel-750,683988,30331223,30331227,4
channel-6994,1325442,30331225,30331239,14
channel-750,683989,30331226,30331236,10
channel-208,1490747,30331226,30331237,11
channel-6994,1325443,30331226,30331239,13
channel-0,4039655,30331229,30331241,12
channel-85077,60782,30331232,30331240,8
channel-6994,1325444,30331238,30331247,9
channel-874,293365,30331239,30331245,6
channel-326,538341,30331240,30331245,5
channel-251,85264,30331241,30331251,10
channel-87,182911,30331242,30331262,20
channel-251,85265,30331245,30331256,11
channel-492,20127,30331247,30331257,10
channel-85077,60783,30331248,30331258,10
channel-89321,19507,30331249,30331265,16
channel-642,126533,30331250,30331278,28
channel-874,293366,30331251,30331260,9
channel-251,85266,30331252,30331261,9
channel-1,408582,30331256,30331270,14
channel-874,293367,30331256,30331262,6
channel-85077,60784,30331258,30331264,6
channel-75,845257,30331258,30331262,4
channel-259,314424,30331258,30331262,4
channel-326,538342,30331259,30331262,3
channel-2186,40800,30331261,30331276,15
channel-0,4039656,30331266,30331286,20
channel-750,683990,30331268,30331280,12
channel-85077,60785,30331268,30331276,8
channel-6994,1325445,30331280,30331290,10
channel-326,538343,30331280,30331290,10
channel-208,1490748,30331282,30331293,11
channel-0,4039657,30331283,30331294,11
channel-6994,1325446,30331286,30331294,8
channel-6994,1325447,30331286,30331294,8
channel-208,1490749,30331287,30331295,8
channel-874,293368,30331290,30331294,4
channel-874,293369,30331290,30331294,4
channel-208,1490750,30331292,30331301,9
channel-874,293370,30331294,30331304,10
channel-75,845258,30331295,30331302,7
channel-6994,1325448,30331297,30331309,12
channel-85077,60786,30331297,30331306,9
channel-85077,60787,30331298,30331309,11
channel-208,1490751,30331298,30331309,11
channel-4,167043,30331306,30331315,9
channel-6994,1325449,30331310,30331351,41
channel-208,1490752,30331316,30331329,13
channel-216,94282,30331318,30331369,51
channel-85077,60788,30331322,30331331,9
channel-326,538344,30331324,30331334,10
channel-6994,1325450,30331326,30331337,11
channel-0,4039658,30331330,30331354,24
channel-6994,1325451,30331330,30331346,16
channel-216,94283,30331330,30331369,39
channel-874,293371,30331332,30331337,5
channel-750,683991,30331333,30331343,10
channel-85077,60789,30331334,30331343,9
channel-6994,1325452,30331335,30331346,11
channel-85077,60790,30331340,30331351,11
channel-6994,1325453,30331341,30331351,10
channel-782,310261,30331346,30331355,9
channel-6994,1325454,30331346,30331355,9
channel-750,683992,30331346,30331351,5
channel-874,293372,30331350,30331362,12
channel-75755,5548,30331352,30331369,17
channel-874,293373,30331355,30331363,8
channel-874,293374,30331366,30331370,4
channel-216,94284,30331369,30331406,37
channel-6994,1325455,30331371,30331381,10
channel-326,538345,30331372,30331378,6
channel-1,408583,30331374,30331381,7
channel-874,293375,30331374,30331380,6
channel-750,683993,30331375,30331379,4
channel-2188,43836,30331381,30331384,3
channel-1,408584,30331383,30331394,11
channel-326,538346,30331383,30331388,5
channel-340,3195,30331385,30331390,5
channel-874,293376,30331387,30331393,6
channel-6994,1325456,30331388,30331426,38
channel-75,845259,30331389,30331398,9
channel-6994,1325457,30331391,30331402,11
channel-0,4039659,30331393,30331408,15
channel-874,293377,30331393,30331400,7
channel-199,132819,30331396,30331407,11
channel-326,538347,30331397,30331403,6
channel-874,293378,30331398,30331409,11
channel-874,293379,30331400,30331409,9
channel-85077,60791,30331416,30331426,10
channel-874,293380,30331416,30331424,8
channel-750,683994,30331416,30331425,9
channel-326,538348,30331418,30331423,5
channel-85077,60792,30331419,30331429,10
channel-6994,1325458,30331428,30331438,10
channel-874,293381,30331434,30331440,6
channel-874,293382,30331435,30331441,6
channel-77,50268,30331439,30331447,8
channel-0,4039660,30331447,30331459,12
channel-874,293383,30331447,30331454,7
channel-6994,1325459,30331453,30331488,35
channel-122,668242,30331454,30331459,5
channel-85077,60793,30331456,30331464,8
channel-0,4039661,30331456,30331465,9
channel-874,293384,30331456,30331466,10
channel-750,683995,30331460,30331474,14
channel-326,538349,30331464,30331469,5
channel-1424,7356,30331470,30331478,8
channel-750,683996,30331470,30331475,5
channel-1,408585,30331471,30331482,11
channel-874,293385,30331471,30331476,5
channel-0,4039662,30331472,30331494,22
channel-750,683997,30331472,30331496,24
channel-0,4039663,30331475,30331499,24
channel-874,293386,30331476,30331483,7
channel-1,408586,30331479,30331492,13
channel-259,314425,30331484,30331490,6
channel-0,4039664,30331486,30331494,8
channel-750,683998,30331493,30331498,5
channel-874,293387,30331496,30331503,7
channel-75016,4666,30331498,30331515,17
channel-208,1490753,30331498,30331506,8
channel-783,104350,30331498,30331504,6
channel-874,293388,30331499,30331505,6
channel-91017,2905,30331504,30331515,11
channel-122,668243,30331507,30331510,3
channel-326,538350,30331509,30331524,15
channel-1424,7357,30331509,30331517,8
channel-874,293389,30331510,30331515,5
channel-874,293390,30331511,30331516,5
channel-122,668244,30331515,30331520,5
channel-229,55041,30331521,30331530,9
channel-874,293391,30331521,30331530,9
channel-85077,60794,30331523,30331532,9
channel-208,1490754,30331525,30331532,7
channel-6994,1325460,30331531,30331564,33
channel-750,683999,30331539,30331546,7
channel-782,310262,30331545,30331553,8
channel-85077,60795,30331547,30331556,9
channel-874,293392,30331547,30331555,8
channel-874,293393,30331547,30331555,8
channel-208,1490755,30331556,30331568,12
channel-642,126534,30331557,30331585,28
channel-85077,60796,30331559,30331569,10
channel-874,293394,30331563,30331581,18
channel-122,668245,30331564,30331568,4
channel-0,4039665,30331574,30331583,9
channel-4,167044,30331577,30331588,11
channel-750,684000,30331578,30331581,3
channel-642,126535,30331580,30331613,33
channel-85077,60797,30331581,30331591,10
channel-6787,166775,30331583,30331588,5
channel-208,1490756,30331584,30331595,11
channel-0,4039666,30331592,30331604,12
channel-874,293395,30331592,30331597,5
channel-750,684001,30331594,30331605,11
channel-0,4039667,30331595,30331604,9
channel-4,167045,30331596,30331607,11
channel-6994,1325461,30331599,30331612,13
channel-750,684002,30331599,30331609,10
channel-6994,1325462,30331600,30331612,12
channel-750,684003,30331604,30331608,4
channel-6787,166776,30331607,30331611,4
channel-85077,60798,30331613,30331621,8
channel-6787,166777,30331620,30331626,6
channel-85077,60799,30331623,30331633,10
channel-874,293396,30331626,30331632,6
channel-874,293397,30331630,30331636,6
channel-208,1490757,30331632,30331645,13
channel-85077,60800,30331634,30331647,13
channel-750,684004,30331635,30331647,12
channel-75,845260,30331639,30331645,6
channel-85077,60801,30331645,30331657,12
channel-85077,60802,30331648,30331661,13
channel-0,4039668,30331652,30331668,16
channel-122,668246,30331661,30331683,22
channel-874,293398,30331666,30331676,10
channel-85077,60803,30331667,30331677,10
channel-89321,19508,30331673,30331679,6
channel-6787,166778,30331675,30331679,4
channel-750,684005,30331678,30331682,4
channel-0,4039669,30331687,30331697,10
channel-874,293399,30331688,30331692,4
channel-874,293400,30331699,30331705,6
channel-782,310263,30331707,30331715,8
channel-85077,60804,30331711,30331719,8
channel-782,310264,30331719,30331724,5
channel-6994,1325463,30331720,30331728,8
channel-85077,60805,30331724,30331731,7
channel-874,293401,30331724,30331728,4
channel-874,293402,30331728,30331734,6
channel-85077,60806,30331728,30331741,13
channel-85077,60807,30331728,30331741,13
channel-85077,60808,30331733,30331760,27
channel-208,1490758,30331734,30331747,13
channel-85077,60809,30331737,30331749,12
channel-85077,60810,30331747,30331757,10
channel-874,293403,30331750,30331758,8
channel-750,684006,30331754,30331759,5
channel-874,293404,30331759,30331765,6
channel-85077,60811,30331759,30331773,14
channel-783,104351,30331764,30331771,7
channel-82,18962,30331765,30331806,41
channel-6787,166779,30331770,30331774,4
channel-208,1490759,30331772,30331785,13
channel-85077,60812,30331781,30331801,20
channel-208,1490760,30331782,30331794,12
channel-750,684007,30331783,30331788,5
channel-642,126536,30331787,30331801,14
channel-0,4039670,30331789,30331813,24
channel-85077,60813,30331791,30331810,19
channel-0,4039671,30331794,30331804,10
channel-85077,60814,30331810,30331817,7
channel-208,1490761,30331812,30331820,8
channel-251,85267,30331828,30331840,12
channel-208,1490762,30331830,30331843,13
channel-85077,60815,30331831,30331839,8
channel-85077,60816,30331833,30331853,20
channel-208,1490763,30331838,30331847,9
channel-75,845261,30331841,30331848,7
channel-208,1490764,30331845,30331857,12
channel-85077,60817,30331845,30331855,10
channel-750,684008,30331849,30331854,5
channel-85077,60818,30331849,30331863,14
channel-874,293405,30331850,30331856,6
channel-208,1490765,30331850,30331862,12
channel-874,293406,30331851,30331858,7
channel-85077,60819,30331852,30331869,17
channel-0,4039672,30331855,30331865,10
channel-6994,1325464,30331859,30331893,34
channel-85077,60820,30331864,30331881,17
channel-782,310265,30331867,30331874,7
channel-85077,60821,30331868,30331881,13
channel-75,845262,30331888,30331896,8
channel-6994,1325465,30331896,30331923,27
channel-6994,1325466,30331899,30331910,11
channel-122,668247,30331899,30331903,4
channel-0,4039673,30331900,30331911,11
channel-79180,3378,30331900,30331915,15
channel-783,104352,30331905,30331914,9
channel-0,4039674,30331913,30331925,12
channel-85077,60822,30331914,30331927,13
channel-0,4039675,30331922,30331931,9
channel-782,310266,30331922,30331930,8
channel-0,4039676,30331924,30331934,10
channel-6994,1325467,30331934,30331945,11
channel-6994,1325468,30331935,30331945,10
channel-0,4039677,30331937,30331948,11
channel-6994,1325469,30331942,30331976,34
channel-750,684009,30331943,30331948,5
channel-85077,60823,30331946,30331957,11
channel-783,104353,30331957,30331966,9
channel-750,684010,30331959,30331975,16
channel-750,684011,30331962,30331975,13
channel-0,4039678,30331964,30331973,9
channel-75,845263,30331965,30331972,7
channel-750,684012,30331965,30331975,10
channel-6994,1325470,30331966,30331976,10
channel-208,1490766,30331973,30331986,13
channel-85791,3777,30331978,30331984,6
channel-108,39864,30331986,30332033,47
channel-208,1490767,30331986,30331997,11
channel-208,1490768,30331988,30331997,9
channel-750,684013,30331988,30331994,6
channel-0,4039679,30331990,30332000,10
channel-750,684014,30331990,30331998,8
channel-85077,60824,30331999,30332008,9
channel-208,1490769,30332009,30332019,10
channel-0,4039680,30332016,30332025,9
channel-6994,1325471,30332019,30332031,12
channel-0,4039681,30332019,30332031,12
channel-89321,19509,30332027,30332043,16
channel-0,4039682,30332027,30332040,13
channel-0,4039683,30332030,30332040,10
channel-19774,346118,30332034,30332044,10
channel-326,538351,30332035,30332041,6
channel-0,4039684,30332038,30332048,10
channel-782,310267,30332038,30332043,5
channel-0,4039685,30332039,30332048,9
channel-165,71460,30332046,30332055,9
channel-0,4039686,30332048,30332058,10
channel-0,4039687,30332049,30332058,9
channel-4,167046,30332051,30332061,10
channel-208,1490770,30332057,30332069,12
channel-0,4039688,30332064,30332076,12
channel-0,4039689,30332066,30332076,10
channel-75755,5549,30332076,30332087,11
channel-75,845264,30332080,30332086,6
channel-6994,1325472,30332080,30332091,11
channel-85077,60825,30332081,30332091,10
channel-208,1490771,30332090,30332101,11
channel-208,1490772,30332091,30332101,10
channel-0,4039690,30332096,30332109,13
channel-85077,60826,30332097,30332108,11
channel-38946,124282,30332100,30332114,14
channel-75755,5550,30332104,30332115,11
channel-4,167047,30332108,30332120,12
channel-20082,9893,30332109,30332118,9
channel-0,4039691,30332112,30332124,12
channel-0,4039692,30332116,30332129,13
channel-0,4039693,30332116,30332129,13
channel-8,43467,30332123,30332143,20
channel-208,1490773,30332130,30332142,12
channel-208,1490774,30332132,30332142,10
channel-75,845265,30332136,30332143,7
channel-75755,5551,30332137,30332150,13
channel-0,4039694,30332138,30332150,12
channel-0,4039695,30332144,30332152,8
channel-0,4039696,30332144,30332170,26
channel-0,4039697,30332165,30332175,10
channel-0,4039698,30332166,30332180,14
channel-6994,1325473,30332180,30332191,11
channel-75755,5552,30332182,30332193,11
channel-89298,18712,30332183,30332194,11
channel-6994,1325474,30332196,30332206,10
channel-208,1490775,30332203,30332215,12
channel-0,4039699,30332203,30332216,13
channel-0,4039700,30332205,30332216,11
channel-750,684015,30332207,30332217,10
channel-750,684016,30332207,30332211,4
channel-783,104354,30332209,30332215,6
channel-85077,60827,30332211,30332223,12
channel-0,4039701,30332214,30332244,30
channel-75755,5553,30332223,30332238,15
channel-6994,1325475,30332232,30332244,12
channel-85077,60828,30332244,30332254,10
channel-208,1490776,30332244,30332253,9
channel-0,4039702,30332244,30332255,11
channel-750,684017,30332246,30332250,4
channel-85077,60829,30332252,30332264,12
channel-0,4039703,30332252,30332263,11
channel-79703,4457,30332261,30332272,11
channel-6994,1325476,30332264,30332272,8
channel-75,845266,30332265,30332271,6
channel-208,1490777,30332266,30332278,12
channel-85077,60830,30332269,30332277,8
channel-326,538352,30332287,30332293,6
channel-6994,1325477,30332290,30332299,9
channel-750,684018,30332290,30332300,10
channel-4,167048,30332298,30332308,10
channel-0,4039704,30332300,30332310,10
channel-85077,60831,30332303,30332315,12
channel-85077,60832,30332307,30332342,35
channel-1279,67137,30332309,30332338,29
channel-0,4039705,30332316,30332329,13
channel-122,668248,30332319,30332324,5
channel-208,1490778,30332326,30332336,10
channel-0,4039706,30332331,30332342,11
channel-2494,31974,30332333,30332342,9
channel-0,4039707,30332335,30332361,26
channel-251,85268,30332336,30332346,10
channel-0,4039708,30332343,30332352,9
channel-0,4039709,30332349,30332356,7
channel-208,1490779,30332352,30332362,10
channel-0,4039710,30332360,30332372,12
channel-85077,60833,30332360,30332368,8
channel-1,408587,30332362,30332380,18
channel-89321,19510,30332367,30332396,29
channel-199,132820,30332371,30332380,9
channel-0,4039711,30332374,30332384,10
channel-6994,1325478,30332375,30332386,11
channel-208,1490780,30332376,30332385,9
channel-85077,60834,30332377,30332388,11
channel-0,4039712,30332382,30332394,12
channel-85077,60835,30332386,30332400,14
channel-750,684019,30332387,30332396,9
channel-1,408588,30332399,30332415,16
channel-0,4039713,30332406,30332416,10
channel-326,538353,30332406,30332412,6
channel-208,1490781,30332407,30332416,9
channel-412,64634,30332410,30332417,7
channel-75,845267,30332411,30332427,16
channel-412,64635,30332411,30332417,6
channel-6994,1325479,30332417,30332427,10
channel-208,1490782,30332436,30332448,12
channel-75,845268,30332440,30332448,8
channel-199,132821,30332440,30332454,14
channel-750,684020,30332441,30332455,14
channel-122,668249,30332449,30332453,4
channel-0,4039714,30332454,30332463,9
channel-85077,60836,30332455,30332463,8
channel-208,1490783,30332457,30332468,11
channel-85077,60837,30332464,30332481,17
channel-412,64636,30332467,30332478,11
channel-750,684021,30332468,30332483,15
channel-122,668250,30332480,30332485,5
channel-85077,60838,30332481,30332491,10
channel-0,4039715,30332492,30332510,18
channel-85077,60839,30332497,30332505,8
channel-6994,1325480,30332510,30332521,11
channel-75,845269,30332515,30332524,9
channel-208,1490784,30332515,30332525,10
channel-208,1490785,30332524,30332535,11
channel-6994,1325481,30332524,30332535,11
channel-122,668251,30332528,30332533,5
channel-0,4039716,30332537,30332547,10
channel-0,4039717,30332539,30332547,8
channel-89321,19511,30332543,30332550,7
channel-320,119262,30332546,30332570,24
channel-88,467180,30332565,30332578,13
channel-2188,43837,30332567,30332571,4
channel-412,64637,30332576,30332587,11
channel-73755,5847,30332592,30332598,6
channel-6994,1325482,30332597,30332609,12
channel-6994,1325483,30332601,30332614,13
channel-2,130676,30332605,30332614,9
channel-0,4039718,30332609,30332618,9
channel-4,167049,30332611,30332625,14
channel-642,126537,30332614,30332628,14
channel-122,668252,30332619,30332623,4
channel-208,1490786,30332620,30332629,9
channel-85077,60840,30332630,30332641,11
channel-208,1490787,30332633,30332643,10
channel-42,1490073,30332644,30332657,13
channel-85077,60841,30332645,30332653,8
channel-326,538354,30332647,30332652,5
channel-85077,60842,30332650,30332663,13
channel-85077,60843,30332652,30332663,11
channel-2,130677,30332655,30332667,12
channel-208,1490788,30332656,30332667,11
channel-85077,60844,30332666,30332675,9
channel-208,1490789,30332678,30332690,12
channel-782,310268,30332683,30332691,8
channel-85077,60845,30332689,30332697,8
channel-2,130678,30332689,30332697,8
channel-2,130679,30332699,30332714,15
channel-0,4039719,30332699,30332705,6
channel-85077,60846,30332701,30332744,43
channel-782,310269,30332711,30332718,7
channel-85077,60847,30332711,30332729,18
channel-750,684022,30332712,30332719,7
channel-782,310270,30332715,30332719,4
channel-412,64638,30332719,30332728,9
channel-6994,1325484,30332719,30332730,11
channel-6994,1325485,30332722,30332730,8
channel-750,684023,30332723,30332727,4
channel-85077,60848,30332726,30332736,10
channel-6994,1325486,30332727,30332740,13
channel-6994,1325487,30332727,30332740,13
channel-85077,60849,30332728,30332741,13
channel-88,467181,30332733,30332755,22
channel-91017,2906,30332735,30332755,20
channel-6994,1325488,30332735,30332743,8
channel-6787,166780,30332736,30332740,4
channel-320,119263,30332737,30332762,25
channel-143,128434,30332740,30332769,29
channel-19774,346119,30332744,30332755,11
channel-412,64639,30332747,30332759,12
channel-750,684024,30332750,30332761,11
channel-0,4039720,30332752,30332765,13
channel-2494,31975,30332755,30332766,11
channel-0,4039721,30332764,30332773,9
channel-6994,1325489,30332764,30332772,8
channel-122,668253,30332768,30332773,5
channel-122,668254,30332768,30332773,5
channel-750,684025,30332773,30332787,14
channel-750,684026,30332774,30332790,16
channel-412,64640,30332776,30332788,12
channel-208,1490790,30332777,30332789,12
channel-2188,43838,30332781,30332786,5
channel-0,4039722,30332786,30332797,11
channel-208,1490791,30332790,30332802,12
channel-85077,60850,30332795,30332810,15
channel-750,684027,30332796,30332809,13
channel-73755,5848,30332799,30332808,9
channel-85077,60851,30332801,30332820,19
channel-85077,60852,30332801,30332820,19
channel-750,684028,30332802,30332812,10
channel-208,1490792,30332805,30332815,10
channel-750,684029,30332815,30332830,15
channel-750,684030,30332827,30332831,4
channel-85077,60853,30332828,30332837,9
channel-6994,1325490,30332829,30332837,8
channel-0,4039723,30332831,30332844,13
channel-85077,60854,30332844,30332853,9
channel-88,467182,30332846,30332871,25
channel-88,467183,30332847,30332871,24
channel-750,684031,30332848,30332862,14
channel-2494,31976,30332849,30332859,10
channel-6994,1325491,30332855,30332863,8
channel-6994,1325492,30332858,30332867,9
channel-88,467184,30332863,30332883,20
channel-750,684032,30332867,30332878,11
channel-326,538355,30332871,30332888,17
channel-165,71461,30332872,30332881,9
channel-73755,5849,30332874,30332882,8
channel-750,684033,30332876,30332887,11
channel-0,4039724,30332879,30332891,12
channel-6994,1325493,30332881,30332892,11
channel-85077,60855,30332885,30332896,11
channel-122,668255,30332886,30332891,5
channel-750,684034,30332888,30332906,18
channel-750,684035,30332889,30332903,14
channel-143,128435,30332892,30332906,14
channel-0,4039725,30332895,30332906,11
channel-6994,1325494,30332896,30332910,14
channel-6994,1325495,30332896,30332910,14
channel-750,684036,30332902,30332912,10
channel-6994,1325496,30332905,30332915,10
channel-750,684037,30332907,30332920,13
channel-89298,18713,30332917,30332925,8
channel-122,668256,30332926,30332930,4
channel-750,684038,30332935,30332940,5
channel-85077,60856,30332937,30332945,8
channel-122,668257,30332939,30332943,4
channel-4,167050,30332940,30332948,8
channel-0,4039726,30332943,30332971,28
channel-750,684039,30332945,30332950,5
channel-782,310271,30332945,30332952,7
channel-6994,1325497,30332947,30332956,9
channel-412,64641,30332964,30332973,9
channel-88,467185,30332970,30332982,12
channel-4,167051,30332971,30332981,10
channel-0,4039727,30332982,30332992,10
channel-259,314426,30332986,30332993,7
channel-750,684040,30332988,30333007,19
channel-0,4039728,30332988,30333002,14
channel-259,314427,30332988,30332995,7
channel-85077,60857,30332989,30332997,8
channel-750,684041,30332993,30333007,14
channel-6994,1325498,30332995,30333007,12
channel-6994,1325499,30333006,30333016,10
channel-0,4039729,30333010,30333021,11
channel-72,516463,30333012,30333043,31
channel-85077,60858,30333014,30333024,10
channel-874,293407,30333020,30333026,6
channel-143,128436,30333027,30333060,33
channel-0,4039730,30333030,30333040,10
channel-0,4039731,30333032,30333058,26
channel-199,132822,30333032,30333045,13
channel-750,684042,30333034,30333051,17
channel-0,4039732,30333041,30333050,9
channel-85077,60859,30333050,30333060,10
channel-143,128437,30333054,30333065,11
channel-750,684043,30333054,30333067,13
channel-0,4039733,30333060,30333074,14
channel-1,408589,30333064,30333076,12
channel-0,4039734,30333071,30333081,10
channel-0,4039735,30333076,30333088,12
channel-1424,7358,30333077,30333089,12
channel-750,684044,30333078,30333092,14
channel-89298,18714,30333078,30333087,9
channel-113,301358,30333079,30333122,43
channel-122,668258,30333079,30333083,4
channel-89321,19512,30333080,30333122,42
channel-1,408590,30333083,30333093,10
channel-0,4039736,30333100,30333112,12
channel-750,684045,30333100,30333110,10
channel-259,314428,30333100,30333107,7
channel-341,3394,30333101,30333110,9
channel-208,1490793,30333110,30333120,10
channel-0,4039737,30333112,30333122,10
channel-85077,60860,30333118,30333128,10
channel-85077,60861,30333127,30333133,6
channel-642,126538,30333129,30333144,15
channel-6994,1325500,30333129,30333137,8
channel-0,4039738,30333130,30333137,7
channel-6994,1325501,30333130,30333137,7
channel-0,4039739,30333134,30333145,11
channel-750,684046,30333137,30333143,6
channel-750,684047,30333139,30333153,14
channel-6787,166781,30333147,30333153,6
channel-750,684048,30333150,30333155,5
channel-0,4039740,30333164,30333176,12
channel-6994,1325502,30333166,30333177,11
channel-6897,5648,30333182,30333189,7
channel-0,4039741,30333195,30333203,8
channel-216,94285,30333199,30333261,62
channel-0,4039742,30333209,30333218,9
channel-6994,1325503,30333211,30333232,21
channel-0,4039743,30333215,30333247,32
channel-1,408591,30333220,30333230,10
channel-0,4039744,30333227,30333237,10
channel-0,4039745,30333236,30333265,29
channel-750,684049,30333238,30333253,15
channel-750,684050,30333243,30333257,14
channel-0,4039746,30333246,30333256,10
channel-208,1490794,30333247,30333258,11
channel-0,4039747,30333247,30333270,23
channel-750,684051,30333250,30333254,4
channel-208,1490795,30333258,30333268,10
channel-85077,60862,30333259,30333278,19
channel-122,668259,30333268,30333272,4
channel-165,71462,30333273,30333283,10
channel-0,4039748,30333277,30333286,9
channel-874,293408,30333279,30333291,12
channel-6994,1325504,30333279,30333290,11
channel-208,1490796,30333279,30333290,11
channel-750,684052,30333288,30333293,5
channel-6994,1325505,30333290,30333298,8
channel-1,408592,30333290,30333300,10
channel-75,845270,30333294,30333304,10
channel-122,668260,30333294,30333298,4
channel-85077,60863,30333304,30333313,9
channel-94814,3789,30333306,30333315,9
channel-4,167052,30333312,30333321,9
channel-6994,1325506,30333313,30333325,12
channel-208,1490797,30333324,30333335,11
channel-208,1490798,30333329,30333339,10
channel-750,684053,30333331,30333348,17
channel-6994,1325507,30333346,30333357,11
channel-0,4039749,30333347,30333356,9
channel-750,684054,30333354,30333356,2
channel-19774,346120,30333355,30333362,7
channel-38946,124283,30333358,30333374,16
channel-122,668261,30333365,30333370,5
channel-0,4039750,30333369,30333377,8
channel-6994,1325508,30333375,30333389,14
channel-750,684055,30333381,30333397,16
channel-750,684056,30333384,30333395,11
channel-85077,60864,30333390,30333401,11
channel-85077,60865,30333390,30333401,11
channel-85077,60866,30333396,30333406,10
channel-85077,60867,30333397,30333409,12
channel-6994,1325509,30333397,30333406,9
channel-232,49220,30333399,30333410,11
channel-85077,60868,30333400,30333409,9
channel-750,684057,30333401,30333415,14
channel-85077,60869,30333402,30333419,17
channel-259,314429,30333407,30333417,10
channel-0,4039751,30333414,30333425,11
channel-750,684058,30333427,30333451,24
channel-750,684059,30333430,30333448,18
channel-6994,1325510,30333432,30333443,11
channel-38946,124284,30333435,30333451,16
channel-6994,1325511,30333439,30333448,9
channel-0,4039752,30333442,30333450,8
channel-6994,1325512,30333443,30333451,8
channel-750,684060,30333444,30333449,5
channel-6994,1325513,30333447,30333455,8
channel-208,1490799,30333448,30333456,8
channel-750,684061,30333449,30333464,15
channel-208,1490800,30333450,30333461,11
channel-0,4039753,30333456,30333467,11
channel-750,684062,30333459,30333467,8
channel-85077,60870,30333459,30333467,8
channel-750,684063,30333461,30333466,5
channel-0,4039754,30333466,30333474,8
channel-89298,18715,30333466,30333476,10
channel-750,684064,30333469,30333475,6
channel-750,684065,30333479,30333512,33
channel-750,684066,30333482,30333494,12
channel-259,314430,30333487,30333495,8
channel-750,684067,30333488,30333504,16
channel-750,684068,30333490,30333508,18
channel-750,684069,30333490,30333495,5
channel-750,684070,30333491,30333502,11
channel-750,684071,30333492,30333517,25
channel-85077,60871,30333494,30333504,10
channel-750,684072,30333495,30333549,54
channel-750,684073,30333496,30333508,12
channel-6994,1325514,30333504,30333513,9
channel-6994,1325515,30333505,30333517,12
channel-750,684074,30333506,30333549,43
channel-85077,60872,30333508,30333515,7
channel-750,684075,30333513,30333524,11
channel-85077,60873,30333513,30333522,9
channel-258,17756,30333523,30333537,14
channel-750,684076,30333525,30333541,16
channel-750,684077,30333526,30333546,20
channel-750,684078,30333529,30333542,13
channel-6994,1325516,30333529,30333542,13
channel-6994,1325517,30333530,30333547,17
channel-85077,60874,30333532,30333543,11
channel-75,845271,30333534,30333542,8
channel-6994,1325518,30333540,30333550,10
channel-91017,2907,30333541,30333563,22
channel-750,684079,30333541,30333551,10
channel-208,1490801,30333546,30333552,6
channel-750,684080,30333546,30333550,4
channel-412,64642,30333550,30333566,16
channel-0,4039755,30333551,30333559,8
channel-1,408593,30333553,30333564,11
channel-750,684081,30333556,30333585,29
channel-750,684082,30333562,30333573,11
channel-750,684083,30333562,30333570,8
channel-750,684084,30333563,30333576,13
channel-38946,124285,30333564,30333572,8
channel-750,684085,30333565,30333577,12
channel-88,467186,30333569,30333664,95
channel-750,684086,30333578,30333591,13
channel-783,104355,30333585,30333593,8
channel-6994,1325519,30333586,30333597,11
channel-2,130680,30333586,30333595,9
channel-6,66640,30333591,30333610,19
channel-89298,18716,30333591,30333600,9
channel-750,684087,30333593,30333605,12
channel-85077,60875,30333595,30333605,10
channel-750,684088,30333609,30333614,5
channel-750,684089,30333622,30333642,20
channel-750,684090,30333623,30333633,10
channel-6994,1325520,30333625,30333634,9
channel-85077,60876,30333626,30333633,7
channel-750,684091,30333632,30333652,20
channel-6994,1325521,30333633,30333643,10
channel-85077,60877,30333633,30333645,12
channel-85077,60878,30333639,30333650,11
channel-258,17757,30333641,30333651,10
channel-85077,60879,30333648,30333658,10
channel-6994,1325522,30333653,30333662,9
channel-874,293409,30333664,30333670,6
channel-750,684092,30333664,30333679,15
channel-750,684093,30333665,30333670,5
channel-750,684094,30333669,30333674,5
channel-750,684095,30333676,30333698,22
channel-6994,1325523,30333677,30333686,9
channel-208,1490802,30333678,30333686,8
channel-208,1490803,30333686,30333692,6
channel-0,4039756,30333694,30333714,20
channel-340,3196,30333695,30333705,10
channel-750,684096,30333697,30333702,5
channel-750,684097,30333701,30333719,18
channel-750,684098,30333704,30333708,4
channel-1,408594,30333705,30333737,32
channel-750,684099,30333709,30333719,10
channel-85077,60880,30333715,30333728,13
channel-5485,1717,30333717,30333726,9
channel-85077,60881,30333719,30333738,19
channel-476,11801,30333721,30333731,10
channel-750,684100,30333729,30333736,7
channel-750,684101,30333730,30333747,17
channel-750,684102,30333730,30333758,28
channel-208,1490804,30333738,30333751,13
channel-85077,60882,30333745,30333755,10
channel-750,684103,30333747,30333757,10
channel-258,17758,30333751,30333758,7
channel-122,668262,30333754,30333757,3
channel-874,293410,30333764,30333770,6
channel-2188,43839,30333767,30333773,6
channel-6994,1325524,30333772,30333783,11
channel-0,4039757,30333777,30333787,10
channel-0,4039758,30333780,30333791,11
channel-42,1490074,30333787,30333801,14
channel-750,684104,30333789,30333820,31
channel-122,668263,30333798,30333802,4
channel-0,4039759,30333798,30333809,11
channel-6994,1325525,30333806,30333816,10
channel-199,132823,30333809,30333817,8
channel-89298,18717,30333810,30333819,9
channel-85077,60883,30333814,30333819,5
channel-326,538356,30333828,30333882,54
channel-326,538357,30333828,30333882,54
channel-326,538358,30333828,30333882,54
channel-326,538359,30333828,30333882,54
channel-326,538360,30333828,30333882,54
channel-326,538361,30333828,30333882,54
channel-208,1490805,30333837,30333849,12
channel-750,684105,30333847,30333865,18
channel-6994,1325526,30333849,30333860,11
channel-750,684106,30333851,30333865,14
channel-750,684107,30333852,30333857,5
channel-1,408595,30333852,30333863,11
channel-782,310272,30333855,30333867,12
channel-0,4039760,30333856,30333868,12
channel-75,845272,30333860,30333864,4
channel-750,684108,30333862,30333877,15
channel-85791,3778,30333862,30333902,40
channel-75,845273,30333864,30333870,6
channel-0,4039761,30333865,30333875,10
channel-750,684109,30333868,30333878,10
channel-184,137449,30333868,30333879,11
channel-750,684110,30333868,30333874,6
channel-0,4039762,30333870,30333880,10
channel-6994,1325527,30333874,30333885,11
channel-6994,1325528,30333874,30333885,11
channel-6994,1325529,30333877,30333889,12
channel-750,684111,30333877,30333899,22
channel-750,684112,30333878,30333883,5
channel-208,1490806,30333879,30333891,12
channel-750,684113,30333880,30333889,9
channel-750,684114,30333884,30333888,4
channel-750,684115,30333887,30333892,5
channel-750,684116,30333893,30333903,10
channel-216,94286,30333894,30333961,67
channel-750,684117,30333894,30333908,14
channel-1,408596,30333896,30333911,15
channel-750,684118,30333897,30333902,5
channel-750,684119,30333899,30333918,19
channel-750,684120,30333902,30333914,12
channel-750,684121,30333903,30333939,36
channel-750,684122,30333904,30333919,15
channel-19774,346121,30333909,30333919,10
channel-72,516464,30333912,30333963,51
channel-750,684123,30333913,30333929,16
channel-750,684124,30333914,30333919,5
channel-85077,60884,30333914,30333923,9
channel-122,668264,30333916,30333919,3
channel-750,684125,30333917,30333931,14
channel-89321,19513,30333918,30333954,36
channel-1,408597,30333920,30333940,20
channel-216,94287,30333921,30333991,70
channel-19774,346122,30333923,30333934,11
channel-75,845274,30333923,30333931,8
channel-0,4039763,30333924,30333935,11
channel-0,4039764,30333928,30333939,11
channel-750,684126,30333937,30333951,14
channel-85077,60885,30333938,30333946,8
channel-750,684127,30333945,30333962,17
channel-1,408598,30333949,30333962,13
channel-208,1490807,30333950,30333959,9
channel-6994,1325530,30333952,30333974,22
channel-6994,1325531,30333956,30333962,6
channel-208,1490808,30333959,30333966,7
channel-72,516465,30333960,30334008,48
channel-750,684128,30333960,30333968,8
channel-1,408599,30333962,30333973,11
channel-75,845275,30333969,30333974,5
channel-750,684129,30333971,30333994,23
channel-76971,12251,30333982,30334006,24
channel-216,94288,30333983,30334054,71
channel-750,684130,30333988,30333993,5
channel-750,684131,30333998,30334003,5
channel-72,516466,30333999,30334031,32
channel-75,845276,30334002,30334009,7
channel-0,4039765,30334013,30334022,9
channel-208,1490809,30334018,30334030,12
channel-0,4039766,30334018,30334027,9
channel-340,3197,30334035,30334045,10
channel-750,684132,30334036,30334070,34
channel-0,4039767,30334036,30334047,11
channel-208,1490810,30334042,30334053,11
channel-0,4039768,30334053,30334067,14
channel-122,668265,30334055,30334060,5
channel-6994,1325532,30334057,30334069,12
channel-72,516467,30334058,30334104,46
channel-750,684133,30334061,30334075,14
channel-75,845277,30334062,30334069,7
channel-0,4039769,30334067,30334076,9
channel-75,845278,30334085,30334091,6
channel-750,684134,30334092,30334108,16
channel-0,4039770,30334096,30334108,12
channel-72,516468,30334100,30334149,49
channel-85077,60886,30334100,30334112,12
channel-783,104356,30334108,30334115,7
channel-72,516469,30334117,30334170,53
channel-1,408600,30334125,30334146,21
channel-750,684135,30334127,30334149,22
channel-0,4039771,30334129,30334142,13
channel-6994,1325533,30334129,30334138,9
channel-750,684136,30334138,30334150,12
channel-208,1490811,30334142,30334150,8
channel-208,1490812,30334145,30334153,8
channel-165,71463,30334148,30334187,39
channel-6994,1325534,30334151,30334160,9
channel-208,1490813,30334158,30334171,13
channel-19774,346123,30334160,30334170,10
channel-750,684137,30334161,30334175,14
channel-1,408601,30334161,30334187,26
channel-750,684138,30334166,30334181,15
channel-85077,60887,30334168,30334181,13
channel-750,684139,30334168,30334181,13
channel-750,684140,30334169,30334178,9
channel-0,4039772,30334170,30334179,9
channel-6994,1325535,30334174,30334185,11
channel-122,668266,30334175,30334181,6
channel-0,4039773,30334175,30334183,8
channel-750,684141,30334175,30334185,10
channel-750,684142,30334176,30334185,9
channel-750,684143,30334177,30334185,8
channel-750,684144,30334179,30334194,15
channel-88,467187,30334181,30334195,14
channel-79703,4458,30334184,30334197,13
channel-208,1490814,30334185,30334195,10
channel-750,684145,30334186,30334195,9
channel-750,684146,30334194,30334203,9
channel-750,684147,30334194,30334232,38
channel-6994,1325536,30334195,30334205,10
channel-6994,1325537,30334195,30334205,10
channel-208,1490815,30334195,30334206,11
channel-75,845279,30334195,30334202,7
channel-208,1490816,30334195,30334206,11
channel-750,684148,30334197,30334216,19
channel-750,684149,30334198,30334214,16
channel-88,467188,30334198,30334225,27
channel-750,684150,30334205,30334232,27
channel-208,1490817,30334206,30334215,9
channel-750,684151,30334206,30334217,11
channel-208,1490818,30334208,30334220,12
channel-750,684152,30334208,30334225,17
channel-165,71464,30334210,30334218,8
channel-85077,60888,30334210,30334219,9
channel-750,684153,30334212,30334225,13
channel-750,684154,30334213,30334238,25
channel-750,684155,30334217,30334229,12
channel-750,684156,30334218,30334225,7
channel-0,4039774,30334218,30334227,9
channel-88,467189,30334219,30334237,18
channel-750,684157,30334221,30334231,10
channel-6994,1325538,30334223,30334230,7
channel-208,1490819,30334226,30334235,9
channel-216,94289,30334227,30334299,72
channel-750,684158,30334229,30334235,6
channel-6994,1325539,30334230,30334248,18
channel-320,119264,30334231,30334287,56
channel-165,71465,30334233,30334242,9
channel-0,4039775,30334236,30334244,8
channel-750,684159,30334238,30334256,18
channel-122,668267,30334238,30334242,4
channel-38946,124286,30334238,30334247,9
channel-750,684160,30334239,30334244,5
channel-0,4039776,30334240,30334249,9
channel-750,684161,30334240,30334245,5
channel-208,1490820,30334242,30334252,10
channel-750,684162,30334248,30334259,11
channel-750,684163,30334249,30334259,10
channel-750,684164,30334249,30334264,15
channel-750,684165,30334250,30334317,67
channel-750,684166,30334254,30334259,5
channel-750,684167,30334254,30334259,5
channel-750,684168,30334254,30334266,12
channel-6994,1325540,30334254,30334267,13
channel-0,4039777,30334263,30334271,8
channel-750,684169,30334269,30334284,15
channel-750,684170,30334271,30334275,4
channel-1,408602,30334271,30334284,13
channel-165,71466,30334273,30334281,8
channel-6994,1325541,30334273,30334283,10
channel-750,684171,30334276,30334289,13
channel-143,128438,30334276,30334288,12
channel-750,684172,30334277,30334293,16
channel-259,314431,30334277,30334283,6
channel-750,684173,30334278,30334288,10
channel-750,684174,30334278,30334292,14
channel-19774,346124,30334287,30334296,9
channel-122,668268,30334288,30334292,4
channel-89298,18718,30334289,30334300,11
channel-0,4039778,30334290,30334301,11
channel-208,1490821,30334291,30334303,12
channel-6994,1325542,30334296,30334308,12
channel-76971,12252,30334299,30334323,24
channel-0,4039779,30334299,30334311,12
channel-0,4039780,30334301,30334311,10
channel-750,684175,30334307,30334373,66
channel-750,684176,30334309,30334314,5
channel-750,684177,30334314,30334334,20
channel-0,4039781,30334318,30334327,9
channel-326,538362,30334323,30334331,8
channel-6994,1325543,30334327,30334340,13
channel-122,668269,30334329,30334333,4
channel-85077,60889,30334333,30334349,16
channel-165,71467,30334337,30334348,11
channel-75,845280,30334340,30334349,9
channel-0,4039782,30334348,30334357,9
channel-6994,1325544,30334348,30334358,10
channel-0,4039783,30334349,30334362,13
channel-750,684178,30334349,30334367,18
channel-750,684179,30334350,30334356,6
channel-1,408603,30334351,30334388,37
channel-75,845281,30334354,30334363,9
channel-750,684180,30334355,30334366,11
channel-750,684181,30334356,30334373,17
channel-1429,140776,30334361,30334373,12
channel-750,684182,30334361,30334423,62
channel-750,684183,30334361,30334374,13
channel-208,1490822,30334365,30334373,8
channel-1429,140777,30334366,30334375,9
channel-89321,19514,30334369,30334375,6
channel-750,684184,30334373,30334378,5
channel-750,684185,30334373,30334378,5
channel-165,71468,30334373,30334383,10
channel-0,4039784,30334373,30334382,9
channel-88,467190,30334377,30334397,20
channel-0,4039785,30334384,30334397,13
channel-1429,140778,30334385,30334398,13
channel-782,310273,30334385,30334391,6
channel-85077,60890,30334394,30334406,12
channel-0,4039786,30334398,30334407,9
channel-0,4039787,30334400,30334408,8
channel-2694,3323,30334405,30334428,23
channel-0,4039788,30334414,30334425,11
channel-169,117529,30334424,30334431,7
channel-6994,1325545,30334429,30334439,10
channel-783,104357,30334429,30334437,8
channel-85077,60891,30334441,30334449,8
channel-76971,12253,30334444,30334467,23
channel-1,408604,30334451,30334463,12
channel-0,4039789,30334452,30334464,12
channel-0,4039790,30334454,30334464,10
channel-6994,1325546,30334469,30334481,12
channel-0,4039791,30334480,30334491,11
channel-750,684186,30334486,30334495,9
channel-19774,346125,30334489,30334498,9
channel-5,184340,30334492,30334505,13
channel-208,1490823,30334496,30334508,12
channel-0,4039792,30334508,30334516,8
channel-6994,1325547,30334509,30334519,10
channel-750,684187,30334515,30334520,5
channel-750,684188,30334519,30334523,4
channel-0,4039793,30334522,30334533,11
channel-76971,12254,30334523,30334543,20
channel-1,408605,30334523,30334545,22
channel-88,467191,30334528,30334541,13
channel-19774,346126,30334530,30334538,8
channel-5,184341,30334533,30334543,10
channel-208,1490824,30334537,30334545,8
channel-0,4039794,30334542,30334580,38
channel-6994,1325548,30334543,30334552,9
channel-85077,60892,30334547,30334557,10
channel-19774,346127,30334548,30334557,9
channel-85077,60893,30334549,30334561,12
channel-73755,5850,30334559,30334567,8
channel-750,684189,30334565,30334585,20
channel-88,467192,30334571,30334579,8
channel-412,64643,30334572,30334587,15
channel-208,1490825,30334573,30334581,8
channel-1,408606,30334573,30334583,10
channel-208,1490826,30334573,30334581,8
channel-6994,1325549,30334587,30334596,9
channel-750,684190,30334600,30334617,17
channel-0,4039795,30334606,30334615,9
channel-88,467193,30334606,30334631,25
channel-0,4039796,30334608,30334637,29
channel-750,684191,30334610,30334615,5
channel-6994,1325550,30334610,30334619,9
channel-208,1490827,30334615,30334624,9
channel-208,1490828,30334617,30334628,11
channel-85077,60894,30334619,30334635,16
channel-19774,346128,30334620,30334627,7
channel-208,1490829,30334638,30334652,14
channel-85077,60895,30334638,30334647,9
channel-6994,1325551,30334639,30334650,11
channel-75,845282,30334642,30334652,10
channel-199,132824,30334642,30334653,11
channel-88,467194,30334644,30334674,30
channel-208,1490830,30334646,30334656,10
channel-326,538363,30334658,30334677,19
channel-750,684192,30334666,30334670,4
channel-208,1490831,30334671,30334683,12
channel-208,1490832,30334673,30334683,10
channel-750,684193,30334674,30334678,4
channel-208,1490833,30334678,30334685,7
channel-750,684194,30334679,30334695,16
channel-85077,60896,30334681,30334689,8
channel-6994,1325552,30334683,30334690,7
channel-0,4039797,30334685,30334695,10
channel-326,538364,30334689,30334722,33
channel-6994,1325553,30334707,30334719,12
channel-122,668270,30334708,30334711,3
channel-750,684195,30334709,30334714,5
channel-19774,346129,30334711,30334721,10
channel-6994,1325554,30334730,30334742,12
channel-0,4039798,30334740,30334753,13
channel-0,4039799,30334747,30334756,9
channel-6994,1325555,30334756,30334765,9
channel-750,684196,30334760,30334762,2
channel-85077,60897,30334764,30334775,11
channel-6994,1325556,30334764,30334774,10
channel-6994,1325557,30334767,30334778,11
channel-89298,18719,30334767,30334776,9
channel-1424,7359,30334768,30334777,9
channel-88,467195,30334786,30334802,16
channel-6994,1325558,30334794,30334804,10
channel-199,132825,30334794,30334803,9
channel-122,668271,30334801,30334804,3
channel-2694,3324,30334806,30334818,12
channel-0,4039800,30334815,30334825,10
channel-85077,60898,30334816,30334824,8
channel-6787,166782,30334817,30334820,3
channel-874,293411,30334823,30334840,17
channel-122,668272,30334825,30334831,6
channel-85077,60899,30334831,30334840,9
channel-0,4039801,30334831,30334841,10
channel-750,684197,30334843,30334848,5
channel-208,1490834,30334843,30334850,7
channel-750,684198,30334843,30334850,7
channel-326,538365,30334846,30334850,4
channel-85077,60900,30334848,30334874,26
channel-85077,60901,30334851,30334861,10
channel-2694,3325,30334866,30334886,20
channel-19774,346130,30334867,30334876,9
channel-6994,1325559,30334870,30334880,10
channel-750,684199,30334875,30334880,5
channel-89321,19515,30334892,30334904,12
channel-1575,15200,30334894,30334901,7
channel-0,4039802,30334896,30334908,12
channel-0,4039803,30334900,30334913,13
channel-2694,3326,30334903,30334918,15
channel-750,684200,30334904,30334909,5
channel-259,314432,30334908,30334913,5
channel-85077,60902,30334918,30334927,9
channel-0,4039804,30334921,30334931,10
channel-85077,60903,30334930,30334938,8
channel-6994,1325560,30334943,30334967,24
channel-750,684201,30334943,30334953,10
channel-6994,1325561,30334946,30334953,7
channel-326,538366,30334958,30334963,5
channel-1,408607,30334959,30334969,10
channel-1,408608,30334960,30334969,9
channel-208,1490835,30334967,30334977,10
channel-0,4039805,30335003,30335011,8
channel-122,668273,30335009,30335012,3
channel-216,94290,30335013,30335085,72
channel-216,94291,30335017,30335085,68
channel-143,128439,30335020,30335033,13
channel-642,126539,30335021,30335032,11
channel-199,132826,30335027,30335044,17
channel-85077,60904,30335027,30335039,12
channel-89321,19516,30335031,30335050,19
channel-0,4039806,30335033,30335043,10
channel-208,1490836,30335035,30335046,11
channel-4,167053,30335042,30335053,11
channel-2188,43840,30335056,30335060,4
channel-6994,1325562,30335056,30335066,10
channel-85077,60905,30335058,30335067,9
channel-750,684202,30335063,30335067,4
channel-1,408609,30335066,30335082,16
channel-0,4039807,30335067,30335077,10
channel-42,1490075,30335070,30335078,8
channel-1,408610,30335075,30335090,15
channel-208,1490837,30335083,30335095,12
channel-0,4039808,30335093,30335101,8
channel-6994,1325563,30335095,30335103,8
channel-6994,1325564,30335105,30335114,9
channel-208,1490838,30335119,30335129,10
channel-88,467196,30335120,30335142,22
channel-208,1490839,30335121,30335134,13
channel-258,17759,30335126,30335140,14
channel-1,408611,30335126,30335144,18
channel-208,1490840,30335127,30335138,11
channel-6994,1325565,30335135,30335147,12
channel-88,467197,30335140,30335152,12
channel-6994,1325566,30335147,30335157,10
channel-143,128440,30335158,30335175,17
channel-0,4039809,30335159,30335171,12
channel-19774,346131,30335162,30335179,17
channel-8,43468,30335165,30335184,19
channel-89321,19517,30335168,30335178,10
channel-6994,1325567,30335178,30335187,9
channel-208,1490841,30335180,30335187,7
channel-750,684203,30335184,30335195,11
channel-0,4039810,30335187,30335197,10
channel-229,55042,30335192,30335199,7
channel-6994,1325568,30335198,30335208,10
channel-4,167054,30335198,30335213,15
channel-0,4039811,30335213,30335221,8
channel-2694,3327,30335223,30335240,17
channel-208,1490842,30335229,30335238,9
channel-6994,1325569,30335232,30335245,13
channel-85077,60906,30335235,30335245,10
channel-6787,166783,30335240,30335244,4
channel-6994,1325570,30335247,30335257,10
channel-0,4039812,30335263,30335274,11
channel-326,538367,30335267,30335285,18
channel-85077,60907,30335269,30335279,10
channel-6994,1325571,30335270,30335282,12
channel-750,684204,30335272,30335279,7
channel-6994,1325572,30335286,30335297,11
channel-199,132827,30335288,30335301,13
channel-6994,1325573,30335306,30335315,9
channel-143,128441,30335322,30335339,17
channel-89321,19518,30335344,30335353,9
channel-750,684205,30335346,30335350,4
channel-6994,1325574,30335347,30335355,8
channel-143,128442,30335348,30335355,7
channel-750,684206,30335360,30335364,4
channel-6994,1325575,30335361,30335372,11
channel-208,1490843,30335370,30335380,10
channel-143,128443,30335372,30335382,10
channel-208,1490844,30335388,30335399,11
channel-750,684207,30335391,30335405,14
channel-75,845283,30335392,30335401,9
channel-750,684208,30335402,30335413,11
channel-750,684209,30335422,30335427,5
channel-6994,1325576,30335433,30335442,9
channel-122,668274,30335439,30335443,4
channel-0,4039813,30335439,30335449,10
channel-750,684210,30335440,30335450,10
channel-89321,19519,30335443,30335450,7
channel-6787,166784,30335445,30335449,4
channel-6994,1325577,30335445,30335454,9
channel-783,104358,30335467,30335477,10
channel-6994,1325578,30335476,30335486,10
channel-259,314433,30335477,30335483,6
channel-6994,1325579,30335478,30335505,27
channel-783,104359,30335480,30335489,9
channel-75,845284,30335499,30335505,6
channel-122,668275,30335509,30335512,3
channel-85077,60908,30335509,30335517,8
channel-85077,60909,30335512,30335520,8
channel-85791,3779,30335513,30335519,6
channel-6994,1325580,30335514,30335521,7
channel-6994,1325581,30335515,30335527,12
channel-122,668276,30335519,30335524,5
channel-122,668277,30335520,30335524,4
channel-6994,1325582,30335527,30335537,10
channel-326,538368,30335536,30335542,6
channel-208,1490845,30335537,30335545,8
channel-6994,1325583,30335545,30335555,10
channel-6994,1325584,30335548,30335559,11
channel-5,184342,30335549,30335560,11
channel-89321,19520,30335550,30335581,31
channel-0,4039814,30335550,30335560,10
channel-208,1490846,30335557,30335569,12
channel-1,408612,30335562,30335577,15
channel-6994,1325585,30335563,30335573,10
channel-6994,1325586,30335566,30335576,10
channel-208,1490847,30335568,30335576,8
channel-85077,60910,30335572,30335581,9
channel-5,184343,30335572,30335578,6
channel-113,301359,30335578,30335613,35
channel-0,4039815,30335583,30335596,13
channel-19774,346132,30335596,30335605,9
channel-91017,2908,30335596,30335610,14
channel-208,1490848,30335597,30335608,11
channel-148,16094,30335604,30335614,10
channel-2188,43841,30335607,30335611,4
channel-5,184344,30335610,30335617,7
channel-326,538369,30335614,30335619,5
channel-19774,346133,30335620,30335627,7
channel-208,1490849,30335622,30335630,8
channel-4,167055,30335629,30335639,10
channel-5,184345,30335630,30335639,9
channel-75,845285,30335631,30335636,5
channel-122,668278,30335643,30335649,6
channel-0,4039816,30335644,30335655,11
channel-750,684211,30335651,30335660,9
channel-0,4039817,30335651,30335667,16
channel-0,4039818,30335652,30335667,15
channel-5,184346,30335657,30335668,11
channel-874,293412,30335659,30335664,5
channel-85077,60911,30335664,30335673,9
channel-750,684212,30335666,30335671,5
channel-6994,1325587,30335673,30335684,11
channel-2188,43842,30335674,30335678,4
channel-5,184347,30335689,30335699,10
channel-38946,124287,30335694,30335712,18
channel-2188,43843,30335696,30335701,5
channel-6994,1325588,30335697,30335707,10
channel-19774,346134,30335702,30335712,10
channel-0,4039819,30335704,30335716,12
channel-208,1490850,30335710,30335719,9
channel-75030,1174,30335711,30335721,10
channel-4,167056,30335712,30335724,12
channel-0,4039820,30335713,30335726,13
channel-94814,3790,30335715,30335725,10
channel-6994,1325589,30335719,30335728,9
channel-91017,2909,30335723,30335734,11
channel-0,4039821,30335729,30335740,11
channel-2188,43844,30335743,30335748,5
channel-750,684213,30335755,30335760,5
channel-0,4039822,30335756,30335768,12
channel-874,293413,30335760,30335766,6
channel-122,668279,30335766,30335771,5
channel-0,4039823,30335769,30335778,9
channel-0,4039824,30335780,30335793,13
channel-0,4039825,30335793,30335803,10
channel-5,184348,30335800,30335808,8
channel-85077,60912,30335816,30335826,10
channel-5,184349,30335816,30335824,8
channel-6994,1325590,30335817,30335828,11
channel-6994,1325591,30335824,30335837,13
channel-208,1490851,30335825,30335840,15
channel-75,845286,30335833,30335837,4
channel-89321,19521,30335843,30335852,9
channel-208,1490852,30335870,30335880,10
channel-320,119265,30335887,30335897,10
channel-750,684214,30335895,30335905,10
channel-0,4039826,30335899,30335914,15
channel-6994,1325592,30335910,30335921,11
channel-89321,19522,30335922,30335945,23
channel-0,4039827,30335925,30335934,9
channel-6994,1325593,30335932,30335943,11
channel-75,845287,30335941,30335947,6
channel-38946,124288,30335942,30335951,9
channel-326,538370,30335945,30335954,9
channel-750,684215,30335945,30335956,11
channel-750,684216,30335952,30335958,6
channel-6994,1325594,30335954,30335963,9
channel-0,4039828,30335954,30335963,9
channel-208,1490853,30335954,30335965,11
channel-208,1490854,30335954,30335965,11
channel-750,684217,30335957,30335961,4
channel-0,4039829,30335959,30335968,9
channel-6994,1325595,30335974,30335983,9
channel-85077,60913,30335974,30335982,8
channel-0,4039830,30335976,30335984,8
channel-750,684218,30335976,30335985,9
channel-199,132828,30335977,30335987,10
channel-782,310274,30335980,30335985,5
channel-251,85269,30335987,30335996,9
channel-783,104360,30335987,30335993,6
channel-6994,1325596,30335992,30336009,17
channel-750,684219,30335993,30336003,10
channel-204,670850,30335998,30336098,100
channel-6994,1325597,30336010,30336018,8
channel-19774,346135,30336015,30336023,8
channel-199,132829,30336017,30336035,18
channel-208,1490855,30336018,30336029,11
channel-6994,1325598,30336020,30336031,11
channel-750,684220,30336021,30336038,17
channel-0,4039831,30336021,30336031,10
channel-2188,43845,30336027,30336031,4
channel-750,684221,30336028,30336038,10
channel-0,4039832,30336032,30336042,10
channel-1,408613,30336034,30336045,11
channel-750,684222,30336035,30336046,11
channel-750,684223,30336038,30336043,5
channel-6897,5649,30336039,30336048,9
channel-20082,9894,30336046,30336059,13
channel-199,132830,30336052,30336064,12
channel-326,538371,30336054,30336062,8
channel-326,538372,30336059,30336067,8
channel-122,668280,30336059,30336064,5
channel-251,85270,30336064,30336075,11
channel-6994,1325599,30336077,30336088,11
channel-6994,1325600,30336081,30336093,12
channel-6994,1325601,30336086,30336097,11
channel-88,467198,30336090,30336107,17
channel-6994,1325602,30336091,30336102,11
channel-88,467199,30336101,30336123,22
channel-259,314434,30336114,30336120,6
channel-208,1490856,30336125,30336137,12
channel-326,538373,30336126,30336157,31
channel-0,4039833,30336130,30336140,10
channel-208,1490857,30336137,30336146,9
channel-0,4039834,30336138,30336150,12
channel-0,4039835,30336138,30336150,12
channel-750,684224,30336143,30336148,5
channel-0,4039836,30336144,30336168,24
channel-6994,1325603,30336151,30336163,12
channel-208,1490858,30336159,30336168,9
channel-6994,1325604,30336161,30336172,11
channel-208,1490859,30336161,30336174,13
channel-122,668281,30336166,30336176,10
channel-0,4039837,30336173,30336180,7
channel-0,4039838,30336173,30336194,21
channel-259,314435,30336176,30336183,7
channel-750,684225,30336179,30336204,25
channel-6994,1325605,30336179,30336188,9
channel-750,684226,30336189,30336204,15
channel-6994,1325606,30336189,30336202,13
channel-2188,43846,30336203,30336208,5
channel-6994,1325607,30336207,30336220,13
channel-208,1490860,30336208,30336221,13
channel-2186,40801,30336208,30336223,15
channel-0,4039839,30336218,30336227,9
channel-208,1490861,30336219,30336231,12
channel-89298,18720,30336224,30336234,10
channel-85077,60914,30336233,30336281,48
channel-1,408614,30336236,30336247,11
channel-6994,1325608,30336237,30336246,9
channel-6994,1325609,30336242,30336253,11
channel-750,684227,30336243,30336265,22
channel-6994,1325610,30336249,30336258,9
channel-208,1490862,30336251,30336260,9
channel-38946,124289,30336253,30336277,24
channel-259,314436,30336255,30336263,8
channel-750,684228,30336256,30336268,12
channel-750,684229,30336258,30336271,13
channel-750,684230,30336258,30336269,11
channel-122,668282,30336259,30336263,4
channel-6994,1325611,30336259,30336271,12
channel-259,314437,30336260,30336265,5
channel-0,4039840,30336263,30336272,9
channel-750,684231,30336266,30336277,11
channel-6994,1325612,30336267,30336295,28
channel-750,684232,30336272,30336282,10
channel-6994,1325613,30336273,30336285,12
channel-6994,1325614,30336275,30336285,10
channel-89321,19523,30336276,30336305,29
channel-750,684233,30336282,30336287,5
channel-750,684234,30336282,30336296,14
channel-750,684235,30336301,30336317,16
channel-750,684236,30336302,30336324,22
channel-88,467200,30336302,30336323,21
channel-199,132831,30336308,30336318,10
channel-750,684237,30336309,30336322,13
channel-750,684238,30336310,30336322,12
channel-6994,1325615,30336311,30336322,11
channel-75,845288,30336318,30336322,4
channel-320,119266,30336322,30336348,26
channel-75,845289,30336324,30336331,7
channel-783,104361,30336324,30336329,5
channel-750,684239,30336325,30336329,4
channel-0,4039841,30336328,30336339,11
channel-750,684240,30336332,30336342,10
channel-750,684241,30336335,30336349,14
channel-0,4039842,30336335,30336361,26
channel-1429,140779,30336338,30336349,11
channel-6994,1325616,30336340,30336349,9
channel-326,538374,30336342,30336985,643
channel-326,538375,30336342,30336985,643
channel-326,538376,30336342,30336985,643
channel-326,538377,30336342,30336985,643
channel-326,538378,30336342,30336985,643
channel-326,538379,30336342,30336985,643
channel-208,1490863,30336346,30336356,10
channel-0,4039843,30336351,30336381,30
channel-85077,60915,30336351,30336371,20
channel-122,668283,30336352,30336356,4
channel-750,684242,30336352,30336379,27
channel-6994,1325617,30336356,30336366,10
channel-750,684243,30336357,30336369,12
channel-113,301360,30336357,30336402,45
channel-750,684244,30336357,30336388,31
channel-326,538380,30336358,30336382,24
channel-88,467201,30336358,30336382,24
channel-750,684245,30336359,30336371,12
channel-4,167057,30336361,30336371,10
channel-85077,60916,30336362,30336374,12
channel-750,684246,30336364,30336376,12
channel-750,684247,30336366,30336375,9
channel-750,684248,30336366,30336379,13
channel-750,684249,30336367,30336380,13
channel-259,314438,30336368,30336373,5
channel-750,684250,30336372,30336386,14
channel-208,1490864,30336374,30336384,10
channel-750,684251,30336375,30336389,14
channel-6994,1325618,30336379,30336389,10
channel-94814,3791,30336385,30336408,23
channel-6994,1325619,30336385,30336394,9
channel-208,1490865,30336392,30336403,11
channel-208,1490866,30336401,30336411,10
channel-750,684252,30336402,30336406,4
channel-6994,1325620,30336406,30336415,9
channel-20082,9895,30336408,30336513,105
channel-750,684253,30336412,30336452,40
channel-6994,1325621,30336418,30336432,14
channel-75,845290,30336422,30336429,7
channel-750,684254,30336423,30336437,14
channel-75,845291,30336424,30336432,8
channel-6994,1325622,30336426,30336435,9
channel-89298,18721,30336427,30336436,9
channel-85077,60917,30336428,30336443,15
channel-208,1490867,30336429,30336439,10
channel-122,668284,30336430,30336434,4
channel-208,1490868,30336433,30336443,10
channel-0,4039844,30336433,30336442,9
channel-6994,1325623,30336433,30336444,11
channel-1429,140780,30336435,30336443,8
channel-6994,1325624,30336435,30336449,14
channel-208,1490869,30336435,30336448,13
channel-6994,1325625,30336435,30336449,14
channel-6994,1325626,30336437,30336460,23
channel-259,314439,30336438,30336448,10
channel-0,4039845,30336443,30336451,8
channel-0,4039846,30336444,30336464,20
channel-750,684255,30336444,30336456,12
channel-208,1490870,30336448,30336457,9
channel-750,684256,30336450,30336458,8
channel-0,4039847,30336455,30336464,9
channel-750,684257,30336456,30336471,15
channel-208,1490871,30336459,30336468,9
channel-6994,1325627,30336464,30336473,9
channel-750,684258,30336465,30336492,27
channel-143,128444,30336467,30336487,20
channel-259,314440,30336470,30336481,11
channel-750,684259,30336475,30336490,15
channel-113,301361,30336475,30336688,213
channel-75,845292,30336475,30336482,7
channel-0,4039848,30336477,30336488,11
channel-750,684260,30336478,30336493,15
channel-750,684261,30336481,30336492,11
channel-750,684262,30336484,30336491,7
channel-208,1490872,30336484,30336495,11
channel-0,4039849,30336484,30336491,7
channel-750,684263,30336485,30336497,12
channel-750,684264,30336487,30336497,10
channel-208,1490873,30336487,30336495,8
channel-72,516470,30336487,30336522,35
channel-750,684265,30336490,30336499,9
channel-208,1490874,30336492,30336503,11
channel-750,684266,30336493,30336513,20
channel-208,1490875,30336493,30336503,10
channel-750,684267,30336494,30336498,4
channel-122,668285,30336497,30336500,3
channel-208,1490876,30336497,30336508,11
channel-750,684268,30336500,30336513,13
channel-326,538381,30336508,30336532,24
channel-750,684269,30336509,30336514,5
channel-6994,1325628,30336510,30336520,10
channel-88,467202,30336512,30336532,20
channel-208,1490877,30336512,30336520,8
channel-75,845293,30336512,30336517,5
channel-326,538382,30336518,30336521,3
channel-85077,60918,30336518,30336526,8
channel-85077,60919,30336519,30336528,9
channel-750,684270,30336520,30336536,16
channel-783,104362,30336520,30336526,6
channel-750,684271,30336520,30336535,15
channel-750,684272,30336520,30336531,11
channel-1429,140781,30336522,30336551,29
channel-750,684273,30336523,30336527,4
channel-750,684274,30336524,30336534,10
channel-4,167058,30336525,30336536,11
channel-42,1490076,30336526,30336537,11
channel-874,293414,30336527,30338932,2405
channel-259,314441,30336528,30336533,5
channel-0,4039850,30336531,30336543,12
channel-1429,140782,30336531,30336540,9
channel-1429,140783,30336531,30336540,9
channel-750,684275,30336537,30336548,11
channel-0,4039851,30336538,30336548,10
channel-1429,140784,30336538,30336551,13
channel-6994,1325629,30336541,30336552,11
channel-750,684276,30336543,30336559,16
channel-750,684277,30336544,30336555,11
channel-208,1490878,30336548,30336560,12
channel-122,668286,30336552,30336556,4
channel-0,4039852,30336553,30336583,30
channel-750,684278,30336557,30336572,15
channel-20082,9896,30336557,30336632,75
channel-320,119267,30336559,30336591,32
channel-750,684279,30336560,30336571,11
channel-320,119268,30336560,30336574,14
channel-6994,1325630,30336561,30336571,10
channel-522,40444,30336562,30336658,96
channel-750,684280,30336563,30336597,34
channel-208,1490879,30336568,30336578,10
channel-122,668287,30336580,30336584,4
channel-6994,1325631,30336585,30336598,13
channel-6994,1325632,30336586,30336612,26
channel-208,1490880,30336586,30336595,9
channel-1,408615,30336587,30336595,8
channel-750,684281,30336591,30336603,12
channel-19774,346136,30336594,30336606,12
channel-85077,60920,30336594,30336612,18
channel-208,1490881,30336596,30336605,9
channel-750,684282,30336598,30336615,17
channel-750,684283,30336600,30336605,5
channel-750,684284,30336600,30336612,12
channel-750,684285,30336600,30336612,12
channel-0,4039853,30336602,30336612,10
channel-259,314442,30336603,30336608,5
channel-750,684286,30336605,30336624,19
channel-6994,1325633,30336606,30336616,10
channel-0,4039854,30336607,30336616,9
channel-750,684287,30336607,30336621,14
channel-6994,1325634,30336607,30336639,32
channel-750,684288,30336608,30336618,10
channel-750,684289,30336612,30336628,16
channel-0,4039855,30336612,30336621,9
channel-208,1490882,30336614,30336624,10
channel-874,293415,30336627,30338932,2305
channel-85077,60921,30336627,30336638,11
channel-259,314443,30336629,30336634,5
channel-750,684290,30336629,30336647,18
channel-750,684291,30336633,30336647,14
channel-85077,60922,30336633,30336644,11
channel-251,85271,30336648,30336658,10
channel-750,684292,30336654,30336688,34
channel-4,167059,30336654,30336664,10
channel-750,684293,30336659,30336671,12
channel-326,538383,30336660,30336682,22
channel-783,104363,30336660,30336678,18
channel-85077,60923,30336662,30336672,10
channel-6994,1325635,30336662,30336673,11
channel-259,314444,30336663,30336670,7
channel-75,845294,30336663,30336671,8
channel-750,684294,30336670,30336677,7
channel-1,408616,30336671,30336684,13
channel-750,684295,30336673,30336678,5
channel-6994,1325636,30336673,30336683,10
channel-85077,60924,30336673,30336684,11
channel-1,408617,30336682,30336696,14
channel-208,1490883,30336683,30336690,7
channel-6994,1325637,30336685,30336694,9
channel-783,104364,30336688,30336695,7
channel-6994,1325638,30336690,30336699,9
channel-750,684296,30336693,30336713,20
channel-1,408618,30336698,30336715,17
channel-85077,60925,30336699,30336710,11
channel-89298,18722,30336701,30336712,11
channel-1429,140785,30336702,30336712,10
channel-85077,60926,30336705,30336715,10
channel-208,1490884,30336715,30336724,9
channel-6994,1325639,30336717,30336729,12
channel-85077,60927,30336718,30336727,9
channel-6994,1325640,30336720,30336729,9
channel-208,1490885,30336721,30336734,13
channel-642,126540,30336735,30336750,15
channel-750,684297,30336738,30336759,21
channel-6994,1325641,30336741,30336753,12
channel-19774,346137,30336742,30336753,11
channel-85077,60928,30336743,30336753,10
channel-72,516471,30336743,30336796,53
channel-0,4039856,30336745,30336755,10
channel-208,1490886,30336748,30336757,9
channel-251,85272,30336753,30336761,8
channel-750,684298,30336756,30336765,9
channel-5,184350,30336763,30336771,8
channel-72,516472,30336765,30336801,36
channel-85077,60929,30336765,30336775,10
channel-6994,1325642,30336769,30336779,10
channel-0,4039857,30336769,30336783,14
channel-79703,4459,30336773,30336782,9
channel-95,331601,30336777,30336800,23
channel-750,684299,30336778,30336789,11
channel-6994,1325643,30336780,30336789,9
channel-88,467203,30336782,30336804,22
channel-750,684300,30336783,30336814,31
channel-72,516473,30336785,30336822,37
channel-0,4039858,30336785,30336806,21
channel-85077,60930,30336786,30336795,9
channel-0,4039859,30336788,30336797,9
channel-88,467204,30336791,30336816,25
channel-6994,1325644,30336792,30336803,11
channel-259,314445,30336792,30336800,8
channel-88,467205,30336796,30336816,20
channel-6994,1325645,30336803,30336813,10
channel-89298,18723,30336811,30336822,11
channel-6994,1325646,30336816,30336827,11
channel-750,684301,30336822,30336826,4
channel-750,684302,30336828,30336845,17
channel-19774,346138,30336830,30336840,10
channel-750,684303,30336830,30336836,6
channel-874,293416,30336831,30336837,6
channel-0,4039860,30336831,30336845,14
channel-88,467206,30336835,30336861,26
channel-750,684304,30336838,30336840,2
channel-326,538384,30336841,30336858,17
channel-1,408619,30336841,30336854,13
channel-0,4039861,30336842,30336852,10
channel-6994,1325647,30336843,30336852,9
channel-1,408620,30336843,30336854,11
channel-750,684305,30336844,30336856,12
channel-750,684306,30336846,30336850,4
channel-208,1490887,30336848,30336861,13
channel-750,684307,30336852,30336861,9
channel-750,684308,30336853,30336866,13
channel-89321,19524,30336854,30336877,23
channel-6994,1325648,30336855,30336866,11
channel-38946,124290,30336857,30336873,16
channel-6994,1325649,30336858,30336870,12
channel-6994,1325650,30336858,30336870,12
channel-326,538385,30336862,30336871,9
channel-5,184351,30336862,30336871,9
channel-750,684309,30336865,30336882,17
channel-750,684310,30336871,30336901,30
channel-0,4039862,30336871,30336896,25
channel-5,184352,30336877,30336889,12
channel-208,1490888,30336880,30336891,11
channel-6994,1325651,30336882,30336891,9
channel-326,538386,30336882,30336892,10
channel-750,684311,30336889,30336897,8
channel-750,684312,30336890,30336893,3
channel-6994,1325652,30336893,30336903,10
channel-259,314446,30336898,30336903,5
channel-6994,1325653,30336904,30336914,10
channel-6994,1325654,30336904,30336914,10
channel-750,684313,30336906,30336919,13
channel-0,4039863,30336912,30336941,29
channel-750,684314,30336912,30336953,41
channel-0,4039864,30336912,30336935,23
channel-0,4039865,30336920,30336932,12
channel-0,4039866,30336922,30336932,10
channel-6994,1325655,30336925,30336936,11
channel-38946,124291,30336926,30336945,19
channel-208,1490889,30336929,30336938,9
channel-6994,1325656,30336943,30336953,10
channel-6994,1325657,30336952,30336962,10
channel-0,4039867,30336953,30336976,23
channel-750,684315,30336954,30336971,17
channel-750,684316,30336954,30336980,26
channel-6994,1325658,30336962,30336971,9
channel-208,1490890,30336972,30336983,11
channel-6994,1325659,30336973,30336985,12
channel-75,845295,30336976,30336982,6
channel-412,64644,30336977,30336984,7
channel-75,845296,30336983,30336990,7
channel-874,293417,30336989,30336999,10
channel-81016,265,30336994,30337003,9
channel-2,130681,30336996,30337009,13
channel-85077,60931,30336996,30337007,11
channel-6994,1325660,30337001,30337012,11
channel-122,668288,30337010,30337012,2
channel-750,684317,30337016,30337026,10
channel-750,684318,30337028,30337058,30
channel-750,684319,30337030,30337051,21
channel-8,43469,30337035,30337079,44
channel-6994,1325661,30337042,30337051,9
channel-6994,1325662,30337043,30337104,61
channel-6994,1325663,30337057,30337069,12
channel-6994,1325664,30337064,30337077,13
channel-6994,1325665,30337066,30337108,42
channel-6994,1325666,30337072,30337082,10
channel-208,1490891,30337073,30337083,10
channel-750,684320,30337074,30337095,21
channel-6994,1325667,30337075,30337084,9
channel-6994,1325668,30337083,30337093,10
channel-0,4039868,30337094,30337103,9
channel-6994,1325669,30337096,30337104,8
channel-750,684321,30337100,30337107,7
channel-6994,1325670,30337101,30337108,7
channel-6994,1325671,30337105,30337120,15
channel-0,4039869,30337105,30337115,10
channel-6994,1325672,30337106,30337120,14
channel-122,668289,30337116,30337120,4
channel-75,845297,30337131,30337142,11
channel-6994,1325673,30337132,30337142,10
channel-0,4039870,30337140,30337166,26
channel-6994,1325674,30337144,30337214,70
channel-6994,1325675,30337152,30337161,9
channel-750,684322,30337155,30337160,5
channel-412,64645,30337164,30337172,8
channel-6994,1325676,30337168,30337179,11
channel-38946,124292,30337174,30337192,18
channel-6994,1325677,30337184,30337191,7
channel-0,4039871,30337192,30337202,10
channel-20082,9897,30337194,30337211,17
channel-6994,1325678,30337194,30337203,9
channel-522,40445,30337206,30337217,11
channel-75,845298,30337211,30337218,7
channel-6994,1325679,30337212,30337221,9
channel-6994,1325680,30337214,30337226,12
channel-89298,18724,30337228,30337237,9
channel-0,4039872,30337231,30337243,12
channel-326,538387,30337231,30337236,5
channel-5,184353,30337240,30337248,8
channel-6994,1325681,30337244,30337257,13
channel-20082,9898,30337246,30337295,49
channel-208,1490892,30337248,30337261,13
channel-6994,1325682,30337257,30337279,22
channel-85077,60932,30337260,30337270,10
channel-2,130682,30337260,30337271,11
channel-6994,1325683,30337266,30337275,9
channel-6994,1325684,30337267,30337279,12
channel-122,668290,30337267,30337271,4
channel-6994,1325685,30337273,30337283,10
channel-412,64646,30337280,30337337,57
channel-216,94292,30337297,30337368,71
channel-6994,1325686,30337310,30337321,11
channel-2188,43847,30337311,30337317,6
channel-89321,19525,30337319,30337353,34
channel-6994,1325687,30337320,30337329,9
channel-42,1490077,30337321,30337334,13
channel-85077,60933,30337326,30337335,9
channel-47,198644,30337346,30337358,12
channel-6994,1325688,30337348,30337358,10
channel-6994,1325689,30337358,30337367,9
channel-85077,60934,30337358,30337367,9
channel-6994,1325690,30337376,30337385,9
channel-6994,1325691,30337384,30337394,10
channel-6994,1325692,30337384,30337394,10
channel-6787,166785,30337385,30337389,4
channel-208,1490893,30337385,30337395,10
channel-6994,1325693,30337388,30337399,11
channel-0,4039873,30337389,30337403,14
channel-750,684323,30337396,30337401,5
channel-6994,1325694,30337399,30337409,10
channel-6994,1325695,30337408,30337435,27
channel-6994,1325696,30337410,30337422,12
channel-6994,1325697,30337410,30337422,12
channel-0,4039874,30337419,30337432,13
channel-144,86700,30337419,30337429,10
channel-208,1490894,30337420,30337429,9
channel-326,538388,30337422,30337427,5
channel-6994,1325698,30337423,30337433,10
channel-6994,1325699,30337425,30337436,11
channel-85077,60935,30337432,30337439,7
channel-6994,1325700,30337434,30337444,10
channel-6994,1325701,30337444,30337453,9
channel-6994,1325702,30337447,30337476,29
channel-204,670851,30337450,30337457,7
channel-208,1490895,30337456,30337468,12
channel-122,668291,30337466,30337470,4
channel-0,4039875,30337467,30337477,10
channel-208,1490896,30337477,30337487,10
channel-259,314447,30337495,30337500,5
channel-20082,9899,30337522,30337541,19
channel-85077,60936,30337531,30337540,9
channel-750,684324,30337533,30337538,5
channel-208,1490897,30337537,30337545,8
channel-143,128445,30337538,30337556,18
channel-0,4039876,30337541,30337561,20
channel-208,1490898,30337544,30337554,10
channel-0,4039877,30337545,30337571,26
channel-75,845299,30337549,30337558,9
channel-73755,5851,30337554,30337564,10
channel-326,538389,30337555,30337575,20
channel-0,4039878,30337555,30337561,6
channel-750,684325,30337563,30337567,4
channel-6994,1325703,30337571,30337584,13
channel-0,4039879,30337576,30337585,9
channel-2186,40802,30337584,30337598,14
channel-251,85273,30337589,30337602,13
channel-208,1490899,30337601,30337609,8
channel-2716,2672,30337613,30337639,26
channel-6994,1325704,30337620,30337632,12
channel-6787,166786,30337630,30337634,4
channel-6994,1325705,30337632,30337643,11
channel-20082,9900,30337636,30337763,127
channel-91017,2910,30337639,30337650,11
channel-208,1490900,30337648,30337659,11
channel-0,4039880,30337656,30337667,11
channel-326,538390,30337659,30338845,1186
channel-326,538391,30337659,30338845,1186
channel-326,538392,30337659,30338845,1186
channel-326,538393,30337659,30338845,1186
channel-326,538394,30337659,30338845,1186
channel-326,538395,30337659,30338845,1186
channel-0,4039881,30337674,30337700,26
channel-750,684326,30337675,30337688,13
channel-6994,1325706,30337678,30337687,9
channel-6994,1325707,30337679,30337703,24
channel-0,4039882,30337699,30337722,23
channel-6994,1325708,30337700,30337712,12
channel-6994,1325709,30337701,30337712,11
channel-5,184354,30337701,30337709,8
channel-89321,19526,30337708,30337715,7
channel-4,167060,30337715,30337726,11
channel-42,1490078,30337721,30337746,25
channel-1,408621,30337723,30337756,33
channel-6994,1325710,30337731,30337741,10
channel-750,684327,30337740,30337746,6
channel-6994,1325711,30337740,30337750,10
channel-85077,60937,30337740,30337751,11
channel-320,119269,30337741,30337753,12
channel-208,1490901,30337767,30337780,13
channel-184,137450,30337768,30337778,10
channel-6994,1325712,30337771,30337780,9
channel-320,119270,30337779,30337801,22
channel-0,4039883,30337786,30337797,11
channel-750,684328,30337787,30337798,11
channel-229,55043,30337793,30337800,7
channel-6994,1325713,30337796,30337806,10
channel-75,845300,30337796,30337804,8
channel-199,132832,30337803,30337814,11
channel-199,132833,30337807,30337835,28
channel-750,684329,30337811,30337823,12
channel-85077,60938,30337815,30337823,8
channel-783,104365,30337826,30337852,26
channel-0,4039884,30337832,30337843,11
channel-1429,140786,30337833,30337843,10
channel-6994,1325714,30337833,30337841,8
channel-522,40446,30337834,30337841,7
channel-143,128446,30337836,30337865,29
channel-208,1490902,30337836,30337847,11
channel-75,845301,30337843,30337850,7
channel-6994,1325715,30337849,30337860,11
channel-750,684330,30337850,30337868,18
channel-6994,1325716,30337855,30337869,14
channel-6994,1325717,30337867,30337878,11
channel-750,684331,30337870,30337876,6
channel-0,4039885,30337871,30337882,11
channel-1429,140787,30337871,30337880,9
channel-6994,1325718,30337871,30337882,11
channel-750,684332,30337872,30337885,13
channel-874,293418,30337873,30338931,1058
channel-259,314448,30337884,30337889,5
channel-1429,140788,30337884,30337892,8
channel-750,684333,30337895,30337910,15
channel-750,684334,30337898,30337903,5
channel-750,684335,30337898,30337906,8
channel-0,4039886,30337904,30337910,6
channel-6994,1325719,30337906,30337917,11
channel-6994,1325720,30337907,30337917,10
channel-89321,19527,30337907,30337919,12
channel-19774,346139,30337908,30337914,6
channel-750,684336,30337910,30337924,14
channel-6787,166787,30337910,30337915,5
channel-750,684337,30337912,30337921,9
channel-750,684338,30337917,30337927,10
channel-0,4039887,30337924,30337933,9
channel-85077,60939,30337929,30337941,12
channel-75,845302,30337935,30337942,7
channel-0,4039888,30337938,30337950,12
channel-750,684339,30337940,30337944,4
channel-85077,60940,30337943,30337958,15
channel-199,132834,30337945,30337961,16
channel-6994,1325721,30337945,30337957,12
channel-750,684340,30337946,30337961,15
channel-89321,19528,30337958,30337965,7
channel-20082,9901,30337961,30338011,50
channel-2186,40803,30337961,30337972,11
channel-85077,60941,30337961,30337968,7
channel-783,104366,30337962,30337969,7
channel-229,55044,30337962,30337977,15
channel-6994,1325722,30337965,30337972,7
channel-750,684341,30337967,30337974,7
channel-259,314449,30337967,30338011,44
channel-0,4039889,30337967,30337981,14
channel-750,684342,30337967,30337974,7
channel-783,104367,30337969,30337974,5
channel-642,126541,30337971,30337979,8
channel-750,684343,30337972,30337985,13
channel-6994,1325723,30337972,30337978,6
channel-6994,1325724,30337972,30337978,6
channel-4,167061,30337974,30337984,10
channel-750,684344,30337977,30337987,10
channel-750,684345,30337978,30337988,10
channel-208,1490903,30337979,30337986,7
channel-6994,1325725,30337984,30337993,9
channel-85077,60942,30337988,30337997,9
channel-6994,1325726,30337997,30338004,7
channel-0,4039890,30337998,30338007,9
channel-750,684346,30338015,30338027,12
channel-85077,60943,30338018,30338027,9
channel-208,1490904,30338028,30338039,11
channel-0,4039891,30338030,30338042,12
channel-0,4039892,30338031,30338042,11
channel-0,4039893,30338031,30338042,11
channel-6994,1325727,30338039,30338050,11
channel-750,684347,30338039,30338043,4
channel-750,684348,30338046,30338055,9
channel-750,684349,30338049,30338074,25
channel-750,684350,30338050,30338059,9
channel-6994,1325728,30338050,30338058,8
channel-6994,1325729,30338054,30338062,8
channel-259,314450,30338056,30338061,5
channel-6994,1325730,30338058,30338066,8
channel-0,4039894,30338059,30338072,13
channel-750,684351,30338062,30338066,4
channel-0,4039895,30338066,30338076,10
channel-6994,1325731,30338069,30338079,10
channel-750,684352,30338071,30338082,11
channel-6787,166788,30338078,30338083,5
channel-6994,1325732,30338079,30338088,9
channel-85077,60944,30338079,30338089,10
channel-412,64647,30338088,30338099,11
channel-208,1490905,30338089,30338102,13
channel-2494,31977,30338090,30338101,11
channel-0,4039896,30338104,30338116,12
channel-750,684353,30338110,30338127,17
channel-6994,1325733,30338114,30338126,12
channel-6994,1325734,30338116,30338126,10
channel-6994,1325735,30338117,30338126,9
channel-6994,1325736,30338118,30338126,8
channel-6994,1325737,30338119,30338144,25
channel-0,4039897,30338122,30338133,11
channel-642,126542,30338123,30338149,26
channel-89298,18725,30338126,30338137,11
channel-6994,1325738,30338127,30338135,8
channel-6994,1325739,30338129,30338144,15
channel-6994,1325740,30338133,30338148,15
channel-6994,1325741,30338139,30338148,9
channel-750,684354,30338142,30338146,4
channel-750,684355,30338143,30338153,10
channel-0,4039898,30338147,30338158,11
channel-0,4039899,30338149,30338158,9
channel-6994,1325742,30338149,30338161,12
channel-750,684356,30338177,30338199,22
channel-208,1490906,30338191,30338201,10
channel-750,684357,30338191,30338199,8
channel-0,4039900,30338192,30338220,28
channel-874,293419,30338200,30338208,8
channel-47,198645,30338201,30338212,11
channel-782,310275,30338201,30338211,10
channel-2494,31978,30338201,30338210,9
channel-750,684358,30338203,30338208,5
channel-6994,1325743,30338209,30338218,9
channel-6994,1325744,30338212,30338224,12
channel-750,684359,30338213,30338228,15
channel-782,310276,30338216,30338224,8
channel-642,126543,30338216,30338243,27
channel-85077,60945,30338220,30338229,9
channel-6994,1325745,30338230,30338239,9
channel-750,684360,30338236,30338259,23
channel-75,845303,30338238,30338259,21
channel-0,4039901,30338239,30338251,12
channel-19774,346140,30338241,30338250,9
channel-208,1490907,30338243,30338252,9
channel-85077,60946,30338246,30338258,12
channel-0,4039902,30338249,30338261,12
channel-750,684361,30338250,30338266,16
channel-750,684362,30338251,30338266,15
channel-143,128447,30338252,30338262,10
channel-89298,18726,30338260,30338268,8
channel-0,4039903,30338260,30338269,9
channel-85077,60947,30338262,30338270,8
channel-6994,1325746,30338268,30338279,11
channel-0,4039904,30338281,30338294,13
channel-750,684363,30338282,30338292,10
channel-4,167062,30338285,30338298,13
channel-259,314451,30338294,30338300,6
channel-6994,1325747,30338295,30338309,14
channel-750,684364,30338300,30338322,22
channel-259,314452,30338302,30338312,10
channel-1,408622,30338307,30338325,18
channel-6994,1325748,30338310,30338322,12
channel-38946,124293,30338318,30338348,30
channel-0,4039905,30338319,30338329,10
channel-259,314453,30338319,30338326,7
channel-750,684365,30338328,30338345,17
channel-326,538396,30338333,30338340,7
channel-6994,1325749,30338339,30338345,6
channel-6994,1325750,30338340,30338349,9
channel-6994,1325751,30338341,30338349,8
channel-143,128448,30338341,30338356,15
channel-75,845304,30338347,30338352,5
channel-750,684366,30338350,30338379,29
channel-6994,1325752,30338351,30338362,11
channel-6994,1325753,30338352,30338365,13
channel-750,684367,30338355,30338376,21
channel-750,684368,30338358,30338376,18
channel-750,684369,30338366,30338382,16
channel-750,684370,30338367,30338385,18
channel-6994,1325754,30338369,30338379,10
channel-750,684371,30338374,30338379,5
channel-750,684372,30338374,30338391,17
channel-750,684373,30338375,30338386,11
channel-1,408623,30338378,30338388,10
channel-326,538397,30338378,30338384,6
channel-750,684374,30338379,30338407,28
channel-208,1490908,30338379,30338391,12
channel-750,684375,30338380,30338392,12
channel-6994,1325755,30338383,30338392,9
channel-85077,60948,30338384,30338395,11
channel-750,684376,30338391,30338396,5
channel-0,4039906,30338391,30338403,12
channel-143,128449,30338394,30338407,13
channel-89298,18727,30338396,30338406,10
channel-0,4039907,30338397,30338407,10
channel-6994,1325756,30338398,30338409,11
channel-1,408624,30338407,30338425,18
channel-6994,1325757,30338412,30338423,11
channel-750,684377,30338413,30338444,31
channel-6994,1325758,30338415,30338428,13
channel-750,684378,30338415,30338427,12
channel-85077,60949,30338419,30338429,10
channel-143,128450,30338426,30338436,10
channel-1,408625,30338428,30338440,12
channel-783,104368,30338433,30338443,10
channel-85077,60950,30338435,30338444,9
channel-750,684379,30338437,30338451,14
channel-208,1490909,30338441,30338451,10
channel-874,293420,30338446,30338932,486
channel-750,684380,30338447,30338456,9
channel-75,845305,30338447,30338454,7
channel-320,119271,30338450,30338504,54
channel-85077,60951,30338452,30338459,7
channel-85077,60952,30338452,30338459,7
channel-0,4039908,30338453,30338465,12
channel-750,684381,30338460,30338472,12
channel-6994,1325759,30338463,30338473,10
channel-85077,60953,30338466,30338476,10
channel-6994,1325760,30338467,30338476,9
channel-2,130683,30338474,30338491,17
channel-0,4039909,30338480,30338490,10
channel-750,684382,30338481,30338498,17
channel-750,684383,30338497,30338514,17
channel-75,845306,30338497,30338504,7
channel-750,684384,30338504,30338514,10
channel-6994,1325761,30338505,30338518,13
channel-750,684385,30338508,30338518,10
channel-750,684386,30338514,30338518,4
channel-1,408626,30338515,30338530,15
channel-19774,346141,30338518,30338528,10
channel-750,684387,30338519,30338535,16
channel-782,310277,30338523,30338532,9
channel-73755,5852,30338526,30338535,9
channel-0,4039910,30338527,30338539,12
channel-6994,1325762,30338527,30338537,10
channel-75,845307,30338528,30338536,8
channel-750,684388,30338532,30338544,12
channel-750,684389,30338532,30338540,8
channel-750,684390,30338537,30338549,12
channel-0,4039911,30338539,30338547,8
channel-19774,346142,30338539,30338549,10
channel-750,684391,30338542,30338552,10
channel-750,684392,30338542,30338555,13
channel-750,684393,30338544,30338548,4
channel-19774,346143,30338544,30338554,10
channel-750,684394,30338546,30338557,11
channel-6994,1325763,30338548,30338560,12
channel-208,1490910,30338549,30338561,12
channel-19774,346144,30338551,30338565,14
channel-0,4039912,30338551,30338562,11
channel-6994,1325764,30338555,30338565,10
channel-208,1490911,30338556,30338566,10
channel-0,4039913,30338560,30338571,11
channel-781,11381,30338560,30338567,7
channel-750,684395,30338564,30338574,10
channel-85077,60954,30338564,30338595,31
channel-750,684396,30338569,30338598,29
channel-750,684397,30338569,30338580,11
channel-750,684398,30338569,30338580,11
channel-750,684399,30338574,30338584,10
channel-208,1490912,30338575,30338582,7
channel-320,119272,30338575,30338613,38
channel-320,119273,30338576,30338594,18
channel-19774,346145,30338576,30338584,8
channel-6994,1325765,30338581,30338594,13
channel-143,128451,30338586,30338611,25
channel-874,293421,30338587,30338932,345
channel-0,4039914,30338589,30338601,12
channel-750,684400,30338591,30338605,14
channel-362,86684,30338601,30338611,10
channel-259,314454,30338601,30338608,7
channel-0,4039915,30338609,30338621,12
channel-88,467207,30338616,30338632,16
channel-0,4039916,30338616,30338625,9
channel-85077,60955,30338618,30338626,8
channel-19774,346146,30338628,30338639,11
channel-6994,1325766,30338629,30338638,9
channel-6994,1325767,30338634,30338642,8
channel-750,684401,30338637,30338654,17
channel-2,130684,30338641,30338654,13
channel-208,1490913,30338650,30338657,7
channel-750,684402,30338656,30338661,5
channel-6994,1325768,30338658,30338668,10
channel-0,4039917,30338671,30338698,27
channel-73755,5853,30338672,30338677,5
channel-6994,1325769,30338673,30338684,11
channel-6994,1325770,30338675,30338684,9
channel-89298,18728,30338675,30338687,12
channel-874,293422,30338679,30338932,253
channel-750,684403,30338690,30338702,12
channel-2188,43848,30338693,30338699,6
channel-208,1490914,30338693,30338703,10
channel-122,668292,30338693,30338697,4
channel-750,684404,30338700,30338725,25
channel-0,4039918,30338701,30338733,32
channel-0,4039919,30338711,30338723,12
channel-75,845308,30338715,30338723,8
channel-6994,1325771,30338716,30338728,12
channel-326,538398,30338717,30338724,7
channel-326,538399,30338717,30338724,7
channel-2188,43849,30338718,30338723,5
channel-750,684405,30338725,30338741,16
channel-750,684406,30338735,30338739,4
channel-2494,31979,30338739,30338746,7
channel-2188,43850,30338741,30338745,4
channel-0,4039920,30338746,30338757,11
channel-750,684407,30338752,30338774,22
channel-85077,60956,30338753,30338764,11
channel-91017,2911,30338753,30338779,26
channel-6994,1325772,30338754,30338766,12
channel-2188,43851,30338762,30338767,5
channel-412,64648,30338767,30338776,9
channel-874,293423,30338772,30340432,1660
channel-750,684408,30338777,30338787,10
channel-750,684409,30338779,30338792,13
channel-259,314455,30338782,30338788,6
channel-2188,43852,30338786,30338790,4
channel-6994,1325773,30338788,30338797,9
channel-750,684410,30338796,30338809,13
channel-750,684411,30338799,30338813,14
channel-85077,60957,30338799,30338811,12
channel-208,1490915,30338800,30338810,10
channel-750,684412,30338803,30338815,12
channel-2188,43853,30338809,30338813,4
channel-4,167063,30338814,30338823,9
channel-750,684413,30338819,30338832,13
channel-750,684414,30338823,30338842,19
channel-2188,43854,30338832,30338836,4
channel-750,684415,30338838,30338848,10
channel-208,1490916,30338839,30338845,6
channel-208,1490917,30338840,30338850,10
channel-750,684416,30338841,30338852,11
channel-259,314456,30338843,30338852,9
channel-750,684417,30338844,30338848,4
channel-750,684418,30338847,30338857,10
channel-85077,60958,30338848,30338858,10
channel-2188,43855,30338850,30338854,4
channel-0,4039921,30338854,30338867,13
channel-326,538400,30338858,30338865,7
channel-259,314457,30338859,30338866,7
channel-0,4039922,30338869,30338878,9
channel-2188,43856,30338875,30338879,4
channel-259,314458,30338877,30338883,6
channel-750,684419,30338884,30338892,8
channel-750,684420,30338886,30338908,22
channel-89321,19529,30338888,30338913,25
channel-1279,67138,30338896,30338913,17
channel-204,670852,30338899,30338909,10
channel-2188,43857,30338899,30338903,4
channel-122,668293,30338901,30338904,3
channel-6994,1325774,30338905,30338918,13
channel-229,55045,30338906,30338917,11
channel-208,1490918,30338913,30338924,11
channel-642,126544,30338915,30338924,9
channel-94814,3792,30338919,30338925,6
channel-412,64649,30338920,30338925,5
channel-2188,43858,30338924,30338929,5
channel-750,684421,30338925,30338935,10
channel-0,4039923,30338928,30338936,8
channel-0,4039924,30338931,30338941,10
channel-0,4039925,30338932,30338941,9
channel-750,684422,30338941,30338954,13
channel-199,132835,30338942,30338951,9
channel-6994,1325775,30338942,30338951,9
channel-750,684423,30338946,30338967,21
channel-6994,1325776,30338954,30338967,13
channel-750,684424,30338957,30338967,10
channel-6994,1325777,30338993,30339004,11
channel-750,684425,30338994,30339003,9
channel-85077,60959,30339000,30339008,8
channel-750,684426,30339005,30339012,7
channel-750,684427,30339026,30339035,9
channel-0,4039926,30339040,30339050,10
channel-750,684428,30339041,30339048,7
channel-783,104369,30339057,30339066,9
channel-326,538401,30339060,30339068,8
channel-0,4039927,30339066,30339077,11
channel-750,684429,30339066,30339077,11
channel-258,17760,30339069,30339075,6
channel-0,4039928,30339074,30339086,12
channel-750,684430,30339080,30339085,5
channel-91017,2912,30339083,30339095,12
channel-750,684431,30339094,30339103,9
channel-750,684432,30339095,30339100,5
channel-89298,18729,30339095,30339105,10
channel-6787,166789,30339095,30339101,6
channel-326,538402,30339104,30339109,5
channel-750,684433,30339105,30339116,11
channel-208,1490919,30339107,30339120,13
channel-750,684434,30339118,30339128,10
channel-0,4039929,30339126,30339133,7
channel-0,4039930,30339129,30339138,9
channel-2188,43859,30339141,30339146,5
channel-750,684435,30339145,30339163,18
channel-326,538403,30339147,30339152,5
channel-0,4039931,30339152,30339174,22
channel-85077,60960,30339155,30339161,6
channel-6994,1325778,30339159,30339171,12
channel-143,128452,30339161,30339171,10
channel-750,684436,30339164,30339174,10
channel-750,684437,30339168,30339172,4
channel-522,40447,30339170,30339176,6
channel-6994,1325779,30339176,30339186,10
channel-750,684438,30339177,30339182,5
channel-6994,1325780,30339180,30339189,9
channel-2188,43860,30339186,30339190,4
channel-38946,124294,30339194,30339206,12
channel-6994,1325781,30339196,30339208,12
channel-750,684439,30339206,30339230,24
channel-2494,31980,30339207,30339217,10
channel-2188,43861,30339211,30339215,4
channel-21113,25358,30339211,30339220,9
channel-6994,1325782,30339212,30339221,9
channel-122,668294,30339219,30339224,5
channel-199,132836,30339230,30339242,12
channel-6994,1325783,30339231,30339244,13
channel-208,1490920,30339235,30339246,11
channel-750,684440,30339240,30339251,11
channel-89298,18730,30339240,30339250,10
channel-2188,43862,30339243,30339247,4
channel-326,538404,30339243,30339263,20
channel-6994,1325784,30339246,30339272,26
channel-4,167064,30339254,30339263,9
channel-2494,31981,30339254,30339263,9
channel-6994,1325785,30339255,30339267,12
channel-1,408627,30339260,30339273,13
channel-750,684441,30339267,30339291,24
channel-6994,1325786,30339270,30339295,25
channel-6994,1325787,30339273,30339281,8
channel-750,684442,30339277,30339282,5
channel-72,516474,30339279,30339310,31
channel-6994,1325788,30339279,30339289,10
channel-750,684443,30339285,30339295,10
channel-89321,19530,30339286,30339302,16
channel-208,1490921,30339286,30339298,12
channel-91017,2913,30339289,30339299,10
channel-6994,1325789,30339290,30339298,8
channel-89298,18731,30339292,30339302,10
channel-6994,1325790,30339295,30339307,12
channel-783,104370,30339301,30339308,7
channel-750,684444,30339302,30339307,5
channel-85077,60961,30339305,30339316,11
channel-750,684445,30339305,30339311,6
channel-750,684446,30339309,30339342,33
channel-2188,43863,30339310,30339317,7
channel-642,126545,30339314,30339325,11
channel-6994,1325791,30339314,30339325,11
channel-6994,1325792,30339321,30339330,9
channel-750,684447,30339321,30339328,7
channel-750,684448,30339326,30339342,16
channel-0,4039932,30339326,30339332,6
channel-6994,1325793,30339328,30339339,11
channel-208,1490922,30339332,30339341,9
channel-2188,43864,30339333,30339337,4
channel-85077,60962,30339333,30339342,9
channel-750,684449,30339340,30339345,5
channel-782,310278,30339340,30339347,7
channel-326,538405,30339340,30339347,7
channel-0,4039933,30339348,30339358,10
channel-750,684450,30339351,30339369,18
channel-6994,1325794,30339362,30339370,8
channel-91017,2914,30339373,30339416,43
channel-75755,5554,30339395,30339407,12
channel-1,408628,30339396,30339409,13
channel-6994,1325795,30339397,30339409,12
channel-208,1490923,30339399,30339412,13
channel-0,4039934,30339404,30339415,11
channel-89321,19531,30339405,30339417,12
channel-208,1490924,30339405,30339417,12
channel-0,4039935,30339406,30339415,9
channel-0,4039936,30339412,30339423,11
channel-326,538406,30339426,30339455,29
channel-326,538407,30339426,30339921,495
channel-326,538408,30339426,30339921,495
channel-326,538409,30339426,30339921,495
channel-326,538410,30339426,30339445,19
channel-326,538411,30339426,30339921,495
channel-326,538412,30339426,30339921,495
channel-0,4039937,30339428,30339455,27
channel-0,4039938,30339432,30339445,13
channel-0,4039939,30339437,30339448,11
channel-6994,1325796,30339438,30339449,11
channel-750,684451,30339453,30339460,7
channel-184,137451,30339459,30339472,13
channel-6994,1325797,30339461,30339472,11
channel-0,4039940,30339466,30339477,11
channel-208,1490925,30339475,30339484,9
channel-208,1490926,30339475,30339484,9
channel-1,408629,30339497,30339520,23
channel-6994,1325798,30339499,30339511,12
channel-122,668295,30339508,30339513,5
channel-208,1490927,30339518,30339527,9
channel-0,4039941,30339523,30339535,12
channel-19774,346147,30339528,30339537,9
channel-122,668296,30339532,30339535,3
channel-85077,60963,30339540,30339549,9
channel-122,668297,30339546,30339551,5
channel-208,1490928,30339546,30339559,13
channel-208,1490929,30339559,30339568,9
channel-750,684452,30339559,30339574,15
channel-750,684453,30339561,30339570,9
channel-0,4039942,30339577,30339587,10
channel-750,684454,30339577,30339581,4
channel-208,1490930,30339594,30339602,8
channel-2,130685,30339602,30339613,11
channel-750,684455,30339603,30339616,13
channel-122,668298,30339605,30339609,4
channel-85077,60964,30339609,30339619,10
channel-340,3198,30339618,30339628,10
channel-0,4039943,30339621,30339631,10
channel-4,167065,30339621,30339633,12
channel-0,4039944,30339632,30339641,9
channel-85077,60965,30339650,30339661,11
channel-750,684456,30339651,30339661,10
channel-251,85274,30339661,30339671,10
channel-85077,60966,30339662,30339674,12
channel-6994,1325799,30339673,30339686,13
channel-216,94293,30339684,30339767,83
channel-208,1490931,30339697,30339708,11
channel-8945,17763,30339697,30339707,10
channel-122,668299,30339697,30339701,4
channel-783,104371,30339699,30339707,8
channel-750,684457,30339703,30339727,24
channel-199,132837,30339707,30339715,8
channel-89298,18732,30339708,30339717,9
channel-6994,1325800,30339708,30339721,13
channel-6787,166790,30339712,30339716,4
channel-320,119274,30339715,30339747,32
channel-0,4039945,30339720,30339731,11
channel-320,119275,30339721,30339740,19
channel-1,408630,30339731,30339742,11
channel-326,538413,30339735,30339742,7
channel-208,1490932,30339737,30339748,11
channel-208,1490933,30339740,30339748,8
channel-85077,60967,30339742,30339752,10
channel-750,684458,30339758,30339781,23
channel-326,538414,30339759,30339764,5
channel-122,668300,30339767,30339771,4
channel-750,684459,30339775,30339785,10
channel-85077,60968,30339782,30339790,8
channel-6787,166791,30339788,30339792,4
channel-208,1490934,30339789,30339798,9
channel-20082,9902,30339795,30339808,13
channel-20082,9903,30339798,30339808,10
channel-750,684460,30339803,30339812,9
channel-0,4039946,30339804,30339813,9
channel-750,684461,30339814,30339837,23
channel-208,1490935,30339827,30339837,10
channel-6994,1325801,30339845,30339855,10
channel-326,538415,30339845,30339854,9
channel-19774,346148,30339850,30339858,8
channel-750,684462,30339850,30339862,12
channel-204,670853,30339861,30339903,42
channel-208,1490936,30339870,30339880,10
channel-750,684463,30339875,30339896,21
channel-73755,5854,30339883,30339891,8
channel-750,684464,30339893,30339905,12
channel-85077,60969,30339894,30339903,9
channel-199,132838,30339900,30339912,12
channel-6994,1325802,30339901,30339911,10
channel-750,684465,30339903,30339915,12
channel-750,684466,30339905,30339925,20
channel-199,132839,30339909,30339921,12
channel-750,684467,30339912,30339917,5
channel-208,1490937,30339912,30339926,14
channel-6994,1325803,30339915,30339926,11
channel-6994,1325804,30339915,30339926,11
channel-750,684468,30339917,30339922,5
channel-85077,60970,30339917,30339925,8
channel-6994,1325805,30339931,30339944,13
channel-85077,60971,30339935,30339945,10
channel-750,684469,30339951,30339964,13
channel-6994,1325806,30339951,30339959,8
channel-122,668301,30339953,30339968,15
channel-91017,2915,30339954,30339962,8
channel-1,408631,30339958,30339969,11
channel-750,684470,30339959,30339963,4
channel-750,684471,30339961,30339968,7
channel-0,4039947,30339962,30339974,12
channel-6994,1325807,30339962,30339977,15
channel-122,668302,30339968,30339972,4
channel-0,4039948,30339968,30339979,11
channel-320,119276,30339975,30339982,7
channel-232,49221,30339977,30339990,13
channel-750,684472,30339977,30339988,11
channel-42,1490079,30339977,30339989,12
channel-0,4039949,30339982,30340000,18
channel-750,684473,30339984,30339994,10
channel-208,1490938,30339990,30339999,9
channel-216,94294,30339993,30340066,73
channel-750,684474,30339998,30340020,22
channel-208,1490939,30340003,30340015,12
channel-750,684475,30340013,30340026,13
channel-38946,124295,30340025,30340045,20
channel-750,684476,30340036,30340050,14
channel-122,668303,30340039,30340043,4
channel-750,684477,30340045,30340055,10
channel-208,1490940,30340048,30340056,8
channel-73755,5855,30340052,30340058,6
channel-0,4039950,30340054,30340074,20
channel-0,4039951,30340057,30340069,12
channel-750,684478,30340058,30340086,28
channel-0,4039952,30340063,30340074,11
channel-89298,18733,30340063,30340073,10
channel-750,684479,30340072,30340084,12
channel-1,408632,30340080,30340092,12
channel-750,684480,30340086,30340090,4
channel-750,684481,30340094,30340105,11
channel-750,684482,30340095,30340100,5
channel-0,4039953,30340098,30340107,9
channel-0,4039954,30340102,30340112,10
channel-750,684483,30340105,30340115,10
channel-0,4039955,30340107,30340118,11
channel-6994,1325808,30340112,30340122,10
channel-782,310279,30340113,30340122,9
channel-143,128453,30340114,30340134,20
channel-750,684484,30340123,30340149,26
channel-750,684485,30340126,30340139,13
channel-85077,60972,30340136,30340146,10
channel-6994,1325809,30340144,30340158,14
channel-750,684486,30340144,30340153,9
channel-6994,1325810,30340145,30340158,13
channel-94814,3793,30340146,30340155,9
channel-750,684487,30340149,30340159,10
channel-6994,1325811,30340155,30340164,9
channel-0,4039956,30340160,30340172,12
channel-85077,60973,30340163,30340172,9
channel-42,1490080,30340171,30340182,11
channel-750,684488,30340173,30340178,5
channel-750,684489,30340179,30340190,11
channel-259,314459,30340187,30340194,7
channel-19774,346149,30340189,30340201,12
channel-208,1490941,30340190,30340200,10
channel-750,684490,30340192,30340205,13
channel-108,39865,30340200,30340224,24
channel-19774,346150,30340205,30340213,8
channel-0,4039957,30340212,30340225,13
channel-874,293424,30340218,30340223,5
channel-6994,1325812,30340222,30340235,13
channel-6994,1325813,30340223,30340235,12
channel-750,684491,30340226,30340242,16
channel-204,670854,30340231,30340239,8
channel-122,668304,30340236,30340241,5
channel-0,4039958,30340236,30340243,7
channel-750,684492,30340242,30340247,5
channel-750,684493,30340243,30340253,10
channel-208,1490942,30340247,30340256,9
channel-6994,1325814,30340251,30340262,11
channel-94814,3794,30340254,30340276,22
channel-97998,57,30340256,30340261,5
channel-0,4039959,30340269,30340282,13
channel-75,845309,30340277,30340284,7
channel-0,4039960,30340283,30340292,9
channel-0,4039961,30340286,30340296,10
channel-874,293425,30340287,30340291,4
channel-750,684494,30340290,30340299,9
channel-259,314460,30340292,30340298,6
channel-0,4039962,30340301,30340311,10
channel-0,4039963,30340311,30340320,9
channel-19774,346151,30340311,30340320,9
channel-750,684495,30340312,30340316,4
channel-326,538416,30340322,30340329,7
channel-85077,60974,30340326,30340339,13
channel-1,408633,30340329,30340339,10
channel-1575,15201,30340330,30340338,8
channel-0,4039964,30340351,30340362,11
channel-19774,346152,30340351,30340361,10
channel-85077,60975,30340351,30340360,9
channel-0,4039965,30340351,30340362,11
channel-0,4039966,30340353,30340365,12
channel-6994,1325815,30340363,30340372,9
channel-750,684496,30340370,30340384,14
channel-783,104372,30340370,30340377,7
channel-412,64650,30340372,30340380,8
channel-0,4039967,30340375,30340388,13
channel-750,684497,30340377,30340388,11
channel-6994,1325816,30340378,30340402,24
channel-208,1490943,30340383,30340393,10
channel-0,4039968,30340390,30340401,11
channel-75,845310,30340397,30340403,6
channel-6994,1325817,30340404,30340412,8
channel-0,4039969,30340405,30340412,7
channel-199,132840,30340410,30340422,12
channel-208,1490944,30340423,30340434,11
channel-19774,346153,30340435,30340442,7
channel-874,293426,30340441,30340447,6
channel-91017,2916,30340450,30340525,75
channel-122,668305,30340458,30340463,5
channel-1,408634,30340460,30340469,9
channel-6994,1325818,30340492,30340502,10
channel-750,684498,30340500,30340503,3
channel-6787,166792,30340501,30340503,2
channel-229,55046,30340503,30340517,14
channel-783,104373,30340504,30340513,9
channel-874,293427,30340505,30340520,15
channel-750,684499,30340507,30340513,6
channel-874,293428,30340512,30340517,5
channel-750,684500,30340512,30340516,4
channel-208,1490945,30340513,30340523,10
channel-148,16095,30340520,30340528,8
channel-208,1490946,30340525,30340537,12
channel-19774,346154,30340530,30340539,9
channel-1,408635,30340535,30340549,14
channel-0,4039970,30340535,30340547,12
channel-6787,166793,30340535,30340539,4
channel-6994,1325819,30340546,30340558,12
channel-412,64651,30340560,30340572,12
channel-208,1490947,30340561,30340570,9
channel-0,4039971,30340571,30340579,8
channel-6994,1325820,30340571,30340596,25
channel-75,845311,30340576,30340583,7
channel-6787,166794,30340586,30340590,4
channel-199,132841,30340592,30340606,14
channel-0,4039972,30340601,30340612,11
channel-6994,1325821,30340609,30340617,8
channel-6994,1325822,30340611,30340621,10
channel-6787,166795,30340613,30340617,4
channel-1429,140789,30340615,30340621,6
channel-208,1490948,30340617,30340626,9
channel-783,104374,30340618,30340625,7
channel-1,408636,30340620,30340638,18
channel-750,684501,30340627,30340637,10
channel-208,1490949,30340638,30340649,11
channel-0,4039973,30340638,30340651,13
channel-0,4039974,30340643,30340668,25
channel-6994,1325823,30340648,30340658,10
channel-750,684502,30340654,30340662,8
channel-2,130686,30340656,30340666,10
channel-85077,60976,30340662,30340669,7
channel-750,684503,30340662,30340664,2
channel-97998,58,30340666,30340673,7
channel-122,668306,30340668,30340671,3
channel-874,293429,30340670,30340688,18
channel-122,668307,30340670,30340675,5
channel-326,538417,30340674,30340700,26
channel-73755,5856,30340688,30340696,8
channel-85077,60977,30340696,30340705,9
channel-6994,1325824,30340697,30340711,14
channel-750,684504,30340701,30340706,5
channel-76971,12255,30340702,30340729,27
channel-326,538418,30340706,30340712,6
channel-199,132842,30340715,30340725,10
channel-89298,18734,30340722,30340731,9
channel-144,86701,30340722,30340733,11
channel-0,4039975,30340724,30340732,8
channel-122,668308,30340733,30340737,4
channel-143,128454,30340742,30340751,9
channel-144,86702,30340744,30340751,7
channel-6994,1325825,30340757,30340768,11
channel-113,301362,30340758,30340800,42
channel-143,128455,30340793,30340803,10
channel-6994,1325826,30340793,30340801,8
channel-208,1490950,30340795,30340808,13
channel-91017,2917,30340816,30340925,109
channel-340,3199,30340826,30340835,9
channel-85077,60978,30340828,30340833,5
channel-208,1490951,30340829,30340835,6
channel-89298,18735,30340839,30340849,10
channel-6994,1325827,30340845,30340856,11
channel-0,4039976,30340846,30340857,11
channel-199,132843,30340857,30340886,29
channel-85077,60979,30340865,30340874,9
channel-85077,60980,30340871,30340882,11
channel-6994,1325828,30340877,30340887,10
channel-326,538419,30340883,30340888,5
channel-1,408637,30340885,30340899,14
channel-232,49222,30340901,30340912,11
channel-75,845312,30340913,30340922,9
channel-85077,60981,30340917,30340924,7
channel-208,1490952,30340918,30340925,7
channel-0,4039977,30340930,30340938,8
channel-767,14380,30340948,30340960,12
channel-0,4039978,30340960,30340971,11
channel-6994,1325829,30340968,30340981,13
channel-232,49223,30340968,30340981,13
channel-6994,1325830,30340980,30340990,10
channel-85077,60982,30340981,30340992,11
channel-85077,60983,30340990,30340998,8
channel-6994,1325831,30340995,30341004,9
channel-85077,60984,30340999,30341008,9
channel-208,1490953,30341000,30341012,12
channel-340,3200,30341005,30341014,9
channel-6994,1325832,30341006,30341017,11
channel-0,4039979,30341008,30341028,20
channel-6994,1325833,30341015,30341026,11
channel-2188,43865,30341019,30341024,5
channel-143,128456,30341035,30341058,23
channel-0,4039980,30341037,30341049,12
channel-85077,60985,30341039,30341049,10
channel-326,538420,30341055,30341064,9
channel-89298,18736,30341058,30341066,8
channel-79241,952,30341058,30341070,12
channel-750,684505,30341069,30341089,20
channel-0,4039981,30341075,30341099,24
channel-4,167066,30341079,30341112,33
channel-229,55047,30341088,30341099,11
channel-91942,128,30341098,30341127,29
channel-85077,60986,30341101,30341112,11
channel-122,668309,30341108,30341112,4
channel-95,331602,30341109,30341121,12
channel-51,20931,30341117,30341135,18
channel-0,4039982,30341124,30341135,11
channel-750,684506,30341125,30341132,7
channel-750,684507,30341130,30341135,5
channel-0,4039983,30341138,30341149,11
channel-199,132844,30341146,30341154,8
channel-6994,1325834,30341150,30348146,6996
channel-19774,346155,30341157,30341165,8
channel-320,119277,30341161,30341187,26
channel-0,4039984,30341162,30341175,13
channel-6994,1325835,30341166,30341177,11
channel-72,516475,30341169,30341221,52
channel-19774,346156,30341174,30341186,12
channel-6994,1325836,30341178,30341186,8
channel-229,55048,30341185,30341195,10
channel-874,293430,30341190,30341196,6
channel-750,684508,30341201,30341206,5
channel-6994,1325837,30341202,30341213,11
channel-216,94295,30341208,30341280,72
channel-143,128457,30341211,30341221,10
channel-326,538421,30341213,30341236,23
channel-94814,3795,30341215,30341226,11
channel-6994,1325838,30341218,30341230,12
channel-208,1490954,30341222,30341232,10
channel-750,684509,30341223,30341230,7
channel-2188,43866,30341236,30341241,5
channel-89298,18737,30341236,30341247,11
channel-89321,19532,30341243,30341259,16
channel-89321,19533,30341248,30341267,19
channel-208,1490955,30341255,30341267,12
channel-208,1490956,30341257,30341267,10
channel-750,684510,30341274,30341283,9
channel-6994,1325839,30341302,30341332,30
channel-184,137452,30341304,30341313,9
channel-38946,124296,30341306,30341324,18
channel-750,684511,30341307,30341312,5
channel-259,314461,30341308,30341331,23
channel-6994,1325840,30341312,30341347,35
channel-0,4039985,30341312,30341321,9
channel-6994,1325841,30341312,30341324,12
channel-199,132845,30341320,30341331,11
channel-750,684512,30341328,30341337,9
channel-89321,19534,30341333,30341347,14
channel-874,293431,30341334,30341339,5
channel-143,128458,30341339,30341354,15
channel-0,4039986,30341339,30341346,7
channel-783,104375,30341345,30341357,12
channel-326,538422,30341347,30341353,6
channel-0,4039987,30341379,30341390,11
channel-6,66641,30341387,30341402,15
channel-184,137453,30341405,30341420,15
channel-2188,43867,30341409,30341413,4
channel-143,128459,30341411,30341421,10
channel-750,684513,30341415,30341420,5
channel-89321,19535,30341419,30341443,24
channel-750,684514,30341420,30341425,5
channel-0,4039988,30341426,30341437,11
channel-204,670855,30341433,30341437,4
channel-2188,43868,30341437,30341442,5
channel-783,104376,30341442,30341451,9
channel-750,684515,30341446,30341450,4
channel-6787,166796,30341452,30341456,4
channel-750,684516,30341454,30341460,6
channel-199,132846,30341454,30341464,10
channel-750,684517,30341459,30341464,5
channel-2188,43869,30341460,30341464,4
channel-750,684518,30341462,30341466,4
channel-6994,1325842,30341467,30341477,10
channel-0,4039989,30341475,30341488,13
channel-2188,43870,30341481,30341486,5
channel-85077,60987,30341481,30341491,10
channel-750,684519,30341482,30341487,5
channel-88,467208,30341487,30341518,31
channel-85077,60988,30341494,30341503,9
channel-0,4039990,30341496,30341522,26
channel-4,167067,30341501,30341514,13
channel-0,4039991,30341504,30341517,13
channel-85077,60989,30341507,30341516,9
channel-874,293432,30341527,30341532,5
channel-122,668310,30341534,30341538,4
channel-85077,60990,30341535,30341547,12
channel-0,4039992,30341547,30341558,11
channel-750,684520,30341569,30341579,10
channel-85077,60991,30341584,30341594,10
channel-750,684521,30341586,30341593,7
channel-1,408638,30341590,30341601,11
channel-85077,60992,30341591,30341600,9
channel-1429,140790,30341594,30341604,10
channel-6994,1325843,30341596,30341606,10
channel-85077,60993,30341603,30341611,8
channel-0,4039993,30341603,30341616,13
channel-6994,1325844,30341605,30341614,9
channel-750,684522,30341606,30341618,12
channel-85077,60994,30341608,30341615,7
channel-208,1490957,30341611,30341623,12
channel-2188,43871,30341613,30341618,5
channel-85077,60995,30341613,30341623,10
channel-6994,1325845,30341614,30341624,10
channel-199,132847,30341617,30341628,11
channel-4,167068,30341617,30341629,12
channel-6994,1325846,30341624,30341633,9
channel-5,184355,30341625,30341636,11
channel-874,293433,30341625,30341674,49
channel-85077,60996,30341634,30341641,7
channel-208,1490958,30341637,30341646,9
channel-85077,60997,30341639,30341648,9
channel-0,4039994,30341642,30341653,11
channel-98451,56,30341645,30341662,17
channel-85077,60998,30341650,30341660,10
channel-6994,1325847,30341651,30341660,9
channel-750,684523,30341658,30341668,10
channel-75,845313,30341660,30341664,4
channel-2188,43872,30341663,30341668,5
channel-1429,140791,30341668,30341680,12
channel-199,132848,30341673,30341687,14
channel-2188,43873,30341678,30341682,4
channel-208,1490959,30341693,30341700,7
channel-412,64652,30341702,30341712,10
channel-326,538423,30341705,30341715,10
channel-97998,59,30341711,30341717,6
channel-874,293434,30341721,30341728,7
channel-85077,60999,30341722,30341731,9
channel-750,684524,30341731,30341742,11
channel-122,668311,30341735,30341739,4
channel-6994,1325848,30341756,30341766,10
channel-874,293435,30341756,30341765,9
channel-199,132849,30341756,30341764,8
channel-750,684525,30341760,30341779,19
channel-38946,124297,30341761,30341772,11
channel-122,668312,30341762,30341766,4
channel-0,4039995,30341765,30341776,11
channel-91017,2918,30341771,30341782,11
channel-6994,1325849,30341782,30341790,8
channel-85077,61000,30341791,30341800,9
channel-6994,1325850,30341796,30341823,27
channel-89298,18738,30341807,30341818,11
channel-6994,1325851,30341822,30341829,7
channel-0,4039996,30341824,30341834,10
channel-750,684526,30341829,30341834,5
channel-750,684527,30341832,30341838,6
channel-750,684528,30341833,30341838,5
channel-89321,19536,30341838,30341863,25
channel-19774,346157,30341840,30341849,9
channel-783,104377,30341852,30341858,6
channel-750,684529,30341856,30341860,4
channel-750,684530,30341864,30341869,5
channel-750,684531,30341868,30341872,4
channel-208,1490960,30341871,30341881,10
channel-782,310280,30341871,30341877,6
channel-75016,4667,30341889,30341911,22
channel-750,684532,30341892,30341908,16
channel-0,4039997,30341906,30341916,10
channel-75016,4668,30341910,30341931,21
channel-38946,124298,30341922,30341938,16
channel-75016,4669,30341925,30341944,19
channel-750,684533,30341943,30341948,5
channel-143,128460,30341949,30341963,14
channel-89298,18739,30341953,30341961,8
channel-0,4039998,30341961,30341972,11
channel-750,684534,30341963,30341974,11
channel-208,1490961,30341981,30341993,12
channel-89321,19537,30341983,30342002,19
channel-85077,61001,30341986,30342002,16
channel-0,4039999,30341997,30342009,12
channel-85077,61002,30342018,30342025,7
channel-79703,4460,30342037,30342049,12
channel-750,684535,30342040,30342050,10
channel-750,684536,30342040,30342058,18
channel-5485,1718,30342040,30342427,387
channel-204,670856,30342055,30342064,9
channel-122,668313,30342056,30342059,3
channel-6994,1325852,30342062,30342072,10
channel-6994,1325853,30342066,30342074,8
channel-750,684537,30342066,30342071,5
channel-143,128461,30342068,30342076,8
channel-750,684538,30342080,30342086,6
channel-6994,1325854,30342084,30342095,11
channel-85077,61003,30342087,30342097,10
channel-750,684539,30342111,30342116,5
channel-0,4040000,30342115,30342138,23
channel-6994,1325855,30342141,30342152,11
channel-75,845314,30342144,30342152,8
channel-122,668314,30342149,30342153,4
channel-208,1490962,30342180,30342192,12
channel-6994,1325856,30342204,30342218,14
channel-1429,140792,30342205,30342217,12
channel-2494,31982,30342213,30342227,14
channel-85077,61004,30342218,30342226,8
channel-0,4040001,30342227,30342233,6
channel-2494,31983,30342231,30342239,8
channel-85077,61005,30342250,30342263,13
channel-115,20433,30342272,30342282,10
channel-0,4040002,30342280,30342293,13
channel-251,85275,30342281,30342294,13
channel-783,104378,30342290,30342299,9
channel-2494,31984,30342295,30342307,12
channel-782,310281,30342296,30342300,4
channel-208,1490963,30342305,30342314,9
channel-85077,61006,30342307,30342317,10
channel-72,516476,30342331,30342397,66
channel-204,670857,30342340,30342347,7
channel-85077,61007,30342353,30342362,9
channel-2494,31985,30342355,30342365,10
channel-143,128462,30342357,30342370,13
channel-85077,61008,30342359,30342370,11
channel-85077,61009,30342362,30342378,16
channel-1,408639,30342363,30342372,9
channel-522,40448,30342368,30342376,8
channel-750,684540,30342370,30342392,22
channel-6994,1325857,30342379,30342391,12
channel-208,1490964,30342386,30342395,9
channel-208,1490965,30342403,30342412,9
channel-85077,61010,30342406,30342415,9
channel-122,668315,30342411,30342414,3
channel-6994,1325858,30342414,30342424,10
channel-6994,1325859,30342415,30342424,9
channel-199,132850,30342426,30342438,12
channel-750,684541,30342432,30342450,18
channel-6994,1325860,30342439,30342464,25
channel-0,4040003,30342441,30342451,10
channel-85077,61011,30342445,30342454,9
channel-204,670858,30342474,30342482,8
channel-750,684542,30342479,30342491,12
channel-208,1490966,30342482,30342492,10
channel-208,1490967,30342483,30342496,13
channel-750,684543,30342500,30342523,23
channel-1429,140793,30342503,30342525,22
channel-874,293436,30342507,30342512,5
channel-88,467209,30342507,30342520,13
channel-1429,140794,30342508,30342519,11
channel-1,408640,30342523,30342533,10
channel-208,1490968,30342540,30342553,13
channel-783,104379,30342550,30342558,8
channel-750,684544,30342556,30342577,21
channel-4,167069,30342570,30342585,15
channel-85077,61012,30342585,30342597,12
channel-85077,61013,30342589,30342600,11
channel-75,845315,30342590,30342596,6
channel-85077,61014,30342591,30342602,11
channel-874,293437,30342592,30342608,16
channel-750,684545,30342594,30342599,5
channel-122,668316,30342594,30342598,4
channel-47,198646,30342607,30342619,12
channel-85077,61015,30342612,30342620,8
channel-750,684546,30342616,30342640,24
channel-0,4040004,30342617,30342630,13
channel-6994,1325861,30342619,30342630,11
channel-89321,19538,30342620,30342629,9
channel-199,132851,30342630,30342643,13
channel-19774,346158,30342638,30342648,10
channel-75,845316,30342639,30342645,6
channel-750,684547,30342643,30342657,14
channel-199,132852,30342648,30342652,4
channel-85077,61016,30342650,30342659,9
channel-204,670859,30342650,30342656,6
channel-750,684548,30342650,30342654,4
channel-19774,346159,30342654,30342662,8
channel-750,684549,30342656,30342668,12
channel-750,684550,30342660,30342687,27
channel-750,684551,30342661,30342666,5
channel-6994,1325862,30342662,30342674,12
channel-750,684552,30342662,30342674,12
channel-0,4040005,30342667,30342691,24
channel-6994,1325863,30342670,30342679,9
channel-6787,166797,30342671,30342676,5
channel-874,293438,30342671,30342688,17
channel-0,4040006,30342673,30342682,9
channel-208,1490969,30342681,30342691,10
channel-0,4040007,30342681,30342691,10
channel-6994,1325864,30342689,30342697,8
channel-750,684553,30342691,30342695,4
channel-19774,346160,30342691,30342701,10
channel-73755,5857,30342692,30342700,8
channel-750,684554,30342696,30342719,23
channel-783,104380,30342703,30342711,8
channel-750,684555,30342703,30342708,5
channel-326,538424,30342704,30342708,4
channel-91017,2919,30342710,30342720,10
channel-750,684556,30342714,30342718,4
channel-6994,1325865,30342715,30342725,10
channel-6994,1325866,30342722,30342733,11
channel-88,467210,30342724,30342737,13
channel-783,104381,30342724,30342730,6
channel-89298,18740,30342728,30342740,12
channel-2,130687,30342735,30342749,14
channel-89321,19539,30342741,30342748,7
channel-88,467211,30342749,30342774,25
channel-6994,1325867,30342752,30342763,11
channel-750,684557,30342755,30342776,21
channel-6994,1325868,30342764,30342773,9
channel-0,4040008,30342768,30342778,10
channel-122,668317,30342771,30342775,4
channel-2188,43874,30342772,30342778,6
channel-6994,1325869,30342778,30342788,10
channel-750,684558,30342783,30342788,5
channel-750,684559,30342785,30342799,14
channel-2188,43875,30342788,30342792,4
channel-0,4040009,30342789,30342796,7
channel-750,684560,30342791,30342805,14
channel-750,684561,30342793,30342805,12
channel-122,668318,30342796,30342799,3
channel-783,104382,30342799,30342805,6
channel-750,684562,30342804,30342822,18
channel-6994,1325870,30342810,30342821,11
channel-0,4040010,30342810,30342824,14
channel-750,684563,30342811,30342824,13
channel-750,684564,30342818,30342839,21
channel-0,4040011,30342819,30342827,8
channel-750,684565,30342822,30342834,12
channel-0,4040012,30342830,30342840,10
channel-6994,1325871,30342830,30342840,10
channel-750,684566,30342832,30342836,4
channel-85077,61017,30342840,30342850,10
channel-98451,59,30342841,30342857,16
channel-750,684567,30342842,30342847,5
channel-750,684568,30342846,30342861,15
channel-750,684569,30342850,30342858,8
channel-98451,60,30342851,30342859,8
channel-6994,1325872,30342852,30342860,8
channel-750,684570,30342853,30342865,12
channel-750,684571,30342853,30342858,5
channel-750,684572,30342854,30342864,10
channel-6994,1325873,30342854,30342861,7
channel-0,4040013,30342855,30342880,25
channel-259,314462,30342858,30342863,5
channel-6994,1325874,30342858,30342869,11
channel-6994,1325875,30342859,30342869,10
channel-750,684573,30342864,30342876,12
channel-89321,19540,30342866,30342877,11
channel-1,408641,30342867,30342889,22
channel-208,1490970,30342868,30342880,12
channel-750,684574,30342869,30342885,16
channel-6994,1325876,30342869,30342879,10
channel-750,684575,30342876,30342890,14
channel-750,684576,30342879,30342902,23
channel-750,684577,30342880,30342891,11
channel-6994,1325877,30342884,30342893,9
channel-783,104383,30342885,30342892,7
channel-750,684578,30342888,30342895,7
channel-6994,1325878,30342888,30342898,10
channel-750,684579,30342892,30342903,11
channel-208,1490971,30342893,30342902,9
channel-208,1490972,30342894,30342902,8
channel-6994,1325879,30342895,30342903,8
channel-750,684580,30342901,30342906,5
channel-1,408642,30342902,30342910,8
channel-750,684581,30342908,30342921,13
channel-0,4040014,30342908,30342917,9
channel-88,467212,30342908,30342932,24
channel-750,684582,30342909,30342918,9
channel-229,55049,30342913,30342923,10
channel-208,1490973,30342914,30342928,14
channel-750,684583,30342923,30342937,14
channel-89298,18741,30342924,30342933,9
channel-750,684584,30342928,30342939,11
channel-1429,140795,30342931,30342940,9
channel-6994,1325880,30342935,30342946,11
channel-326,538425,30342941,30342946,5
channel-89298,18742,30342946,30342958,12
channel-98451,61,30342948,30342967,19
channel-750,684585,30342949,30342971,22
channel-750,684586,30342954,30342959,5
channel-0,4040015,30342955,30342967,12
channel-204,670860,30342965,30342971,6
channel-6994,1325881,30342967,30342976,9
channel-750,684587,30342974,30342979,5
channel-0,4040016,30342977,30342987,10
channel-75,845317,30342979,30342986,7
channel-85791,3780,30342979,30342987,8
channel-85077,61018,30342985,30342991,6
channel-184,137454,30342987,30342997,10
channel-143,128463,30342987,30342996,9
channel-326,538426,30342987,30342995,8
channel-750,684588,30342987,30342993,6
channel-750,684589,30342987,30343001,14
channel-6994,1325882,30342991,30342998,7
channel-89321,19541,30342991,30343002,11
channel-1429,140796,30342992,30343002,10
channel-88,467213,30342992,30343019,27
channel-750,684590,30342998,30343009,11
channel-750,684591,30343007,30343028,21
channel-6994,1325883,30343007,30343022,15
channel-88,467214,30343008,30343042,34
channel-75,845318,30343009,30343017,8
channel-6994,1325884,30343012,30343034,22
channel-874,293439,30343014,30343041,27
channel-783,104384,30343016,30343024,8
channel-750,684592,30343026,30343030,4
channel-750,684593,30343028,30343040,12
channel-0,4040017,30343028,30343053,25
channel-42,1490081,30343042,30343052,10
channel-326,538427,30343052,30343057,5
channel-750,684594,30343053,30343058,5
channel-750,684595,30343055,30343073,18
channel-6787,166798,30343062,30343067,5
channel-750,684596,30343071,30343090,19
channel-89321,19542,30343089,30343112,23
channel-750,684597,30343097,30343101,4
channel-750,684598,30343104,30343115,11
channel-782,310282,30343109,30343115,6
channel-6994,1325885,30343117,30343129,12
channel-6994,1325886,30343120,30343129,9
channel-75,845319,30343122,30343130,8
channel-326,538428,30343122,30343128,6
channel-0,4040018,30343124,30343136,12
channel-97998,60,30343126,30343131,5
channel-412,64653,30343142,30343165,23
channel-750,684599,30343143,30343147,4
channel-0,4040019,30343144,30343154,10
channel-750,684600,30343149,30343180,31
channel-874,293440,30343150,30343158,8
channel-326,538429,30343150,30343155,5
channel-750,684601,30343154,30343193,39
channel-1,408643,30343156,30343166,10
channel-750,684602,30343160,30343165,5
channel-6994,1325887,30343160,30343169,9
channel-750,684603,30343164,30343169,5
channel-326,538430,30343164,30343169,5
channel-0,4040020,30343175,30343187,12
channel-750,684604,30343177,30343182,5
channel-6994,1325888,30343183,30343212,29
channel-94814,3796,30343183,30343199,16
channel-326,538431,30343192,30343205,13
channel-874,293441,30343196,30343202,6
channel-6994,1325889,30343198,30343212,14
channel-750,684605,30343201,30343206,5
channel-72,516477,30343205,30343242,37
channel-750,684606,30343206,30343228,22
channel-750,684607,30343215,30343221,6
channel-204,670861,30343222,30343229,7
channel-208,1490974,30343225,30343238,13
channel-750,684608,30343228,30343233,5
channel-750,684609,30343237,30343243,6
channel-6994,1325890,30343240,30343262,22
channel-6994,1325891,30343240,30343262,22
channel-0,4040021,30343241,30343251,10
channel-229,55050,30343248,30343258,10
channel-85077,61019,30343255,30343267,12
channel-750,684610,30343261,30343275,14
channel-85077,61020,30343265,30343277,12
channel-89321,19543,30343272,30343279,7
channel-750,684611,30343273,30343298,25
channel-0,4040022,30343273,30343283,10
channel-6994,1325892,30343282,30343292,10
channel-208,1490975,30343288,30343297,9
channel-0,4040023,30343292,30343302,10
channel-0,4040024,30343294,30343307,13
channel-874,293442,30343305,30343310,5
channel-4,167070,30343306,30343316,10
channel-0,4040025,30343307,30343315,8
channel-85077,61021,30343309,30343319,10
channel-19774,346161,30343312,30343321,9
channel-326,538432,30343319,30343325,6
channel-208,1490976,30343322,30343332,10
channel-0,4040026,30343329,30343338,9
channel-750,684612,30343345,30343349,4
channel-199,132853,30343348,30343376,28
channel-522,40449,30343358,30343370,12
channel-208,1490977,30343359,30343370,11
channel-783,104385,30343365,30343543,178
channel-208,1490978,30343370,30343378,8
channel-1424,7360,30343375,30343384,9
channel-6994,1325893,30343375,30343388,13
channel-6994,1325894,30343381,30343402,21
channel-874,293443,30343381,30343389,8
channel-216,94296,30343389,30343459,70
channel-208,1490979,30343396,30343404,8
channel-89321,19544,30343396,30343406,10
channel-0,4040027,30343400,30343410,10
channel-6994,1325895,30343412,30343425,13
channel-0,4040028,30343412,30343425,13
channel-1424,7361,30343413,30343425,12
channel-216,94297,30343415,30343483,68
channel-6994,1325896,30343420,30343445,25
channel-208,1490980,30343421,30343431,10
channel-750,684613,30343424,30343428,4
channel-208,1490981,30343431,30343441,10
channel-208,1490982,30343431,30343441,10
channel-5,184356,30343439,30343449,10
channel-1424,7362,30343441,30343450,9
channel-42,1490082,30343460,30343467,7
channel-208,1490983,30343460,30343469,9
channel-6994,1325897,30343460,30343472,12
channel-208,1490984,30343465,30343474,9
channel-0,4040029,30343467,30343478,11
channel-75,845320,30343476,30343493,17
channel-6994,1325898,30343481,30343493,12
channel-184,137455,30343483,30343497,14
channel-75,845321,30343497,30343515,18
channel-122,668319,30343497,30343510,13
channel-208,1490985,30343508,30343518,10
channel-6994,1325899,30343509,30343520,11
channel-208,1490986,30343514,30343523,9
channel-326,538433,30343520,30343524,4
channel-208,1490987,30343528,30343539,11
channel-6994,1325900,30343539,30343550,11
channel-6787,166799,30343552,30343558,6
channel-188,190599,30343553,30343571,18
channel-326,538434,30343556,30343578,22
channel-326,538435,30343556,30343578,22
channel-326,538436,30343556,30343578,22
channel-326,538437,30343556,30343578,22
channel-326,538438,30343556,30343578,22
channel-326,538439,30343556,30343578,22
channel-750,684614,30343556,30343573,17
channel-326,538440,30343556,30343578,22
channel-750,684615,30343560,30343571,11
channel-199,132854,30343560,30343588,28
channel-6994,1325901,30343562,30343574,12
channel-6994,1325902,30343569,30343578,9
channel-1429,140797,30343571,30343584,13
channel-208,1490988,30343575,30343587,12
channel-750,684616,30343580,30343589,9
channel-750,684617,30343583,30343595,12
channel-169,117530,30343583,30343595,12
channel-750,684618,30343584,30343594,10
channel-326,538441,30343585,30343590,5
channel-38946,124299,30343589,30343600,11
channel-85077,61022,30343598,30343606,8
channel-750,684619,30343603,30343608,5
channel-2,130688,30343603,30343616,13
channel-38946,124300,30343605,30358104,14499
channel-750,684620,30343606,30343612,6
channel-5,184357,30343614,30343624,10
channel-38946,124301,30343617,30348628,5011
channel-144,86703,30343622,30343632,10
channel-38946,124302,30343625,30348631,5006
channel-750,684621,30343625,30343630,5
channel-38946,124303,30343630,30348644,5014
channel-75,845322,30343630,30343645,15
channel-412,64654,30343645,30343653,8
channel-767,14381,30343649,30343658,9
channel-1,408644,30343656,30343669,13
channel-6787,166800,30343658,30343663,5
channel-362,86685,30343669,30343682,13
channel-750,684622,30343676,30343680,4
channel-169,117531,30343677,30343689,12
channel-0,4040030,30343683,30343690,7
channel-72,516478,30343683,30343723,40
channel-113,301363,30343684,30343745,61
channel-1,408645,30343688,30343701,13
channel-208,1490989,30343688,30343700,12
channel-2494,31986,30343689,30343703,14
channel-251,85276,30343694,30343705,11
channel-251,85277,30343695,30343710,15
channel-783,104386,30343695,30343704,9
channel-199,132855,30343697,30343722,25
channel-38946,124304,30343704,30343732,28
channel-208,1490990,30343709,30343718,9
channel-199,132856,30343720,30343745,25
channel-199,132857,30343721,30343730,9
channel-89298,18743,30343728,30343740,12
channel-216,94298,30343736,30343816,80
channel-2,130689,30343738,30343752,14
channel-6787,166801,30343751,30343755,4
channel-750,684623,30343751,30343763,12
channel-0,4040031,30343757,30343768,11
channel-85077,61023,30343767,30343775,8
channel-750,684624,30343772,30343777,5
channel-6994,1325903,30343775,30343784,9
channel-0,4040032,30343776,30343801,25
channel-1,408646,30343778,30343786,8
channel-6994,1325904,30343790,30343804,14
channel-1,408647,30343791,30343809,18
channel-1,408648,30343798,30343809,11
channel-122,668320,30343804,30343807,3
channel-6994,1325905,30343811,30343820,9
channel-0,4040033,30343816,30343826,10
channel-750,684625,30343816,30343836,20
channel-85077,61024,30343821,30343830,9
channel-522,40450,30343822,30343834,12
channel-85077,61025,30343823,30343833,10
channel-113,301364,30343830,30343879,49
channel-522,40451,30343837,30343848,11
channel-750,684626,30343837,30343842,5
channel-122,668321,30343842,30343847,5
channel-19774,346162,30343851,30343859,8
channel-326,538442,30343861,30343867,6
channel-2188,43876,30343866,30343870,4
channel-750,684627,30343882,30343891,9
channel-85077,61026,30343882,30343892,10
channel-326,538443,30343889,30343898,9
channel-6994,1325906,30343890,30343901,11
channel-522,40452,30343893,30343906,13
channel-148,16096,30343896,30343903,7
channel-4,167071,30343900,30343910,10
channel-750,684628,30343906,30343911,5
channel-208,1490991,30343917,30343930,13
channel-6994,1325907,30343918,30343927,9
channel-122,668322,30343923,30343931,8
channel-4,167072,30343924,30343934,10
channel-4,167073,30343930,30343939,9
channel-6994,1325908,30343937,30343942,5
channel-75,845323,30343941,30343948,7
channel-750,684629,30343942,30343951,9
channel-750,684630,30343944,30343959,15
channel-122,668323,30343957,30343968,11
channel-0,4040034,30343958,30343970,12
channel-6787,166802,30343959,30343963,4
channel-122,668324,30343960,30343963,3
channel-750,684631,30343964,30343968,4
channel-6994,1325909,30343969,30343982,13
channel-42,1490083,30343978,30343988,10
channel-75,845324,30343983,30343991,8
channel-208,1490992,30343986,30344000,14
channel-216,94299,30343991,30344047,56
channel-122,668325,30343996,30344005,9
channel-229,55051,30343999,30344013,14
channel-208,1490993,30344003,30344014,11
channel-750,684632,30344006,30344016,10
channel-85077,61027,30344030,30344038,8
channel-122,668326,30344044,30344053,9
channel-750,684633,30344045,30344051,6
channel-85077,61028,30344053,30344062,9
channel-199,132858,30344054,30344081,27
channel-750,684634,30344054,30344060,6
channel-199,132859,30344054,30344067,13
channel-750,684635,30344058,30344070,12
channel-750,684636,30344062,30344078,16
channel-75,845325,30344072,30344083,11
channel-750,684637,30344078,30344083,5
channel-85077,61029,30344081,30344091,10
channel-122,668327,30344086,30344095,9
channel-6994,1325910,30344096,30344104,8
channel-47,198647,30344098,30344111,13
channel-0,4040035,30344100,30344112,12
channel-750,684638,30344105,30344109,4
channel-165,71469,30344109,30344119,10
channel-6787,166803,30344109,30344114,5
channel-19774,346163,30344136,30344143,7
channel-750,684639,30344142,30344147,5
channel-6787,166804,30344142,30344146,4
channel-19774,346164,30344144,30344151,7
channel-19774,346165,30344146,30344155,9
channel-6994,1325911,30344160,30344170,10
channel-88,467215,30344172,30344192,20
channel-783,104387,30344173,30344180,7
channel-6994,1325912,30344181,30357781,13600
channel-143,128464,30344192,30344218,26
channel-208,1490994,30344192,30344202,10
channel-750,684640,30344195,30344203,8
channel-0,4040036,30344198,30344207,9
channel-208,1490995,30344199,30344207,8
channel-326,538444,30344202,30344228,26
channel-750,684641,30344203,30344212,9
channel-6994,1325913,30344222,30344231,9
channel-750,684642,30344231,30344237,6
channel-208,1490996,30344231,30344240,9
channel-208,1490997,30344249,30344261,12
channel-76971,12256,30344250,30344272,22
channel-6787,166805,30344259,30344264,5
channel-6994,1325914,30344264,30344275,11
channel-783,104388,30344266,30344275,9
channel-208,1490998,30344281,30344290,9
channel-88,467216,30344287,30344299,12
channel-122,668328,30344292,30344295,3
channel-21113,25359,30344298,30344305,7
channel-6787,166806,30344340,30344344,4
channel-19774,346166,30344341,30344352,11
channel-362,86686,30344357,30344366,9
channel-208,1490999,30344362,30344375,13
channel-750,684643,30344374,30344378,4
channel-1,408649,30344378,30344392,14
channel-122,668329,30344393,30344401,8
channel-6994,1325915,30344403,30344414,11
channel-0,4040037,30344404,30344428,24
channel-199,132860,30344409,30344424,15
channel-222,3836,30344409,30344418,9
channel-199,132861,30344413,30344424,11
channel-85077,61030,30344414,30344425,11
channel-1,408650,30344418,30344434,16
channel-91017,2920,30344425,30344456,31
channel-874,293444,30344427,30344433,6
channel-122,668330,30344429,30344433,4
channel-98451,62,30344433,30344443,10
channel-75,845326,30344434,30344442,8
channel-122,668331,30344436,30344449,13
channel-6994,1325916,30344446,30344461,15
channel-88,467217,30344452,30344477,25
channel-0,4040038,30344452,30344465,13
channel-0,4040039,30344461,30344468,7
channel-72,516479,30344461,30344491,30
channel-750,684644,30344466,30344477,11
channel-6787,166807,30344466,30344468,2
channel-6994,1325917,30344473,30344483,10
channel-6994,1325918,30344477,30344487,10
channel-122,668332,30344477,30344487,10
channel-2188,43877,30344487,30344491,4
channel-750,684645,30344491,30344496,5
channel-6994,1325919,30344494,30344506,12
channel-0,4040040,30344496,30344508,12
channel-0,4040041,30344497,30344508,11
channel-208,1491000,30344497,30344506,9
channel-122,668333,30344506,30344510,4
channel-89298,18744,30344513,30344526,13
channel-208,1491001,30344524,30344536,12
channel-89298,18745,30344529,30344539,10
channel-19774,346167,30344530,30344539,9
channel-362,86687,30344535,30344544,9
channel-0,4040042,30344540,30344552,12
channel-122,668334,30344540,30344544,4
channel-750,684646,30344542,30344554,12
channel-6787,166808,30344546,30344551,5
channel-89321,19545,30344571,30344581,10
channel-122,668335,30344589,30344593,4
channel-6994,1325920,30344589,30344599,10
channel-6787,166809,30344590,30344594,4
channel-6787,166810,30344590,30344594,4
channel-1429,140798,30344592,30344604,12
channel-6787,166811,30344597,30344602,5
channel-208,1491002,30344600,30344614,14
channel-874,293445,30344606,30344613,7
channel-0,4040043,30344614,30344625,11
channel-750,684647,30344614,30344625,11
channel-208,1491003,30344621,30344633,12
channel-326,538445,30344621,30344635,14
channel-0,4040044,30344632,30344644,12
channel-2188,43878,30344639,30344644,5
channel-208,1491004,30344642,30344654,12
channel-874,293446,30344645,30344649,4
channel-88,467218,30344646,30344673,27
channel-208,1491005,30344653,30344664,11
channel-6994,1325921,30344664,30344674,10
channel-42,1490084,30344679,30344687,8
channel-6994,1325922,30344682,30344693,11
channel-229,55052,30344705,30344714,9
channel-89298,18746,30344710,30344720,10
channel-208,1491006,30344729,30344741,12
channel-208,1491007,30344738,30344751,13
channel-0,4040045,30344738,30344749,11
channel-85791,3781,30344757,30344763,6
channel-208,1491008,30344761,30344772,11
channel-750,684648,30344767,30344778,11
channel-2188,43879,30344771,30344776,5
channel-1,408651,30344778,30344789,11
channel-783,104389,30344785,30344797,12
channel-199,132862,30344786,30344797,11
channel-2188,43880,30344795,30344800,5
channel-750,684649,30344804,30344807,3
channel-0,4040046,30344809,30344822,13
channel-0,4040047,30344811,30344837,26
channel-0,4040048,30344825,30344837,12
channel-6787,166812,30344826,30344832,6
channel-0,4040049,30344836,30344847,11
channel-208,1491009,30344837,30344850,13
channel-85077,61031,30344839,30344850,11
channel-122,668336,30344844,30344848,4
channel-750,684650,30344846,30344857,11
channel-19774,346168,30344849,30344864,15
channel-89321,19546,30344852,30344874,22
channel-750,684651,30344859,30344864,5
channel-208,1491010,30344860,30344869,9
channel-208,1491011,30344862,30344874,12
channel-6994,1325923,30344866,30344876,10
channel-19774,346169,30344866,30344879,13
channel-0,4040050,30344870,30344881,11
channel-0,4040051,30344873,30344881,8
channel-2188,43881,30344873,30344877,4
channel-326,538446,30344875,30344881,6
channel-750,684652,30344875,30344890,15
channel-750,684653,30344876,30344892,16
channel-874,293447,30344877,30344897,20
channel-204,670862,30344879,30344891,12
channel-19774,346170,30344880,30344889,9
channel-0,4040052,30344883,30344894,11
channel-6994,1325924,30344885,30344898,13
channel-326,538447,30344895,30344903,8
channel-6994,1325925,30344898,30344907,9
channel-98451,63,30344901,30344910,9
channel-750,684654,30344909,30344920,11
channel-326,538448,30344924,30344930,6
channel-750,684655,30344926,30344931,5
channel-326,538449,30344927,30344938,11
channel-89298,18747,30344932,30344943,11
channel-750,684656,30344943,30344955,12
channel-750,684657,30344955,30344959,4
channel-6994,1325926,30344955,30344965,10
channel-326,538450,30344967,30344970,3
channel-208,1491012,30344968,30344979,11
channel-75,845327,30344968,30344976,8
channel-122,668337,30344972,30344976,4
channel-0,4040053,30344972,30344981,9
channel-750,684658,30344980,30344989,9
channel-0,4040054,30344981,30345000,19
channel-326,538451,30344988,30344997,9
channel-89321,19547,30344994,30345000,6
channel-42,1490085,30344995,30345006,11
channel-199,132863,30344998,30345040,42
channel-783,104390,30345001,30345010,9
channel-750,684659,30345004,30345010,6
channel-216,94300,30345005,30345083,78
channel-4,167074,30345008,30345020,12
channel-750,684660,30345011,30345021,10
channel-0,4040055,30345013,30345023,10
channel-326,538452,30345015,30345021,6
channel-1,408652,30345017,30345030,13
channel-874,293448,30345019,30345036,17
channel-750,684661,30345025,30345029,4
channel-75,845328,30345029,30345035,6
channel-0,4040056,30345038,30345050,12
channel-874,293449,30345042,30345048,6
channel-0,4040057,30345043,30345066,23
channel-750,684662,30345045,30345056,11
channel-216,94301,30345052,30345126,74
channel-42,1490086,30345059,30345066,7
channel-750,684663,30345063,30345081,18
channel-750,684664,30345078,30345088,10
channel-0,4040058,30345079,30345105,26
channel-4,167075,30345080,30345090,10
channel-750,684665,30345081,30345087,6
channel-750,684666,30345088,30345092,4
channel-6897,5650,30345088,30345096,8
channel-0,4040059,30345090,30345100,10
channel-750,684667,30345093,30345107,14
channel-750,684668,30345095,30345111,16
channel-750,684669,30345095,30345107,12
channel-750,684670,30345097,30345102,5
channel-216,94302,30345105,30345169,64
channel-1,408653,30345105,30345117,12
channel-750,684671,30345110,30345121,11
channel-750,684672,30345113,30345135,22
channel-108,39866,30345117,30345147,30
channel-874,293450,30345127,30345147,20
channel-4,167076,30345130,30345138,8
channel-1,408654,30345135,30345150,15
channel-750,684673,30345137,30345142,5
channel-750,684674,30345143,30345153,10
channel-1,408655,30345171,30345184,13
channel-0,4040060,30345174,30345184,10
channel-258,17761,30345178,30345184,6
channel-750,684675,30345181,30345201,20
channel-750,684676,30345182,30345205,23
channel-0,4040061,30345182,30345206,24
channel-216,94303,30345185,30345249,64
channel-6994,1325927,30345191,30345203,12
channel-326,538453,30345196,30345201,5
channel-0,4040062,30345199,30345211,12
channel-208,1491013,30345202,30345213,11
channel-0,4040063,30345203,30345211,8
channel-0,4040064,30345204,30345214,10
channel-750,684677,30345207,30345220,13
channel-0,4040065,30345207,30345214,7
channel-750,684678,30345208,30345223,15
channel-122,668338,30345214,30345224,10
channel-216,94304,30345223,30345299,76
channel-750,684679,30345223,30345237,14
channel-750,684680,30345227,30345241,14
channel-750,684681,30345227,30345231,4
channel-0,4040066,30345229,30345242,13
channel-6994,1325928,30345232,30345244,12
channel-0,4040067,30345232,30345242,10
channel-750,684682,30345236,30345249,13
channel-0,4040068,30345240,30345250,10
channel-750,684683,30345244,30345255,11
channel-0,4040069,30345244,30345255,11
channel-0,4040070,30345248,30345257,9
channel-0,4040071,30345248,30345257,9
channel-874,293451,30345248,30345254,6
channel-89321,19548,30345250,30345260,10
channel-750,684684,30345253,30345257,4
channel-216,94305,30345254,30345319,65
channel-208,1491014,30345255,30345267,12
channel-1,408656,30345255,30345270,15
channel-6994,1325929,30345260,30345272,12
channel-750,684685,30345260,30345284,24
channel-750,684686,30345260,30345271,11
channel-750,684687,30345265,30345276,11
channel-208,1491015,30345267,30345277,10
channel-874,293452,30345267,30345285,18
channel-0,4040072,30345273,30345286,13
channel-0,4040073,30345273,30345286,13
channel-750,684688,30345274,30345284,10
channel-750,684689,30345278,30345291,13
channel-750,684690,30345283,30345297,14
channel-750,684691,30345284,30345301,17
channel-0,4040074,30345289,30345307,18
channel-199,132864,30345293,30345306,13
channel-38946,124305,30345297,30345313,16
channel-750,684692,30345297,30345302,5
channel-216,94306,30345301,30345368,67
channel-0,4040075,30345303,30345314,11
channel-750,684693,30345304,30345319,15
channel-750,684694,30345306,30345319,13
channel-122,668339,30345306,30345309,3
channel-750,684695,30345308,30345320,12
channel-0,4040076,30345312,30345321,9
channel-85077,61032,30345314,30345322,8
channel-208,1491016,30345317,30345324,7
channel-20082,9904,30345318,30345329,11
channel-750,684696,30345322,30345347,25
channel-0,4040077,30345323,30345349,26
channel-208,1491017,30345323,30345334,11
channel-750,684697,30345331,30345343,12
channel-0,4040078,30345334,30345344,10
channel-874,293453,30345334,30345340,6
channel-143,128465,30345336,30345352,16
channel-750,684698,30345338,30345343,5
channel-750,684699,30345341,30345347,6
channel-750,684700,30345344,30345360,16
channel-122,668340,30345352,30345357,5
channel-750,684701,30345355,30345370,15
channel-6994,1325930,30345363,30345374,11
channel-0,4040079,30345367,30345377,10
channel-750,684702,30345369,30345378,9
channel-208,1491018,30345371,30345383,12
channel-750,684703,30345372,30345382,10
channel-750,684704,30345375,30345378,3
channel-750,684705,30345376,30345385,9
channel-0,4040080,30345377,30345385,8
channel-750,684706,30345378,30345400,22
channel-750,684707,30345380,30345384,4
channel-874,293454,30345381,30345397,16
channel-750,684708,30345385,30345402,17
channel-326,538454,30345385,30345390,5
channel-750,684709,30345387,30345402,15
channel-122,668341,30345395,30345399,4
channel-750,684710,30345397,30345409,12
channel-208,1491019,30345400,30345413,13
channel-750,684711,30345400,30345411,11
channel-1,408657,30345406,30345426,20
channel-750,684712,30345414,30345419,5
channel-143,128466,30345414,30345426,12
channel-1,408658,30345416,30345426,10
channel-0,4040081,30345420,30345430,10
channel-750,684713,30345422,30345433,11
channel-750,684714,30345422,30345427,5
channel-184,137456,30345425,30345438,13
channel-750,684715,30345429,30345442,13
channel-6787,166813,30345430,30345434,4
channel-750,684716,30345432,30345448,16
channel-208,1491020,30345433,30345445,12
channel-1,408659,30345435,30345465,30
channel-6994,1325931,30345438,30345447,9
channel-750,684717,30345441,30345451,10
channel-750,684718,30345444,30345454,10
channel-85077,61033,30345444,30345454,10
channel-216,94307,30345449,30345508,59
channel-750,684719,30345451,30345465,14
channel-750,684720,30345453,30345467,14
channel-326,538455,30345453,30345460,7
channel-750,684721,30345458,30345486,28
channel-326,538456,30345460,30345470,10
channel-874,293455,30345463,30345468,5
channel-204,670863,30345464,30345478,14
channel-6994,1325932,30345466,30345479,13
channel-750,684722,30345468,30345485,17
channel-326,538457,30345470,30345477,7
channel-208,1491021,30345472,30345483,11
channel-750,684723,30345474,30345492,18
channel-42,1490087,30345475,30345488,13
channel-750,684724,30345477,30345482,5
channel-122,668342,30345485,30345488,3
channel-208,1491022,30345485,30345497,12
channel-874,293456,30345488,30345506,18
channel-326,538458,30345488,30345493,5
channel-1429,140799,30345492,30345503,11
channel-1,408660,30345500,30345514,14
channel-326,538459,30345501,30345507,6
channel-750,684725,30345503,30345514,11
channel-89298,18748,30345507,30345519,12
channel-184,137457,30345508,30345519,11
channel-750,684726,30345511,30345522,11
channel-750,684727,30345513,30345535,22
channel-94814,3797,30345518,30345528,10
channel-208,1491023,30345518,30345527,9
channel-6994,1325933,30345527,30345536,9
channel-1,408661,30345527,30345538,11
channel-750,684728,30345529,30345533,4
channel-0,4040082,30345530,30345549,19
channel-1424,7363,30345536,30345546,10
channel-199,132865,30345548,30345558,10
channel-1,408662,30345553,30345571,18
channel-750,684729,30345554,30345561,7
channel-216,94308,30345555,30345636,81
channel-1,408663,30345557,30345571,14
channel-0,4040083,30345564,30345585,21
channel-750,684730,30345574,30345589,15
channel-326,538460,30345574,30345582,8
channel-874,293457,30345579,30345584,5
channel-85077,61034,30345582,30345588,6
channel-199,132866,30345584,30345590,6
channel-1,408664,30345585,30345595,10
channel-1,408665,30345585,30345595,10
channel-750,684731,30345586,30345595,9
channel-89321,19549,30345588,30345593,5
channel-89298,18749,30345589,30345597,8
channel-0,4040084,30345596,30345616,20
channel-0,4040085,30345607,30345616,9
channel-85077,61035,30345607,30345619,12
channel-115,20434,30345610,30345622,12
channel-6994,1325934,30345611,30345622,11
channel-251,85278,30345613,30345623,10
channel-1,408666,30345618,30345632,14
channel-0,4040086,30345619,30345649,30
channel-750,684732,30345621,30345631,10
channel-2,130690,30345631,30345644,13
channel-0,4040087,30345632,30345658,26
channel-85077,61036,30345633,30345653,20
channel-85077,61037,30345639,30345650,11
channel-750,684733,30345642,30345663,21
channel-188,190600,30345644,30345850,206
channel-216,94309,30345647,30345720,73
channel-143,128467,30345648,30345658,10
channel-1,408667,30345650,30345665,15
channel-750,684734,30345651,30345670,19
channel-208,1491024,30345651,30345663,12
channel-750,684735,30345651,30345663,12
channel-750,684736,30345653,30345670,17
channel-750,684737,30345654,30345672,18
channel-0,4040088,30345666,30345684,18
channel-750,684738,30345666,30345675,9
channel-750,684739,30345671,30345676,5
channel-0,4040089,30345672,30345698,26
channel-199,132867,30345675,30345683,8
channel-251,85279,30345675,30345683,8
channel-85077,61038,30345677,30345686,9
channel-6994,1325935,30345684,30345695,11
channel-750,684740,30345685,30345695,10
channel-0,4040090,30345686,30345705,19
channel-750,684741,30345686,30345707,21
channel-143,128468,30345692,30345713,21
channel-1,408668,30345694,30345707,13
channel-0,4040091,30345696,30345705,9
channel-0,4040092,30345708,30345737,29
channel-320,119278,30345709,30345746,37
channel-750,684742,30345711,30345722,11
channel-19774,346171,30345714,30345727,13
channel-89321,19550,30345715,30345747,32
channel-750,684743,30345716,30345743,27
channel-85077,61039,30345717,30345726,9
channel-122,668343,30345717,30345722,5
channel-750,684744,30345717,30345727,10
channel-208,1491025,30345719,30345728,9
channel-165,71470,30345720,30345730,10
channel-2,130691,30345722,30345735,13
channel-750,684745,30345724,30345739,15
channel-750,684746,30345728,30345740,12
channel-208,1491026,30345734,30345744,10
channel-259,314463,30345734,30345740,6
channel-326,538461,30345734,30345740,6
channel-750,684747,30345736,30345746,10
channel-750,684748,30345738,30345747,9
channel-143,128469,30345738,30345746,8
channel-412,64655,30345742,30345752,10
channel-0,4040093,30345744,30345764,20
channel-6994,1325936,30345745,30345759,14
channel-0,4040094,30345746,30345756,10
channel-874,293458,30345746,30345766,20
channel-0,4040095,30345750,30345774,24
channel-750,684749,30345752,30345760,8
channel-750,684750,30345752,30345768,16
channel-750,684751,30345756,30345768,12
channel-750,684752,30345758,30345771,13
channel-412,64656,30345759,30345774,15
channel-165,71471,30345763,30345774,11
channel-115,20435,30345766,30345781,15
channel-188,190601,30345769,30345850,81
channel-326,538462,30345773,30345780,7
channel-750,684753,30345780,30345800,20
channel-0,4040096,30345781,30345803,22
channel-750,684754,30345784,30345795,11
channel-326,538463,30345785,30345793,8
channel-1575,15202,30345786,30345794,8
channel-89321,19551,30345788,30345797,9
channel-0,4040097,30345790,30345808,18
channel-750,684755,30345793,30345798,5
channel-750,684756,30345795,30345802,7
channel-326,538464,30345798,30345800,2
channel-750,684757,30345800,30345810,10
channel-91942,129,30345800,30345825,25
channel-208,1491027,30345800,30345810,10
channel-122,668344,30345800,30345804,4
channel-326,538465,30345807,30345815,8
channel-122,668345,30345812,30345815,3
channel-85077,61040,30345819,30345829,10
channel-1,408669,30345819,30345844,25
channel-85077,61041,30345822,30345832,10
channel-115,20436,30345824,30345834,10
channel-143,128470,30345825,30345843,18
channel-0,4040098,30345826,30345844,18
channel-750,684758,30345826,30345836,10
channel-88,467219,30345833,30345848,15
channel-750,684759,30345833,30345854,21
channel-122,668346,30345836,30345848,12
channel-1,408670,30345838,30345851,13
channel-750,684760,30345838,30345849,11
channel-750,684761,30345842,30345852,10
channel-75016,4670,30345844,30345860,16
channel-1,408671,30345844,30345857,13
channel-122,668347,30345844,30345847,3
channel-108,39867,30345848,30345881,33
channel-874,293459,30345850,30345870,20
channel-208,1491028,30345851,30345862,11
channel-750,684762,30345854,30345863,9
channel-0,4040099,30345858,30345879,21
channel-0,4040100,30345860,30345869,9
channel-76971,12257,30345860,30345877,17
channel-750,684763,30345860,30345870,10
channel-750,684764,30345862,30345880,18
channel-320,119279,30345867,30345937,70
channel-0,4040101,30345874,30345896,22
channel-326,538466,30345881,30345886,5
channel-750,684765,30345883,30345894,11
channel-6994,1325937,30345885,30345896,11
channel-208,1491029,30345886,30345895,9
channel-750,684766,30345886,30345898,12
channel-75,845329,30345892,30345899,7
channel-750,684767,30345895,30345925,30
channel-75,845330,30345896,30345903,7
channel-6994,1325938,30345900,30345908,8
channel-0,4040102,30345901,30345921,20
channel-122,668348,30345906,30345909,3
channel-0,4040103,30345908,30345919,11
channel-0,4040104,30345908,30345931,23
channel-750,684768,30345912,30345934,22
channel-1,408672,30345916,30345926,10
channel-199,132868,30345924,30345933,9
channel-0,4040105,30345936,30345959,23
channel-0,4040106,30345937,30345950,13
channel-0,4040107,30345941,30345964,23
channel-874,293460,30345944,30345963,19
channel-750,684769,30345951,30345961,10
channel-750,684770,30345951,30345961,10
channel-85077,61042,30345958,30345976,18
channel-767,14382,30345961,30345970,9
channel-412,64657,30345966,30345977,11
channel-0,4040108,30345966,30345978,12
channel-750,684771,30345972,30345997,25
channel-0,4040109,30345972,30345993,21
channel-122,668349,30345976,30345995,19
channel-750,684772,30345977,30345987,10
channel-0,4040110,30345978,30345987,9
channel-91017,2921,30345978,30345988,10
channel-750,684773,30345983,30345995,12
channel-783,104391,30345984,30345992,8
channel-750,684774,30345990,30345996,6
channel-4,167077,30345992,30346003,11
channel-1,408673,30345992,30346004,12
channel-5,184358,30345993,30346003,10
channel-85077,61043,30345996,30346003,7
channel-1279,67139,30346000,30346041,41
channel-6787,166814,30346002,30346006,4
channel-0,4040111,30346002,30346009,7
channel-750,684775,30346003,30346017,14
channel-208,1491030,30346003,30346015,12
channel-0,4040112,30346005,30346028,23
channel-750,684776,30346010,30346020,10
channel-0,4040113,30346012,30346033,21
channel-122,668350,30346016,30346024,8
channel-208,1491031,30346019,30346029,10
channel-6994,1325939,30346021,30346043,22
channel-0,4040114,30346022,30346033,11
channel-4,167078,30346024,30346033,9
channel-750,684777,30346026,30346038,12
channel-1279,67140,30346027,30346060,33
channel-165,71472,30346033,30346045,12
channel-750,684778,30346037,30346061,24
channel-251,85280,30346037,30346046,9
channel-0,4040115,30346040,30346070,30
channel-229,55053,30346042,30346053,11
channel-208,1491032,30346051,30346062,11
channel-1279,67141,30346053,30346063,10
channel-2186,40804,30346054,30346066,12
channel-874,293461,30346055,30346074,19
channel-0,4040116,30346061,30346083,22
channel-6,66642,30346064,30346079,15
channel-2,130692,30346070,30346081,11
channel-0,4040117,30346081,30346100,19
channel-88,467220,30346089,30346128,39
channel-216,94310,30346092,30346165,73
channel-122,668351,30346093,30346101,8
channel-6994,1325940,30346094,30346101,7
channel-750,684779,30346095,30346118,23
channel-0,4040118,30346109,30346117,8
channel-0,4040119,30346114,30346143,29
channel-750,684780,30346117,30346129,12
channel-326,538467,30346119,30346128,9
channel-208,1491033,30346120,30346129,9
channel-750,684781,30346121,30346127,6
channel-750,684782,30346123,30346127,4
channel-0,4040120,30346130,30346153,23
channel-750,684783,30346152,30346163,11
channel-750,684784,30346156,30346182,26
channel-0,4040121,30346156,30346176,20
channel-6994,1325941,30346160,30346171,11
channel-122,668352,30346165,30346172,7
channel-251,85281,30346176,30346186,10
channel-122,668353,30346185,30346189,4
channel-208,1491034,30346186,30346196,10
channel-750,684785,30346187,30346197,10
channel-6787,166815,30346191,30346195,4
channel-19774,346172,30346194,30346202,8
channel-251,85282,30346200,30346209,9
channel-0,4040122,30346203,30346222,19
channel-874,293462,30346204,30346212,8
channel-0,4040123,30346207,30346220,13
channel-20082,9905,30346213,30346225,12
channel-750,684786,30346213,30346228,15
channel-750,684787,30346215,30346240,25
channel-0,4040124,30346219,30346228,9
channel-750,684788,30346224,30346229,5
channel-0,4040125,30346231,30346244,13
channel-0,4040126,30346232,30346244,12
channel-89321,19552,30346235,30346244,9
channel-199,132869,30346239,30346248,9
channel-208,1491035,30346243,30346253,10
channel-2188,43882,30346247,30346251,4
channel-85077,61044,30346253,30346263,10
channel-750,684789,30346253,30346264,11
channel-6994,1325942,30346271,30346279,8
channel-750,684790,30346272,30346282,10
channel-0,4040127,30346277,30346289,12
channel-750,684791,30346277,30346303,26
channel-750,684792,30346279,30346290,11
channel-750,684793,30346282,30346291,9
channel-2188,43883,30346283,30346287,4
channel-0,4040128,30346290,30346299,9
channel-76971,12258,30346295,30346314,19
channel-0,4040129,30346298,30346319,21
channel-750,684794,30346301,30346310,9
channel-874,293463,30346309,30346330,21
channel-88,467221,30346311,30346354,43
channel-750,684795,30346314,30346326,12
channel-750,684796,30346316,30346321,5
channel-750,684797,30346318,30346331,13
channel-1,408674,30346319,30346329,10
channel-143,128471,30346321,30346376,55
channel-750,684798,30346322,30346333,11
channel-750,684799,30346322,30346336,14
channel-229,55054,30346323,30346333,10
channel-0,4040130,30346324,30346335,11
channel-6994,1325943,30346324,30346336,12
channel-750,684800,30346324,30346336,12
channel-750,684801,30346327,30346340,13
channel-94814,3798,30346328,30346339,11
channel-0,4040131,30346330,30346339,9
channel-750,684802,30346332,30346348,16
channel-750,684803,30346332,30346336,4
channel-750,684804,30346333,30346342,9
channel-750,684805,30346335,30346351,16
channel-750,684806,30346335,30346364,29
channel-19774,346173,30346338,30346349,11
channel-122,668354,30346339,30346344,5
channel-750,684807,30346341,30346352,11
channel-750,684808,30346341,30346364,23
channel-750,684809,30346341,30346348,7
channel-143,128472,30346342,30346357,15
channel-85077,61045,30346348,30346358,10
channel-750,684810,30346355,30346364,9
channel-143,128473,30346358,30346409,51
channel-750,684811,30346360,30346368,8
channel-259,314464,30346360,30346369,9
channel-0,4040132,30346360,30346385,25
channel-208,1491036,30346361,30346368,7
channel-750,684812,30346362,30346366,4
channel-750,684813,30346366,30346376,10
channel-75,845331,30346367,30346382,15
channel-204,670864,30346372,30346378,6
channel-6994,1325944,30346393,30346401,8
channel-0,4040133,30346394,30346416,22
channel-122,668355,30346395,30346399,4
channel-75,845332,30346397,30346420,23
channel-1,408675,30346400,30346435,35
channel-208,1491037,30346400,30346409,9
channel-750,684814,30346406,30346412,6
channel-874,293464,30346406,30346427,21
channel-750,684815,30346407,30346427,20
channel-1279,67142,30346414,30346420,6
channel-6994,1325945,30346418,30346425,7
channel-75,845333,30346419,30346429,10
channel-0,4040134,30346422,30346430,8
channel-208,1491038,30346422,30346435,13
channel-75,845334,30346424,30346442,18
channel-750,684816,30346427,30346441,14
channel-85077,61046,30346427,30346436,9
channel-6994,1325946,30346427,30346440,13
channel-0,4040135,30346429,30346452,23
channel-85077,61047,30346432,30346440,8
channel-750,684817,30346435,30346448,13
channel-208,1491039,30346436,30346449,13
channel-750,684818,30346441,30346455,14
channel-750,684819,30346442,30346448,6
channel-750,684820,30346443,30346451,8
channel-750,684821,30346445,30346459,14
channel-6994,1325947,30346448,30346456,8
channel-750,684822,30346449,30346459,10
channel-0,4040136,30346453,30346463,10
channel-0,4040137,30346457,30346463,6
channel-750,684823,30346460,30346466,6
channel-4,167079,30346460,30346471,11
channel-204,670865,30346461,30346466,5
channel-42,1490088,30346461,30346466,5
channel-1,408676,30346463,30346473,10
channel-0,4040138,30346466,30346476,10
channel-6994,1325948,30346466,30346475,9
channel-0,4040139,30346466,30346486,20
channel-750,684824,30346467,30346491,24
channel-75,845335,30346467,30346473,6
channel-4,167080,30346472,30346481,9
channel-6994,1325949,30346473,30346484,11
channel-750,684825,30346474,30346489,15
channel-750,684826,30346474,30346508,34
channel-6994,1325950,30346479,30346488,9
channel-1429,140800,30346485,30346495,10
channel-19774,346174,30346489,30346500,11
channel-0,4040140,30346489,30346510,21
channel-750,684827,30346498,30346511,13
channel-6994,1325951,30346499,30346511,12
channel-750,684828,30346499,30346511,12
channel-750,684829,30346501,30346511,10
channel-0,4040141,30346502,30346529,27
channel-6994,1325952,30346503,30346514,11
channel-750,684830,30346508,30346524,16
channel-85077,61048,30346508,30346519,11
channel-750,684831,30346511,30346515,4
channel-199,132870,30346518,30346533,15
channel-259,314465,30346520,30346526,6
channel-750,684832,30346523,30346536,13
channel-0,4040142,30346523,30346534,11
channel-750,684833,30346524,30346538,14
channel-750,684834,30346526,30346545,19
channel-258,17762,30346526,30346538,12
channel-0,4040143,30346528,30346536,8
channel-0,4040144,30346531,30346540,9
channel-750,684835,30346533,30346543,10
channel-750,684836,30346533,30346543,10
channel-1,408677,30346536,30346545,9
channel-0,4040145,30346541,30346560,19
channel-216,94311,30346548,30346612,64
channel-750,684837,30346548,30346560,12
channel-750,684838,30346551,30346556,5
channel-0,4040146,30346560,30346570,10
channel-750,684839,30346563,30346574,11
channel-6994,1325953,30346564,30346576,12
channel-750,684840,30346565,30346577,12
channel-0,4040147,30346567,30346577,10
channel-750,684841,30346568,30346578,10
channel-85077,61049,30346568,30346578,10
channel-0,4040148,30346573,30346592,19
channel-750,684842,30346580,30346590,10
channel-750,684843,30346584,30346617,33
channel-412,64658,30346590,30346601,11
channel-259,314466,30346592,30346599,7
channel-750,684844,30346592,30346606,14
channel-1,408678,30346594,30346604,10
channel-122,668356,30346604,30346607,3
channel-782,310283,30346604,30346609,5
channel-750,684845,30346604,30346615,11
channel-750,684846,30346604,30346612,8
channel-750,684847,30346605,30346619,14
channel-0,4040149,30346606,30346626,20
channel-750,684848,30346606,30346611,5
channel-0,4040150,30346615,30346626,11
channel-750,684849,30346618,30346628,10
channel-750,684850,30346620,30346638,18
channel-208,1491040,30346621,30346630,9
channel-750,684851,30346622,30346638,16
channel-85077,61050,30346622,30346630,8
channel-0,4040151,30346623,30346647,24
channel-783,104392,30346623,30346629,6
channel-750,684852,30346627,30346639,12
channel-750,684853,30346634,30346641,7
channel-0,4040152,30346639,30346660,21
channel-782,310284,30346639,30346649,10
channel-0,4040153,30346640,30346651,11
channel-216,94312,30346651,30346730,79
channel-19774,346175,30346657,30346669,12
channel-0,4040154,30346657,30346684,27
channel-750,684854,30346657,30346682,25
channel-0,4040155,30346660,30346670,10
channel-750,684855,30346666,30346670,4
channel-208,1491041,30346667,30346679,12
channel-0,4040156,30346669,30346679,10
channel-85077,61051,30346670,30346681,11
channel-750,684856,30346676,30346688,12
channel-0,4040157,30346686,30346700,14
channel-0,4040158,30346687,30346707,20
channel-6994,1325954,30346696,30346717,21
channel-6994,1325955,30346697,30346704,7
channel-6994,1325956,30346703,30346712,9
channel-750,684857,30346704,30346709,5
channel-5,184359,30346704,30346715,11
channel-750,684858,30346705,30346715,10
channel-208,1491042,30346707,30346719,12
channel-6994,1325957,30346708,30346722,14
channel-216,94313,30346713,30346799,86
channel-750,684859,30346713,30346723,10
channel-122,668357,30346715,30346718,3
channel-750,684860,30346719,30346739,20
channel-184,137458,30346741,30346757,16
channel-750,684861,30346744,30346755,11
channel-208,1491043,30346754,30346766,12
channel-0,4040159,30346756,30346769,13
channel-6994,1325958,30346756,30346768,12
channel-750,684862,30346758,30346763,5
channel-750,684863,30346760,30346779,19
channel-6994,1325959,30346767,30346777,10
channel-750,684864,30346775,30346785,10
channel-0,4040160,30346775,30346787,12
channel-750,684865,30346778,30346800,22
channel-122,668358,30346779,30346783,4
channel-91017,2922,30346792,30346851,59
channel-91017,2923,30346798,30346811,13
channel-0,4040161,30346807,30346820,13
channel-72,516480,30346813,30346854,41
channel-750,684866,30346816,30346827,11
channel-208,1491044,30346826,30346835,9
channel-750,684867,30346833,30346859,26
channel-750,684868,30346833,30346850,17
channel-0,4040162,30346833,30346851,18
channel-340,3201,30346840,30346846,6
channel-0,4040163,30346858,30346867,9
channel-326,538468,30346868,30346873,5
channel-0,4040164,30346876,30346884,8
channel-204,670866,30346880,30346890,10
channel-2186,40805,30346888,30346900,12
channel-750,684869,30346890,30346913,23
channel-0,4040165,30346893,30346900,7
channel-2186,40806,30346895,30346904,9
channel-750,684870,30346900,30346916,16
channel-750,684871,30346902,30346924,22
channel-0,4040166,30346902,30346930,28
channel-783,104393,30346913,30346922,9
channel-208,1491045,30346916,30346924,8
channel-1,408679,30346919,30346930,11
channel-6994,1325960,30346923,30346934,11
channel-113,301365,30346931,30346970,39
channel-2188,43884,30346932,30346936,4
channel-98451,67,30346943,30346957,14
channel-0,4040167,30346946,30346966,20
channel-750,684872,30346948,30346960,12
channel-326,538469,30346950,30346962,12
channel-750,684873,30346952,30346963,11
channel-208,1491046,30346954,30346966,12
channel-216,94314,30346955,30347021,66
channel-750,684874,30346956,30346965,9
channel-91017,2924,30346958,30346969,11
channel-750,684875,30346961,30346981,20
channel-750,684876,30346964,30346971,7
channel-874,293465,30346967,30346972,5
channel-0,4040168,30346973,30346984,11
channel-783,104394,30346976,30346982,6
channel-0,4040169,30346977,30346989,12
channel-6994,1325961,30346977,30346985,8
channel-0,4040170,30346980,30346998,18
channel-750,684877,30346982,30347000,18
channel-782,310285,30346985,30346993,8
channel-222,3837,30346986,30346995,9
channel-750,684878,30346992,30347002,10
channel-0,4040171,30346997,30347008,11
channel-1,408680,30346999,30347010,11
channel-874,293466,30347000,30347009,9
channel-326,538470,30347003,30347084,81
channel-326,538471,30347003,30347084,81
channel-326,538472,30347003,30347084,81
channel-326,538473,30347003,30347084,81
channel-326,538474,30347003,30347084,81
channel-750,684879,30347011,30347023,12
channel-750,684880,30347017,30347041,24
channel-750,684881,30347017,30347027,10
channel-750,684882,30347018,30347034,16
channel-0,4040172,30347020,30347045,25
channel-204,670867,30347021,30347029,8
channel-188,190602,30347029,30347042,13
channel-0,4040173,30347033,30347041,8
channel-750,684883,30347039,30347045,6
channel-216,94315,30347041,30347109,68
channel-6994,1325962,30347041,30347051,10
channel-750,684884,30347041,30347058,17
channel-750,684885,30347041,30347055,14
channel-5,184360,30347042,30347052,10
channel-750,684886,30347042,30347053,11
channel-2186,40807,30347043,30347055,12
channel-1,408681,30347043,30347054,11
channel-874,293467,30347045,30347173,128
channel-4,167081,30347050,30347057,7
channel-0,4040174,30347053,30347079,26
channel-750,684887,30347055,30347065,10
channel-2188,43885,30347059,30347064,5
channel-0,4040175,30347059,30347068,9
channel-38946,124306,30347059,30347072,13
channel-750,684888,30347060,30347083,23
channel-0,4040176,30347061,30347074,13
channel-42,1490089,30347064,30347076,12
channel-782,310286,30347068,30347076,8
channel-1,408682,30347084,30347093,9
channel-0,4040177,30347090,30347107,17
channel-750,684889,30347092,30347098,6
channel-143,128474,30347096,30347108,12
channel-208,1491047,30347096,30347109,13
channel-4,167082,30347099,30347124,25
channel-0,4040178,30347099,30347107,8
channel-148,16097,30347103,30347110,7
channel-750,684890,30347112,30347136,24
channel-0,4040179,30347116,30347145,29
channel-750,684891,30347120,30347128,8
channel-208,1491048,30347123,30347133,10
channel-750,684892,30347124,30347135,11
channel-0,4040180,30347125,30347149,24
channel-75,845336,30347141,30347158,17
channel-750,684893,30347144,30347162,18
channel-750,684894,30347145,30347153,8
channel-148,16098,30347149,30347160,11
channel-38946,124307,30347151,30347164,13
channel-750,684895,30347151,30347177,26
channel-750,684896,30347152,30347162,10
channel-750,684897,30347152,30347166,14
channel-98451,69,30347156,30347166,10
channel-0,4040181,30347161,30347181,20
channel-85077,61052,30347162,30347175,13
channel-750,684898,30347167,30347188,21
channel-1,408683,30347168,30347179,11
channel-326,538475,30347168,30347175,7
channel-5,184361,30347168,30347178,10
channel-6994,1325963,30347173,30347182,9
channel-750,684899,30347190,30347203,13
channel-208,1491049,30347191,30347201,10
channel-1,408684,30347192,30347202,10
channel-0,4040182,30347195,30347218,23
channel-75,845337,30347197,30347217,20
channel-750,684900,30347202,30347211,9
channel-6994,1325964,30347202,30347215,13
channel-2188,43886,30347203,30347207,4
channel-783,104395,30347206,30347219,13
channel-1,408685,30347214,30347225,11
channel-750,684901,30347228,30347250,22
channel-0,4040183,30347231,30347251,20
channel-0,4040184,30347231,30347246,15
channel-208,1491050,30347232,30347240,8
channel-750,684902,30347233,30347245,12
channel-750,684903,30347234,30347237,3
channel-6994,1325965,30347245,30347257,12
channel-1,408686,30347248,30347259,11
channel-0,4040185,30347249,30347259,10
channel-0,4040186,30347259,30347279,20
channel-5,184362,30347260,30347271,11
channel-1279,67143,30347260,30347271,11
channel-750,684904,30347265,30347278,13
channel-750,684905,30347269,30347272,3
channel-1,408687,30347273,30347282,9
channel-750,684906,30347277,30347288,11
channel-783,104396,30347279,30347287,8
channel-750,684907,30347283,30347318,35
channel-750,684908,30347293,30347310,17
channel-0,4040187,30347293,30347320,27
channel-259,314467,30347295,30347301,6
channel-75,845338,30347300,30347319,19
channel-208,1491051,30347303,30347316,13
channel-208,1491052,30347305,30347316,11
channel-783,104397,30347311,30347318,7
channel-199,132871,30347326,30347334,8
channel-143,128475,30347327,30347338,11
channel-750,684909,30347331,30347342,11
channel-0,4040188,30347332,30347341,9
channel-0,4040189,30347332,30347356,24
channel-326,538476,30347338,30347364,26
channel-6994,1325966,30347340,30347352,12
channel-98451,70,30347357,30347371,14
channel-75,845339,30347359,30347378,19
channel-750,684910,30347360,30347382,22
channel-0,4040190,30347362,30347372,10
channel-1,408688,30347366,30347378,12
channel-0,4040191,30347366,30347391,25
channel-19774,346176,30347376,30347392,16
channel-208,1491053,30347384,30347393,9
channel-85077,61053,30347386,30347396,10
channel-208,1491054,30347389,30347397,8
channel-750,684911,30347392,30347396,4
channel-0,4040192,30347394,30347402,8
channel-122,668359,30347398,30347402,4
channel-88,467222,30347398,30347431,33
channel-0,4040193,30347399,30347418,19
channel-750,684912,30347400,30347418,18
channel-75,845340,30347408,30347416,8
channel-750,684913,30347411,30347437,26
channel-98451,72,30347412,30347425,13
channel-750,684914,30347413,30347417,4
channel-122,668360,30347418,30347423,5
channel-750,684915,30347420,30347424,4
channel-750,684916,30347421,30347433,12
channel-6994,1325967,30347421,30347431,10
channel-216,94316,30347424,30347490,66
channel-750,684917,30347427,30347443,16
channel-6994,1325968,30347428,30347441,13
channel-6994,1325969,30347430,30347446,16
channel-0,4040194,30347434,30347456,22
channel-85077,61054,30347451,30347460,9
channel-122,668361,30347460,30347463,3
channel-6994,1325970,30347461,30347472,11
channel-750,684918,30347467,30347489,22
channel-750,684919,30347467,30347481,14
channel-0,4040195,30347467,30347487,20
channel-6994,1325971,30347475,30357781,10306
channel-122,668362,30347481,30347485,4
channel-2494,31987,30347481,30347490,9
channel-144,86704,30347487,30347496,9
channel-0,4040196,30347501,30347525,24
channel-0,4040197,30347503,30347512,9
channel-199,132872,30347506,30347516,10
channel-199,132873,30347506,30347516,10
channel-89298,18750,30347516,30347525,9
channel-750,684920,30347527,30347551,24
channel-0,4040198,30347531,30347542,11
channel-42,1490090,30347535,30347562,27
channel-0,4040199,30347542,30347558,16
channel-6994,1325972,30347554,30347564,10
channel-0,4040200,30347569,30347575,6
channel-94814,3799,30347569,30347576,7
channel-232,49224,30347574,30347586,12
channel-6994,1325973,30347576,30347587,11
channel-750,684921,30347589,30347611,22
channel-750,684922,30347595,30347600,5
channel-75,845341,30347600,30347616,16
channel-750,684923,30347600,30347605,5
channel-0,4040201,30347615,30347626,11
channel-6994,1325974,30347617,30347627,10
channel-750,684924,30347621,30347626,5
channel-0,4040202,30347639,30347649,10
channel-750,684925,30347639,30347644,5
channel-0,4040203,30347643,30347655,12
channel-750,684926,30347653,30347686,33
channel-199,132874,30347657,30347668,11
channel-326,538477,30347668,30347677,9
channel-326,538478,30347668,30347677,9
channel-122,668363,30347669,30347673,4
channel-642,126546,30347686,30347700,14
channel-750,684927,30347693,30347700,7
channel-208,1491055,30347707,30347717,10
channel-208,1491056,30347711,30347721,10
channel-216,94317,30347717,30347743,26
channel-750,684928,30347717,30347741,24
channel-326,538479,30347724,30347733,9
channel-326,538480,30347724,30347733,9
channel-75755,5555,30347724,30347739,15
channel-750,684929,30347738,30347742,4
channel-251,85283,30347753,30347762,9
channel-199,132875,30347754,30347766,12
channel-1429,140801,30347757,30347767,10
channel-6994,1325975,30347762,30347772,10
channel-85077,61055,30347763,30347772,9
channel-6994,1325976,30347769,30347780,11
channel-79703,4461,30347770,30347782,12
channel-208,1491057,30347778,30347788,10
channel-750,684930,30347778,30347792,14
channel-750,684931,30347785,30347806,21
channel-259,314468,30347787,30347792,5
channel-91017,2925,30347788,30347800,12
channel-199,132876,30347802,30347813,11
channel-320,119280,30347803,30347828,25
channel-89298,18751,30347836,30347845,9
channel-181,13594,30347841,30347852,11
channel-259,314469,30347841,30347848,7
channel-750,684932,30347843,30347863,20
channel-85077,61056,30347849,30347857,8
channel-6994,1325977,30347856,30347867,11
channel-0,4040204,30347858,30347866,8
channel-19774,346177,30347860,30347865,5
channel-0,4040205,30347862,30347871,9
channel-181,13595,30347870,30347887,17
channel-750,684933,30347887,30347893,6
channel-85077,61057,30347893,30347901,8
channel-216,94318,30347901,30347973,72
channel-0,4040206,30347904,30347915,11
channel-750,684934,30347904,30347927,23
channel-181,13596,30347920,30347932,12
channel-75,845342,30347935,30347943,8
channel-1,408689,30347957,30347968,11
channel-98451,73,30347959,30347973,14
channel-85077,61058,30347977,30347988,11
channel-750,684935,30347980,30348013,33
channel-19774,346178,30347994,30348006,12
channel-98451,74,30347999,30348021,22
channel-750,684936,30348004,30348013,9
channel-208,1491058,30348007,30348019,12
channel-6787,166816,30348012,30348016,4
channel-82819,487,30348034,30348048,14
channel-750,684937,30348036,30348060,24
channel-204,670868,30348040,30348047,7
channel-6994,1325978,30348043,30348054,11
channel-122,668364,30348051,30348054,3
channel-199,132877,30348054,30348064,10
channel-94814,3800,30348055,30348063,8
channel-6994,1325979,30348064,30348078,14
channel-89321,19553,30348070,30348081,11
channel-6994,1325980,30348080,30348088,8
channel-98451,75,30348080,30348092,12
channel-6787,166817,30348080,30348085,5
channel-89298,18752,30348085,30348093,8
channel-874,293468,30348090,30348094,4
channel-1,408690,30348091,30348099,8
channel-750,684938,30348093,30348115,22
channel-122,668365,30348098,30348102,4
channel-143,128476,30348110,30348122,12
channel-1,408691,30348119,30348132,13
channel-232,49225,30348121,30348131,10
channel-85077,61059,30348133,30348143,10
channel-122,668366,30348144,30348149,5
channel-75,845343,30348146,30348160,14
channel-19774,346179,30348150,30348160,10
channel-750,684939,30348152,30348175,23
channel-208,1491059,30348167,30348177,10
channel-216,94319,30348181,30348233,52
channel-0,4040207,30348186,30348196,10
channel-750,684940,30348191,30348196,5
channel-750,684941,30348197,30348208,11
channel-0,4040208,30348210,30348220,10
channel-0,4040209,30348210,30348220,10
channel-0,4040210,30348210,30348220,10
channel-85077,61060,30348210,30348220,10
channel-0,4040211,30348211,30348224,13
channel-0,4040212,30348212,30348224,12
channel-229,55055,30348215,30348225,10
channel-208,1491060,30348222,30348234,12
channel-75,845344,30348230,30348237,7
channel-320,119281,30348230,30348245,15
channel-750,684942,30348235,30348259,24
channel-0,4040213,30348240,30348249,9
channel-42,1490091,30348244,30348254,10
channel-0,4040214,30348247,30348261,14
channel-4,167083,30348257,30348265,8
channel-1634,6720,30348257,30348272,15
channel-208,1491061,30348261,30348270,9
channel-0,4040215,30348264,30348273,9
channel-0,4040216,30348273,30348283,10
channel-232,49226,30348275,30348286,11
channel-38946,124308,30348278,30348293,15
channel-2188,43887,30348284,30348290,6
channel-0,4040217,30348285,30348295,10
channel-750,684943,30348295,30348316,21
channel-1,408692,30348300,30348314,14
channel-75,845345,30348304,30348326,22
channel-122,668367,30348304,30348308,4
channel-0,4040218,30348310,30348320,10
channel-0,4040219,30348311,30348320,9
channel-75,845346,30348320,30348328,8
channel-0,4040220,30348330,30348342,12
channel-122,668368,30348335,30348339,4
channel-0,4040221,30348336,30348346,10
channel-0,4040222,30348338,30348346,8
channel-98451,78,30348339,30348355,16
channel-750,684944,30348340,30348349,9
channel-258,17763,30348341,30348349,8
channel-5,184363,30348342,30348352,10
channel-0,4040223,30348346,30348357,11
channel-750,684945,30348349,30348373,24
channel-208,1491062,30348353,30348363,10
channel-1,408693,30348360,30348370,10
channel-874,293469,30348365,30348373,8
channel-0,4040224,30348374,30348385,11
channel-0,4040225,30348377,30348391,14
channel-6994,1325981,30348379,30348389,10
channel-0,4040226,30348381,30348391,10
channel-122,668369,30348395,30348397,2
channel-75,845347,30348397,30348406,9
channel-750,684946,30348397,30348420,23
channel-0,4040227,30348400,30348411,11
channel-258,17764,30348406,30348417,11
channel-750,684947,30348411,30348421,10
channel-0,4040228,30348424,30348435,11
channel-1,408694,30348437,30348449,12
channel-199,132878,30348441,30348454,13
channel-0,4040229,30348441,30348452,11
channel-1,408695,30348451,30348464,13
channel-750,684948,30348452,30348474,22
channel-75,845348,30348461,30348469,8
channel-0,4040230,30348464,30348475,11
channel-6994,1325982,30348472,30348484,12
channel-2,130693,30348480,30348490,10
channel-88,467223,30348485,30348503,18
channel-0,4040231,30348511,30348522,11
channel-750,684949,30348517,30348537,20
channel-750,684950,30348522,30348532,10
channel-476,11802,30348522,30348539,17
channel-89298,18753,30348532,30348539,7
channel-0,4040232,30348545,30348559,14
channel-85077,61061,30348545,30348555,10
channel-208,1491063,30348561,30348573,12
channel-750,684951,30348573,30348592,19
channel-6897,5651,30348575,30348584,9
channel-0,4040233,30348580,30348591,11
channel-6994,1325983,30348580,30348592,12
channel-75,845349,30348597,30348604,7
channel-750,684952,30348606,30348608,2
channel-750,684953,30348608,30348625,17
channel-75,845350,30348608,30348615,7
channel-6994,1325984,30348608,30348622,14
channel-39535,10296,30348618,30349009,391
channel-750,684954,30348619,30348628,9
channel-750,684955,30348622,30348627,5
channel-204,670869,30348622,30348642,20
channel-0,4040234,30348624,30348634,10
channel-326,538481,30348627,30348647,20
channel-750,684956,30348632,30348659,27
channel-2188,43888,30348633,30348638,5
channel-874,293470,30348642,30348647,5
channel-750,684957,30348647,30348668,21
channel-750,684958,30348647,30348655,8
channel-85077,61062,30348650,30348658,8
channel-2188,43889,30348658,30348662,4
channel-0,4040235,30348661,30348672,11
channel-42,1490092,30348677,30348684,7
channel-6994,1325985,30348679,30348687,8
channel-2188,43890,30348681,30348686,5
channel-6994,1325986,30348685,30348696,11
channel-108,39868,30348687,30348740,53
channel-0,4040236,30348689,30348697,8
channel-85077,61063,30348692,30348701,9
channel-750,684959,30348696,30348721,25
channel-0,4040237,30348701,30348715,14
channel-2188,43891,30348703,30348707,4
channel-6994,1325987,30348711,30348726,15
channel-85077,61064,30348711,30348724,13
channel-0,4040238,30348714,30348725,11
channel-85077,61065,30348719,30348727,8
channel-75,845351,30348728,30348734,6
channel-122,668370,30348730,30348734,4
channel-783,104398,30348734,30348740,6
channel-42,1490093,30348737,30348748,11
channel-216,94320,30348738,30348841,103
channel-85077,61066,30348742,30348758,16
channel-750,684960,30348746,30348758,12
channel-0,4040239,30348747,30348756,9
channel-0,4040240,30348748,30348759,11
channel-6994,1325988,30348748,30348756,8
channel-6994,1325989,30348750,30348760,10
channel-750,684961,30348755,30348776,21
channel-6994,1325990,30348758,30348769,11
channel-85077,61067,30348763,30348779,16
channel-6994,1325991,30348767,30348777,10
channel-85077,61068,30348775,30348782,7
channel-89298,18754,30348776,30348782,6
channel-6994,1325992,30348777,30348783,6
channel-216,94321,30348782,30348866,84
channel-91017,2926,30348786,30348801,15
channel-85077,61069,30348804,30348816,12
channel-6994,1325993,30348808,30348821,13
channel-750,684962,30348815,30348826,11
channel-750,684963,30348822,30348847,25
channel-642,126547,30348831,30348842,11
channel-208,1491064,30348843,30348854,11
channel-6897,5652,30348857,30348866,9
channel-5,184364,30348859,30348867,8
channel-113,301366,30348859,30348920,61
channel-750,684964,30348865,30348869,4
channel-85077,61070,30348872,30348882,10
channel-750,684965,30348878,30348900,22
channel-85077,61071,30348878,30348887,9
channel-6994,1325994,30348893,30348904,11
channel-208,1491065,30348895,30348904,9
channel-750,684966,30348906,30348911,5
channel-216,94322,30348938,30349023,85
channel-750,684967,30348958,30348977,19
channel-88,467224,30348959,30348973,14
channel-6994,1325995,30348968,30348977,9
channel-326,538482,30348968,30348979,11
channel-259,314470,30348969,30348974,5
channel-4,167084,30348970,30348979,9
channel-6787,166818,30348981,30348985,4
channel-874,293471,30348986,30348991,5
channel-113,301367,30348995,30349041,46
channel-0,4040241,30349003,30349016,13
channel-208,1491066,30349003,30349015,12
channel-75,845352,30349005,30349022,17
channel-89298,18755,30349006,30349016,10
channel-229,55056,30349006,30349016,10
channel-208,1491067,30349009,30349019,10
channel-0,4040242,30349013,30349022,9
channel-1,408696,30349018,30349027,9
channel-750,684968,30349019,30349041,22
channel-229,55057,30349020,30349033,13
channel-2,130694,30349027,30349035,8
channel-750,684969,30349029,30349034,5
channel-326,538483,30349032,30349037,5
channel-326,538484,30349035,30349041,6
channel-326,538485,30349035,30349041,6
channel-326,538486,30349035,30349041,6
channel-0,4040243,30349055,30349091,36
channel-122,668371,30349056,30349060,4
channel-94814,3801,30349068,30349081,13
channel-1429,140802,30349073,30349082,9
channel-208,1491068,30349077,30349086,9
channel-750,684970,30349083,30349108,25
channel-750,684971,30349086,30349090,4
channel-2188,43892,30349090,30349095,5
channel-199,132879,30349092,30349105,13
channel-122,668372,30349113,30349117,4
channel-0,4040244,30349121,30349133,12
channel-750,684972,30349137,30349181,44
channel-208,1491069,30349139,30349150,11
channel-750,684973,30349140,30349144,4
channel-75,845353,30349146,30349154,8
channel-750,684974,30349154,30349175,21
channel-2716,2673,30349156,30349171,15
channel-42,1490094,30349158,30349164,6
channel-6994,1325996,30349183,30349192,9
channel-21113,25360,30349183,30349188,5
channel-89321,19554,30349202,30349209,7
channel-750,684975,30349203,30349223,20
channel-42,1490095,30349213,30349225,12
channel-204,670870,30349214,30349223,9
channel-75,845354,30349226,30349241,15
channel-340,3202,30349226,30349236,10
channel-0,4040245,30349232,30349242,10
channel-2,130695,30349244,30349257,13
channel-199,132880,30349250,30349261,11
channel-2494,31988,30349255,30349265,10
channel-750,684976,30349264,30349287,23
channel-0,4040246,30349271,30349278,7
channel-2716,2674,30349292,30349305,13
channel-5,184365,30349303,30349315,12
channel-6994,1325997,30349308,30349317,9
channel-0,4040247,30349321,30349333,12
channel-1,408697,30349321,30349336,15
channel-750,684977,30349324,30349346,22
channel-0,4040248,30349326,30349338,12
channel-750,684978,30349340,30349347,7
channel-0,4040249,30349344,30349353,9
channel-874,293472,30349345,30349349,4
channel-75,845355,30349373,30349381,8
channel-122,668373,30349379,30349383,4
channel-143,128477,30349379,30349387,8
channel-750,684979,30349381,30349408,27
channel-0,4040250,30349389,30349399,10
channel-767,14383,30349391,30349404,13
channel-340,3203,30349396,30349404,8
channel-85077,61072,30349398,30349405,7
channel-85077,61073,30349399,30349408,9
channel-19774,346180,30349420,30349430,10
channel-750,684980,30349421,30349436,15
channel-0,4040251,30349430,30349439,9
channel-750,684981,30349432,30349436,4
channel-0,4040252,30349435,30349444,9
channel-750,684982,30349444,30349463,19
channel-750,684983,30349452,30349464,12
channel-0,4040253,30349452,30349462,10
channel-0,4040254,30349459,30349467,8
channel-0,4040255,30349487,30349498,11
channel-750,684984,30349506,30349526,20
channel-1,408698,30349517,30349529,12
channel-19774,346181,30349520,30349531,11
channel-750,684985,30349565,30349584,19
channel-75,845356,30349575,30349581,6
channel-85077,61074,30349594,30349602,8
channel-89298,18756,30349615,30349627,12
channel-21113,25361,30349619,30349625,6
channel-320,119282,30349620,30349641,21
channel-2188,43893,30349621,30349626,5
channel-750,684986,30349630,30349651,21
channel-0,4040256,30349636,30349643,7
channel-122,668374,30349650,30349654,4
channel-85077,61075,30349670,30349679,9
channel-19774,346182,30349689,30349697,8
channel-750,684987,30349691,30349716,25
channel-0,4040257,30349711,30349723,12
channel-750,684988,30349716,30349732,16
channel-122,668375,30349718,30349721,3
channel-1424,7364,30349722,30349730,8
channel-1,408699,30349723,30349732,9
channel-326,538487,30349727,30349751,24
channel-0,4040258,30349727,30349739,12
channel-750,684989,30349752,30349773,21
channel-1,408700,30349752,30349762,10
channel-767,14384,30349765,30349778,13
channel-874,293473,30349767,30349775,8
channel-0,4040259,30349785,30349798,13
channel-98451,79,30349787,30349800,13
channel-188,190603,30349801,30349810,9
channel-6787,166819,30349803,30349808,5
channel-750,684990,30349808,30349827,19
channel-0,4040260,30349816,30349829,13
channel-750,684991,30349819,30349825,6
channel-326,538488,30349839,30349871,32
channel-326,538489,30349839,30349871,32
channel-326,538490,30349839,30349871,32
channel-326,538491,30349839,30349871,32
channel-326,538492,30349839,30349871,32
channel-326,538493,30349839,30349871,32
channel-122,668376,30349840,30349843,3
channel-75,845357,30349841,30349849,8
channel-0,4040261,30349843,30349871,28
channel-122,668377,30349863,30349866,3
channel-0,4040262,30349865,30349878,13
channel-2494,31989,30349866,30349879,13
channel-122,668378,30349871,30349875,4
channel-88,467225,30349878,30349895,17
channel-750,684992,30349879,30349902,23
channel-72,516481,30349897,30349942,45
channel-6994,1325998,30349902,30349912,10
channel-0,4040263,30349903,30349915,12
channel-6994,1325999,30349920,30349931,11
channel-6787,166820,30349924,30349929,5
channel-750,684993,30349940,30349960,20
channel-5,184366,30349946,30349955,9
channel-320,119283,30349949,30349958,9
channel-750,684994,30349987,30349991,4
channel-750,684995,30349995,30350020,25
channel-1424,7365,30350011,30350020,9
channel-6994,1326000,30350023,30350035,12
channel-122,668379,30350060,30350064,4
channel-750,684996,30350073,30350101,28
channel-85077,61076,30350081,30350091,10
channel-0,4040264,30350085,30350095,10
channel-6994,1326001,30350085,30350097,12
channel-2,130696,30350105,30350116,11
channel-89298,18757,30350134,30350143,9
channel-0,4040265,30350143,30350154,11
channel-122,668380,30350145,30350149,4
channel-2188,43894,30350147,30350152,5
channel-208,1491070,30350148,30350158,10
channel-6994,1326002,30350168,30350182,14
channel-2188,43895,30350171,30350175,4
channel-1279,67144,30350179,30350194,15
channel-750,684997,30350183,30350196,13
channel-874,293474,30350193,30350200,7
channel-75,845358,30350210,30350218,8
channel-75,845359,30350219,30350228,9
channel-75,845360,30350224,30350230,6
channel-750,684998,30350229,30350234,5
channel-874,293475,30350232,30350237,5
channel-750,684999,30350232,30350246,14
channel-85077,61077,30350232,30350242,10
channel-525,6371,30350254,30350272,18
channel-19774,346183,30350254,30350270,16
channel-5,184367,30350263,30350272,9
channel-750,685000,30350270,30350292,22
channel-0,4040266,30350288,30350301,13
channel-750,685001,30350300,30350313,13
channel-2188,43896,30350302,30350306,4
channel-0,4040267,30350311,30350323,12
channel-750,685002,30350313,30350342,29
channel-6994,1326003,30350321,30350331,10
channel-122,668381,30350323,30350326,3
channel-1424,7366,30350325,30350335,10
channel-0,4040268,30350327,30350337,10
channel-208,1491071,30350328,30350336,8
channel-750,685003,30350360,30350385,25
channel-0,4040269,30350363,30350370,7
channel-0,4040270,30350383,30350393,10
channel-85077,61078,30350383,30350393,10
channel-750,685004,30350385,30350411,26
channel-2188,43897,30350403,30350408,5
channel-750,685005,30350403,30350434,31
channel-6994,1326004,30350412,30350425,13
channel-750,685006,30350419,30350439,20
channel-122,668382,30350421,30350424,3
channel-21113,25362,30350432,30350446,14
channel-0,4040271,30350436,30350445,9
channel-4,167085,30350437,30350446,9
channel-750,685007,30350438,30350442,4
channel-6994,1326005,30350438,30350447,9
channel-0,4040272,30350438,30350450,12
channel-750,685008,30350445,30350455,10
channel-326,538494,30350455,30350464,9
channel-326,538495,30350459,30350465,6
channel-326,538496,30350459,30350465,6
channel-0,4040273,30350465,30350478,13
channel-326,538497,30350465,30350470,5
channel-19774,346184,30350481,30350487,6
channel-1,408701,30350481,30350495,14
channel-0,4040274,30350493,30350507,14
channel-208,1491072,30350514,30350527,13
channel-750,685009,30350516,30350533,17
channel-122,668383,30350535,30350538,3
channel-1429,140803,30350555,30350563,8
channel-1429,140804,30350559,30350569,10
channel-412,64659,30350559,30350572,13
channel-42,1490096,30350583,30350592,9
channel-750,685010,30350590,30350621,31
channel-204,670871,30350592,30350601,9
channel-6994,1326006,30350597,30350609,12
channel-122,668384,30350607,30350610,3
channel-122,668385,30350615,30350619,4
channel-199,132881,30350615,30350625,10
channel-0,4040275,30350617,30350630,13
channel-208,1491073,30350619,30350630,11
channel-6787,166821,30350619,30350624,5
channel-0,4040276,30350620,30350630,10
channel-89321,19555,30350626,30350632,6
channel-1575,15203,30350629,30350645,16
channel-75030,1175,30350637,30350646,9
channel-750,685011,30350638,30350667,29
channel-0,4040277,30350645,30350656,11
channel-208,1491074,30350666,30350678,12
channel-750,685012,30350668,30350674,6
channel-1,408702,30350677,30350685,8
channel-750,685013,30350680,30350708,28
channel-0,4040278,30350694,30350705,11
channel-750,685014,30350705,30350714,9
channel-85077,61079,30350711,30350721,10
channel-750,685015,30350713,30350729,16
channel-750,685016,30350716,30350740,24
channel-89321,19556,30350718,30350730,12
channel-412,64660,30350725,30350736,11
channel-320,119284,30350725,30350738,13
channel-0,4040279,30350742,30350752,10
channel-89321,19557,30350746,30350755,9
channel-750,685017,30350748,30350759,11
channel-122,668386,30350748,30350751,3
channel-38946,124309,30350753,30350769,16
channel-750,685018,30350762,30350785,23
channel-89321,19558,30350764,30350779,15
channel-38946,124310,30350766,30350776,10
channel-85077,61080,30350769,30350778,9
channel-874,293476,30350770,30350776,6
channel-1,408703,30350782,30350791,9
channel-89321,19559,30350787,30350798,11
channel-750,685019,30350797,30350828,31
channel-89321,19560,30350797,30350806,9
channel-0,4040280,30350799,30350810,11
channel-874,293477,30350822,30350828,6
channel-6994,1326007,30350828,30350839,11
channel-204,670872,30350829,30350838,9
channel-750,685020,30350832,30350844,12
channel-750,685021,30350838,30350861,23
channel-750,685022,30350843,30350849,6
channel-0,4040281,30350852,30350862,10
channel-208,1491075,30350857,30350870,13
channel-750,685023,30350861,30350866,5
channel-750,685024,30350869,30350879,10
channel-2188,43898,30350872,30350876,4
channel-251,85284,30350876,30350885,9
channel-750,685025,30350877,30350905,28
channel-1429,140805,30350882,30350890,8
channel-874,293478,30350888,30350905,17
channel-208,1491076,30350895,30350905,10
channel-750,685026,30350905,30350919,14
channel-750,685027,30350911,30350916,5
channel-750,685028,30350912,30350925,13
channel-750,685029,30350916,30350938,22
channel-251,85285,30350928,30350937,9
channel-0,4040282,30350930,30350941,11
channel-88,467226,30350931,30350964,33
channel-750,685030,30350947,30350955,8
channel-750,685031,30350959,30350983,24
channel-143,128478,30350970,30350981,11
channel-750,685032,30350981,30350986,5
channel-750,685033,30350987,30350992,5
channel-89321,19561,30350993,30351002,9
channel-259,314471,30350996,30351001,5
channel-75,845361,30351002,30351008,6
channel-750,685034,30351012,30351026,14
channel-75,845362,30351013,30351019,6
channel-750,685035,30351015,30351030,15
channel-750,685036,30351019,30351042,23
channel-251,85286,30351029,30351039,10
channel-122,668387,30351030,30351033,3
channel-259,314472,30351038,30351042,4
channel-874,293479,30351040,30351047,7
channel-75,845363,30351043,30351049,6
channel-750,685037,30351046,30351050,4
channel-208,1491077,30351064,30351077,13
channel-750,685038,30351065,30351087,22
channel-750,685039,30351080,30351084,4
channel-208,1491078,30351083,30351096,13
channel-75,845364,30351083,30351099,16
channel-208,1491079,30351099,30351110,11
channel-208,1491080,30351106,30351112,6
channel-89321,19562,30351111,30351119,8
channel-89321,19563,30351111,30351119,8
channel-750,685040,30351111,30351133,22
channel-750,685041,30351113,30351121,8
channel-89321,19564,30351119,30351125,6
channel-122,668388,30351128,30351132,4
channel-781,11382,30351131,30351136,5
channel-1,408704,30351134,30351142,8
channel-326,538498,30351139,30351150,11
channel-750,685042,30351155,30351174,19
channel-208,1491081,30351165,30351174,9
channel-782,310287,30351169,30351173,4
channel-750,685043,30351173,30351186,13
channel-122,668389,30351173,30351176,3
channel-0,4040283,30351176,30351187,11
channel-781,11383,30351177,30351186,9
channel-750,685044,30351190,30351199,9
channel-750,685045,30351194,30351216,22
channel-750,685046,30351196,30351204,8
channel-0,4040284,30351197,30351205,8
channel-0,4040285,30351202,30351224,22
channel-750,685047,30351204,30351215,11
channel-0,4040286,30351207,30351219,12
channel-783,104399,30351209,30351218,9
channel-251,85287,30351215,30351224,9
channel-0,4040287,30351220,30351242,22
channel-143,128479,30351221,30351233,12
channel-0,4040288,30351226,30351238,12
channel-750,685048,30351232,30351255,23
channel-143,128480,30351235,30351251,16
channel-0,4040289,30351236,30351248,12
channel-750,685049,30351239,30351255,16
channel-0,4040290,30351239,30351252,13
channel-750,685050,30351245,30351255,10
channel-750,685051,30351248,30351259,11
channel-122,668390,30351251,30351255,4
channel-208,1491082,30351254,30351265,11
channel-143,128481,30351259,30351290,31
channel-750,685052,30351261,30351275,14
channel-750,685053,30351266,30351277,11
channel-82819,488,30351270,30351282,12
channel-208,1491083,30351270,30351280,10
channel-750,685054,30351271,30351281,10
channel-750,685055,30351274,30351296,22
channel-72,516482,30351287,30351341,54
channel-750,685056,30351294,30351307,13
channel-2716,2675,30351301,30351315,14
channel-750,685057,30351315,30351335,20
channel-1575,15204,30351317,30351327,10
channel-1429,140806,30351317,30351326,9
channel-750,685058,30351319,30351328,9
channel-0,4040291,30351320,30351329,9
channel-19774,346185,30351320,30351329,9
channel-750,685059,30351325,30351335,10
channel-122,668391,30351329,30351332,3
channel-21113,25363,30351330,30351337,7
channel-412,64661,30351335,30351348,13
channel-783,104400,30351335,30351341,6
channel-750,685060,30351336,30351347,11
channel-2188,43899,30351345,30351348,3
channel-783,104401,30351348,30351354,6
channel-750,685061,30351354,30351368,14
channel-6994,1326008,30351354,30351363,9
channel-750,685062,30351356,30351377,21
channel-750,685063,30351359,30351364,5
channel-5,184368,30351361,30351372,11
channel-750,685064,30351362,30351366,4
channel-85077,61081,30351365,30351373,8
channel-75,845365,30351367,30351373,6
channel-750,685065,30351378,30351407,29
channel-874,293480,30351379,30351398,19
channel-750,685066,30351381,30351390,9
channel-783,104402,30351386,30351394,8
channel-0,4040292,30351388,30351401,13
channel-0,4040293,30351398,30351411,13
channel-750,685067,30351398,30351408,10
channel-88,467227,30351398,30351425,27
channel-0,4040294,30351399,30351411,12
channel-0,4040295,30351399,30351411,12
channel-750,685068,30351403,30351427,24
channel-750,685069,30351404,30351410,6
channel-0,4040296,30351407,30351427,20
channel-1,408705,30351418,30351427,9
channel-6994,1326009,30351420,30351429,9
channel-783,104403,30351422,30351429,7
channel-122,668392,30351425,30351429,4
channel-98451,80,30351430,30351443,13
channel-85077,61082,30351432,30351439,7
channel-0,4040297,30351445,30351454,9
channel-750,685070,30351445,30351466,21
channel-750,685071,30351455,30351465,10
channel-0,4040298,30351455,30351476,21
channel-750,685072,30351474,30351489,15
channel-208,1491084,30351474,30351486,12
channel-750,685073,30351474,30351480,6
channel-750,685074,30351480,30351491,11
channel-750,685075,30351480,30351485,5
channel-6787,166822,30351481,30351486,5
channel-6994,1326010,30351481,30351490,9
channel-750,685076,30351483,30351498,15
channel-750,685077,30351485,30351520,35
channel-143,128482,30351489,30351509,20
channel-208,1491085,30351497,30351510,13
channel-208,1491086,30351509,30351520,11
channel-208,1491087,30351509,30351520,11
channel-750,685078,30351511,30351522,11
channel-783,104404,30351520,30351527,7
channel-1279,67145,30351521,30351532,11
channel-0,4040299,30351523,30351534,11
channel-874,293481,30351528,30351533,5
channel-750,685079,30351529,30351547,18
channel-6994,1326011,30351529,30351540,11
channel-340,3204,30351530,30351541,11
channel-6994,1326012,30351536,30351543,7
channel-783,104405,30351544,30351554,10
channel-6994,1326013,30351546,30351558,12
channel-75,845366,30351547,30351554,7
channel-6994,1326014,30351549,30351572,23
channel-208,1491088,30351556,30351567,11
channel-1,408706,30351562,30351571,9
channel-208,1491089,30351566,30351576,10
channel-750,685080,30351567,30351589,22
channel-208,1491090,30351581,30351595,14
channel-75,845367,30351582,30351592,10
channel-19774,346186,30351584,30351595,11
channel-412,64662,30351589,30351624,35
channel-783,104406,30351601,30351609,8
channel-750,685081,30351607,30351629,22
channel-1,408707,30351610,30351624,14
channel-1279,67146,30351612,30351622,10
channel-783,104407,30351628,30351636,8
channel-0,4040300,30351647,30351668,21
channel-1279,67147,30351648,30351656,8
channel-75,845368,30351650,30351655,5
channel-750,685082,30351653,30351679,26
channel-1,408708,30351656,30351665,9
channel-750,685083,30351666,30351686,20
channel-750,685084,30351671,30351676,5
channel-85077,61083,30351682,30351690,8
channel-75755,5556,30351684,30351695,11
channel-750,685085,30351692,30351718,26
channel-85077,61084,30351692,30351702,10
channel-0,4040301,30351702,30351711,9
channel-85077,61085,30351703,30351714,11
channel-0,4040302,30351705,30351711,6
channel-1,408709,30351712,30351720,8
channel-6994,1326015,30351713,30351719,6
channel-199,132882,30351718,30351730,12
channel-259,314473,30351722,30351728,6
channel-750,685086,30351726,30351731,5
channel-750,685087,30351743,30351752,9
channel-4,167086,30351754,30351763,9
channel-750,685088,30351755,30351777,22
channel-85077,61086,30351779,30351790,11
channel-85077,61087,30351785,30351795,10
channel-750,685089,30351804,30351827,23
channel-85077,61088,30351804,30351813,9
channel-15464,2663,30351805,30351857,52
channel-199,132883,30351808,30351816,8
channel-750,685090,30351809,30351830,21
channel-750,685091,30351809,30351817,8
channel-85077,61089,30351809,30351817,8
channel-122,668393,30351815,30351817,2
channel-767,14385,30351827,30351839,12
channel-750,685092,30351833,30351846,13
channel-6994,1326016,30351843,30351854,11
channel-89298,18758,30351845,30351856,11
channel-89321,19565,30351856,30351867,11
channel-340,3205,30351863,30351872,9
channel-750,685093,30351863,30351871,8
channel-15464,2664,30351874,30351904,30
channel-326,538499,30351890,30351896,6
channel-326,538500,30351890,30351896,6
channel-783,104408,30351896,30351904,8
channel-750,685094,30351912,30351917,5
channel-326,538501,30351915,30351929,14
channel-0,4040303,30351942,30351953,11
channel-75,845369,30351949,30351955,6
channel-326,538502,30351949,30351955,6
channel-750,685095,30351956,30351965,9
channel-75,845370,30351956,30351963,7
channel-750,685096,30351957,30351967,10
channel-208,1491091,30351968,30351978,10
channel-0,4040304,30351971,30351980,9
channel-0,4040305,30351978,30352005,27
channel-874,293482,30351989,30351994,5
channel-75,845371,30351993,30352002,9
channel-259,314474,30351995,30352001,6
channel-2494,31990,30351995,30352007,12
channel-199,132884,30351997,30352008,11
channel-0,4040306,30352001,30352008,7
channel-19774,346187,30352002,30352011,9
channel-750,685097,30352003,30352025,22
channel-232,49227,30352005,30352014,9
channel-750,685098,30352016,30352021,5
channel-199,132885,30352025,30352038,13
channel-208,1491092,30352027,30352041,14
channel-122,668394,30352027,30352031,4
channel-750,685099,30352051,30352069,18
channel-750,685100,30352054,30352060,6
channel-208,1491093,30352070,30352082,12
channel-767,14386,30352082,30352094,12
channel-750,685101,30352092,30352116,24
channel-750,685102,30352100,30352117,17
channel-216,94323,30352119,30352205,86
channel-326,538503,30352131,30352138,7
channel-750,685103,30352133,30352149,16
channel-750,685104,30352135,30352154,19
channel-75755,5557,30352150,30352163,13
channel-0,4040307,30352156,30352168,12
channel-122,668395,30352162,30352166,4
channel-750,685105,30352179,30352199,20
channel-122,668396,30352185,30352189,4
channel-216,94324,30352199,30352262,63
channel-208,1491094,30352199,30352209,10
channel-0,4040308,30352211,30352218,7
channel-0,4040309,30352217,30352228,11
channel-750,685106,30352220,30352240,20
channel-216,94325,30352227,30352314,87
channel-85791,3782,30352229,30352234,5
channel-208,1491095,30352248,30352259,11
channel-767,14387,30352258,30352267,9
channel-750,685107,30352263,30352285,22
channel-79180,3379,30352266,30352277,11
channel-75,845372,30352267,30352275,8
channel-326,538504,30352274,30352286,12
channel-216,94326,30352282,30352350,68
channel-2188,43900,30352300,30352305,5
channel-0,4040310,30352301,30352328,27
channel-750,685108,30352306,30352326,20
channel-750,685109,30352314,30352318,4
channel-2188,43901,30352322,30352325,3
channel-750,685110,30352349,30352371,22
channel-0,4040311,30352358,30352368,10
channel-0,4040312,30352359,30352368,9
channel-85077,61090,30352359,30352367,8
channel-0,4040313,30352360,30352373,13
channel-0,4040314,30352361,30352373,12
channel-6994,1326017,30352362,30352374,12
channel-750,685111,30352374,30352393,19
channel-6994,1326018,30352380,30352388,8
channel-0,4040315,30352389,30352417,28
channel-874,293483,30352396,30352401,5
channel-750,685112,30352397,30352420,23
channel-750,685113,30352398,30352402,4
channel-783,104409,30352408,30352413,5
channel-326,538505,30352424,30352447,23
channel-750,685114,30352434,30352458,24
channel-874,293484,30352438,30352447,9
channel-750,685115,30352438,30352459,21
channel-0,4040316,30352440,30352451,11
channel-6994,1326019,30352444,30352454,10
channel-75,845373,30352444,30352451,7
channel-783,104410,30352451,30352457,6
channel-2188,43902,30352452,30352457,5
channel-0,4040317,30352452,30352465,13
channel-750,685116,30352477,30352500,23
channel-750,685117,30352479,30352488,9
channel-122,668397,30352480,30352490,10
channel-750,685118,30352481,30352485,4
channel-326,538506,30352486,30352491,5
channel-2188,43903,30352502,30352506,4
channel-6994,1326020,30352509,30352518,9
channel-750,685119,30352514,30352540,26
channel-750,685120,30352519,30352536,17
channel-326,538507,30352527,30352542,15
channel-85077,61091,30352531,30352543,12
channel-75,845374,30352534,30352543,9
channel-320,119285,30352534,30352547,13
channel-122,668398,30352540,30352544,4
channel-750,685121,30352558,30352577,19
channel-2494,31991,30352571,30352583,12
channel-89298,18759,30352574,30352581,7
channel-75,845375,30352576,30352585,9
channel-783,104411,30352576,30352584,8
channel-2188,43904,30352580,30352584,4
channel-0,4040318,30352585,30352597,12
channel-326,538508,30352585,30352595,10
channel-0,4040319,30352591,30352602,11
channel-750,685122,30352594,30352609,15
channel-750,685123,30352598,30352603,5
channel-874,293485,30352604,30352610,6
channel-750,685124,30352605,30352625,20
channel-0,4040320,30352617,30352626,9
channel-19774,346188,30352628,30352637,9
channel-1429,140807,30352641,30352649,8
channel-208,1491096,30352650,30352660,10
channel-750,685125,30352654,30352676,22
channel-750,685126,30352667,30352694,27
channel-750,685127,30352683,30352689,6
channel-750,685128,30352687,30352704,17
channel-122,668399,30352691,30352695,4
channel-208,1491097,30352700,30352711,11
channel-750,685129,30352731,30352744,13
channel-19774,346189,30352735,30352744,9
channel-6994,1326021,30352737,30352747,10
channel-85077,61092,30352742,30352751,9
channel-181,13597,30352761,30352775,14
channel-89298,18760,30352778,30352791,13
channel-750,685130,30352785,30352794,9
channel-750,685131,30352789,30352794,5
channel-208,1491098,30352800,30352810,10
channel-199,132886,30352816,30352823,7
channel-208,1491099,30352823,30352832,9
channel-750,685132,30352830,30352844,14
channel-5,184369,30352837,30352844,7
channel-0,4040321,30352841,30352853,12
channel-208,1491100,30352845,30352856,11
channel-75,845376,30352865,30352872,7
channel-89321,19566,30352872,30352887,15
channel-6787,166823,30352878,30352882,4
channel-0,4040322,30352904,30352913,9
channel-75,845377,30352927,30352936,9
channel-208,1491101,30352931,30352943,12
channel-2,130697,30352948,30352962,14
channel-750,685133,30352954,30352966,12
channel-19774,346190,30352962,30352972,10
channel-874,293486,30352981,30352986,5
channel-6994,1326022,30352986,30352996,10
channel-0,4040323,30353009,30353028,19
channel-874,293487,30353011,30353017,6
channel-0,4040324,30353023,30353048,25
channel-6994,1326023,30353025,30353035,10
channel-320,119286,30353026,30353043,17
channel-0,4040325,30353036,30353044,8
channel-98451,82,30353054,30353078,24
channel-108,39869,30353063,30353074,11
channel-750,685134,30353082,30353100,18
channel-874,293488,30353085,30353102,17
channel-208,1491102,30353093,30353103,10
channel-98451,83,30353101,30353117,16
channel-169,117532,30353105,30353136,31
channel-199,132887,30353110,30353138,28
channel-6994,1326024,30353115,30353144,29
channel-6994,1326025,30353115,30357781,4666
channel-0,4040326,30353140,30353152,12
channel-208,1491103,30353152,30353162,10
channel-98130,84,30353158,30353173,15
channel-6994,1326026,30353162,30353174,12
channel-259,314475,30353168,30353175,7
channel-259,314476,30353195,30353200,5
channel-208,1491104,30353200,30353210,10
channel-259,314477,30353232,30353238,6
channel-122,668400,30353235,30353238,3
channel-259,314478,30353254,30353258,4
channel-0,4040327,30353272,30353278,6
channel-1429,140808,30353274,30353285,11
channel-412,64663,30353278,30353295,17
channel-113,301368,30353280,30353322,42
channel-0,4040328,30353297,30353306,9
channel-874,293489,30353301,30353306,5
channel-208,1491105,30353303,30353313,10
channel-75,845378,30353306,30353314,8
channel-874,293490,30353308,30353315,7
channel-1,408710,30353310,30353324,14
channel-874,293491,30353312,30353321,9
channel-75,845379,30353321,30353327,6
channel-874,293492,30353324,30353337,13
channel-1429,140809,30353333,30353347,14
channel-75,845380,30353333,30353346,13
channel-750,685135,30353347,30353352,5
channel-874,293493,30353348,30353356,8
channel-98451,84,30353357,30353367,10
channel-85077,61093,30353366,30353376,10
channel-75016,4671,30353379,30353391,12
channel-1,408711,30353384,30353394,10
channel-259,314479,30353386,30353392,6
channel-642,126548,30353398,30353428,30
channel-98451,85,30353399,30353417,18
channel-208,1491106,30353410,30353420,10
channel-143,128483,30353414,30353435,21
channel-6994,1326027,30353415,30353449,34
channel-0,4040329,30353419,30353435,16
channel-642,126549,30353420,30354491,1071
channel-320,119287,30353422,30353453,31
channel-184,137459,30353423,30353435,12
channel-208,1491107,30353429,30353437,8
channel-642,126550,30353430,30353499,69
channel-642,126551,30353447,30354491,1044
channel-642,126552,30353452,30353500,48
channel-1,408712,30353465,30353474,9
channel-1,408713,30353475,30353485,10
channel-642,126553,30353482,30354491,1009
channel-208,1491108,30353484,30353494,10
channel-208,1491109,30353497,30353507,10
channel-6994,1326028,30353499,30353508,9
channel-750,685136,30353515,30353519,4
channel-208,1491110,30353524,30353534,10
channel-259,314480,30353527,30353536,9
channel-0,4040330,30353530,30353541,11
channel-113,301369,30353543,30353592,49
channel-750,685137,30353544,30353548,4
channel-85077,61094,30353547,30353558,11
channel-750,685138,30353548,30353568,20
channel-85077,61095,30353555,30353570,15
channel-1,408714,30353571,30353583,12
channel-874,293494,30353582,30353589,7
channel-75,845381,30353583,30353590,7
channel-874,293495,30353596,30353602,6
channel-199,132888,30353596,30353604,8
channel-1,408715,30353596,30353607,11
channel-750,685139,30353597,30353619,22
channel-750,685140,30353605,30353623,18
channel-88,467228,30353606,30353659,53
channel-1,408716,30353612,30353631,19
channel-1,408717,30353615,30353631,16
channel-750,685141,30353616,30353626,10
channel-767,14388,30353637,30353649,12
channel-75,845382,30353637,30353645,8
channel-75,845383,30353638,30353645,7
channel-750,685142,30353644,30353659,15
channel-750,685143,30353646,30353652,6
channel-874,293496,30353648,30353656,8
channel-0,4040331,30353650,30353660,10
channel-42,1490097,30353652,30353662,10
channel-750,685144,30353659,30353664,5
channel-0,4040332,30353688,30353698,10
channel-208,1491111,30353700,30353712,12
channel-208,1491112,30353706,30353717,11
channel-75,845384,30353710,30353719,9
channel-188,190604,30353712,30353721,9
channel-122,668401,30353733,30353737,4
channel-525,6372,30353753,30353773,20
channel-0,4040333,30353758,30353770,12
channel-0,4040334,30353776,30353785,9
channel-6994,1326029,30353778,30353786,8
channel-750,685145,30353780,30353784,4
channel-750,685146,30353784,30353788,4
channel-91017,2927,30353785,30353835,50
channel-75,845385,30353839,30353846,7
channel-6994,1326030,30353854,30353867,13
channel-750,685147,30353868,30353873,5
channel-6787,166824,30353878,30353882,4
channel-782,310288,30353900,30353905,5
channel-874,293497,30353903,30353908,5
channel-259,314481,30353903,30353909,6
channel-0,4040335,30353906,30353916,10
channel-89321,19567,30353926,30353937,11
channel-122,668402,30353926,30353930,4
channel-229,55058,30353927,30353940,13
channel-75,845386,30353954,30353964,10
channel-113,301370,30353960,30354011,51
channel-143,128484,30353961,30353974,13
channel-750,685148,30353962,30353983,21
channel-1429,140810,30353971,30353983,12
channel-642,126554,30353971,30353980,9
channel-122,668403,30353983,30353987,4
channel-0,4040336,30353996,30354009,13
channel-85077,61096,30354024,30354030,6
channel-750,685149,30354025,30354052,27
channel-782,310289,30354040,30354045,5
channel-6994,1326031,30354060,30354067,7
channel-0,4040337,30354065,30354072,7
channel-88,467229,30354072,30354199,127
channel-750,685150,30354082,30354105,23
channel-89321,19568,30354085,30354094,9
channel-91017,2928,30354087,30354097,10
channel-208,1491113,30354099,30354111,12
channel-89321,19569,30354106,30354115,9
channel-1429,140811,30354112,30354120,8
channel-85077,61097,30354127,30354134,7
channel-6994,1326032,30354137,30354148,11
channel-750,685151,30354139,30354149,10
channel-750,685152,30354142,30354154,12
channel-750,685153,30354142,30354171,29
channel-767,14389,30354145,30354155,10
channel-750,685154,30354146,30354165,19
channel-750,685155,30354146,30354151,5
channel-85077,61098,30354149,30354160,11
channel-113,301371,30354151,30354347,196
channel-0,4040338,30354163,30354172,9
channel-42,1490098,30354175,30354183,8
channel-1429,140812,30354183,30354194,11
channel-750,685156,30354201,30354223,22
channel-208,1491114,30354202,30354214,12
channel-874,293498,30354207,30354212,5
channel-0,4040339,30354255,30354267,12
channel-89321,19570,30354272,30354278,6
channel-229,55059,30354272,30354280,8
channel-874,293499,30354273,30354279,6
channel-6994,1326033,30354275,30354284,9
channel-750,685157,30354281,30354301,20
channel-874,293500,30354284,30354293,9
channel-6994,1326034,30354289,30354297,8
channel-208,1491115,30354293,30354302,9
channel-1,408718,30354308,30354327,19
channel-750,685158,30354330,30354351,21
channel-143,128485,30354359,30354388,29
channel-72,516483,30354367,30354394,27
channel-75,845387,30354376,30354387,11
channel-6994,1326035,30354387,30354396,9
channel-750,685159,30354395,30354420,25
channel-184,137460,30354430,30354447,17
channel-750,685160,30354451,30354469,18
channel-1,408719,30354452,30354464,12
channel-0,4040340,30354454,30354465,11
channel-0,4040341,30354463,30354493,30
channel-6994,1326036,30354469,30354480,11
channel-113,301372,30354484,30354507,23
channel-0,4040342,30354493,30354502,9
channel-208,1491116,30354496,30354510,14
channel-94814,3802,30354513,30354527,14
channel-750,685161,30354520,30354543,23
channel-113,301373,30354524,30354558,34
channel-874,293501,30354536,30354541,5
channel-1,408720,30354536,30354548,12
channel-113,301374,30354552,30354589,37
channel-0,4040343,30354583,30354596,13
channel-750,685162,30354589,30354613,24
channel-89321,19571,30354608,30354617,9
channel-122,668404,30354609,30354622,13
channel-38946,124311,30354616,30354633,17
channel-6787,166825,30354616,30354620,4
channel-6994,1326037,30354634,30354647,13
channel-750,685163,30354650,30354671,21
channel-6994,1326038,30354652,30354661,9
channel-216,94327,30354654,30354724,70
channel-208,1491117,30354656,30354670,14
channel-750,685164,30354657,30354671,14
channel-0,4040344,30354671,30354684,13
channel-1279,67148,30354676,30354689,13
channel-88,467230,30354682,30354699,17
channel-229,55060,30354693,30354700,7
channel-0,4040345,30354699,30354710,11
channel-750,685165,30354700,30354722,22
channel-0,4040346,30354728,30354754,26
channel-6994,1326039,30354729,30354740,11
channel-2494,31992,30354735,30354744,9
channel-38946,124312,30354735,30354754,19
channel-750,685166,30354750,30354766,16
channel-88,467231,30354752,30354773,21
channel-38,11686,30354759,30354771,12
channel-874,293502,30354759,30354764,5
channel-874,293503,30354759,30354764,5
channel-750,685167,30354767,30354789,22
channel-89321,19572,30354776,30354786,10
channel-73755,5858,30354795,30354801,6
channel-251,85288,30354796,30354806,10
channel-89321,19573,30354799,30354810,11
channel-19774,346191,30354812,30354822,10
channel-199,132889,30354817,30354827,10
channel-6994,1326040,30354817,30354826,9
channel-750,685168,30354820,30354846,26
channel-122,668405,30354862,30354866,4
channel-208,1491118,30354870,30354879,9
channel-750,685169,30354875,30354887,12
channel-750,685170,30354876,30354897,21
channel-19774,346192,30354879,30354887,8
channel-199,132890,30354884,30354894,10
channel-750,685171,30354914,30354918,4
channel-874,293504,30354915,30354918,3
channel-38946,124313,30354925,30354935,10
channel-199,132891,30354927,30354937,10
channel-19774,346193,30354933,30354943,10
channel-750,685172,30354936,30354955,19
channel-38946,124314,30354946,30354956,10
channel-750,685173,30354953,30354958,5
channel-2188,43905,30354967,30354972,5
channel-19774,346194,30354983,30354995,12
channel-340,3206,30354991,30354998,7
channel-38946,124315,30354999,30355011,12
channel-750,685174,30355007,30355019,12
channel-750,685175,30355010,30355034,24
channel-208,1491119,30355017,30355026,9
channel-0,4040347,30355017,30355030,13
channel-73755,5859,30355018,30355024,6
channel-874,293505,30355031,30355036,5
channel-0,4040348,30355035,30355044,9
channel-750,685176,30355069,30355089,20
channel-20082,9906,30355072,30355081,9
channel-340,3207,30355080,30355093,13
channel-5,184370,30355085,30355096,11
channel-208,1491120,30355096,30355107,11
channel-91017,2929,30355103,30355112,9
channel-750,685177,30355106,30355114,8
channel-750,685178,30355127,30355150,23
channel-0,4040349,30355132,30355142,10
channel-750,685179,30355135,30355150,15
channel-91017,2930,30355136,30355212,76
channel-208,1491121,30355137,30355146,9
channel-89321,19574,30355138,30355145,7
channel-73755,5860,30355141,30355148,7
channel-85077,61099,30355149,30355161,12
channel-85077,61100,30355150,30355169,19
channel-0,4040350,30355161,30355171,10
channel-91017,2931,30355170,30355181,11
channel-874,293506,30355187,30355197,10
channel-750,685180,30355190,30355217,27
channel-0,4040351,30355200,30355212,12
channel-0,4040352,30355200,30355212,12
channel-73755,5861,30355203,30355212,9
channel-0,4040353,30355206,30355214,8
channel-85077,61101,30355215,30355226,11
channel-0,4040354,30355238,30355251,13
channel-0,4040355,30355246,30355259,13
channel-750,685181,30355257,30355281,24
channel-6994,1326041,30355257,30355266,9
channel-73755,5862,30355275,30355283,8
channel-89321,19575,30355283,30355293,10
channel-6787,166826,30355287,30355291,4
channel-750,685182,30355293,30355305,12
channel-0,4040356,30355296,30355306,10
channel-750,685183,30355309,30355313,4
channel-89321,19576,30355310,30355333,23
channel-750,685184,30355313,30355327,14
channel-76971,12259,30355315,30355335,20
channel-6994,1326042,30355319,30355328,9
channel-208,1491122,30355319,30355330,11
channel-750,685185,30355324,30355345,21
channel-0,4040357,30355324,30355336,12
channel-874,293507,30355326,30355331,5
channel-89321,19577,30355336,30355365,29
channel-6994,1326043,30355345,30355354,9
channel-229,55061,30355353,30355364,11
channel-85077,61102,30355357,30355367,10
channel-0,4040358,30355357,30355367,10
channel-1429,140813,30355357,30355368,11
channel-1,408721,30355363,30355372,9
channel-750,685186,30355374,30355397,23
channel-89321,19578,30355376,30355399,23
channel-326,538509,30355377,30355394,17
channel-204,670873,30355384,30355391,7
channel-89321,19579,30355387,30355433,46
channel-251,85289,30355404,30355414,10
channel-89321,19580,30355415,30355433,18
channel-750,685187,30355431,30355457,26
channel-1429,140814,30355439,30355448,9
channel-89321,19581,30355450,30355468,18
channel-2694,3328,30355485,30355502,17
channel-216,94328,30355490,30355641,151
channel-6994,1326044,30355502,30355512,10
channel-874,293508,30355502,30355507,5
channel-750,685188,30355504,30355525,21
channel-750,685189,30355521,30355531,10
channel-85077,61103,30355558,30355569,11
channel-6994,1326045,30355567,30355579,12
channel-199,132892,30355570,30355579,9
channel-750,685190,30355579,30355603,24
channel-89321,19582,30355606,30355638,32
channel-199,132893,30355608,30355616,8
channel-750,685191,30355612,30355624,12
channel-75,845388,30355618,30355626,8
channel-874,293509,30355619,30355626,7
channel-0,4040359,30355629,30355641,12
channel-0,4040360,30355630,30355641,11
channel-1429,140815,30355631,30355639,8
channel-750,685192,30355636,30355652,16
channel-208,1491123,30355639,30355649,10
channel-88,467232,30355641,30355762,121
channel-88,467233,30355641,30355762,121
channel-89321,19583,30355659,30355669,10
channel-98451,88,30355669,30355687,18
channel-208,1491124,30355690,30355701,11
channel-1429,140816,30355692,30355701,9
channel-1429,140817,30355693,30355701,8
channel-1429,140818,30355694,30355707,13
channel-79703,4462,30355696,30355712,16
channel-1429,140819,30355696,30355707,11
channel-750,685193,30355708,30355728,20
channel-6787,166827,30355716,30355720,4
channel-750,685194,30355727,30355737,10
channel-750,685195,30355728,30355737,9
channel-874,293510,30355729,30355734,5
channel-874,293511,30355741,30355746,5
channel-38946,124316,30355752,30355784,32
channel-750,685196,30355760,30355772,12
channel-750,685197,30355766,30355789,23
channel-88,467234,30355773,30355785,12
channel-4,167087,30355777,30355788,11
channel-199,132894,30355779,30355790,11
channel-750,685198,30355787,30355792,5
channel-874,293512,30355805,30355814,9
channel-874,293513,30355813,30355818,5
channel-1429,140820,30355814,30355823,9
channel-199,132895,30355822,30355830,8
channel-38946,124317,30355823,30355836,13
channel-88,467235,30355829,30355841,12
channel-98451,90,30355831,30355843,12
channel-38946,124318,30355832,30355850,18
channel-122,668406,30355834,30355837,3
channel-750,685199,30355835,30355846,11
channel-1429,140821,30355856,30355863,7
channel-750,685200,30355862,30355884,22
channel-750,685201,30355864,30355888,24
channel-115,20437,30355868,30355879,11
channel-199,132896,30355868,30355879,11
channel-38946,124319,30355882,30355902,20
channel-2,130698,30355895,30355908,13
channel-38946,124320,30355901,30355926,25
channel-199,132897,30355902,30355911,9
channel-91017,2932,30355904,30355947,43
channel-38946,124321,30355924,30355936,12
channel-1,408722,30355927,30355941,14
channel-750,685202,30355930,30356019,89
channel-750,685203,30355934,30355957,23
channel-38946,124322,30355935,30355948,13
channel-750,685204,30355938,30355944,6
channel-38946,124323,30355941,30355953,12
channel-91017,2933,30355951,30356027,76
channel-88,467236,30355959,30355975,16
channel-782,310290,30355994,30355998,4
channel-750,685205,30355997,30356018,21
channel-38946,124324,30355999,30356010,11
channel-0,4040361,30356030,30356058,28
channel-38946,124327,30356031,30356045,14
channel-208,1491125,30356032,30356042,10
channel-6897,5653,30356032,30356039,7
channel-750,685206,30356035,30356056,21
channel-38946,124328,30356052,30356068,16
channel-0,4040362,30356057,30356064,7
channel-750,685207,30356061,30356085,24
channel-73755,5864,30356064,30356328,264
channel-38946,124329,30356066,30356081,15
channel-2188,43906,30356072,30356077,5
channel-98451,91,30356076,30356094,18
channel-4,167088,30356083,30356094,11
channel-750,685208,30356092,30356096,4
channel-783,104412,30356095,30356104,9
channel-204,670874,30356110,30356118,8
channel-750,685209,30356111,30356117,6
channel-1279,67149,30356114,30356126,12
channel-750,685210,30356119,30356141,22
channel-0,4040363,30356122,30356132,10
channel-750,685211,30356125,30356133,8
channel-750,685212,30356127,30356135,8
channel-19774,346195,30356132,30356143,11
channel-874,293514,30356135,30356143,8
channel-750,685213,30356143,30356147,4
channel-165,71473,30356148,30356158,10
channel-204,670875,30356152,30356165,13
channel-38946,124332,30356154,30356180,26
channel-38946,124333,30356160,30356175,15
channel-1429,140822,30356174,30356186,12
channel-750,685214,30356187,30356206,19
channel-165,71474,30356206,30356215,9
channel-750,685215,30356210,30356220,10
channel-165,71475,30356216,30356225,9
channel-79703,4463,30356217,30356229,12
channel-6994,1326046,30356237,30356248,11
channel-72,516484,30356257,30356303,46
channel-165,71476,30356262,30356270,8
channel-750,685216,30356264,30356272,8
channel-19774,346196,30356280,30356289,9
channel-79703,4464,30356283,30356291,8
channel-38946,124336,30356293,30356304,11
channel-750,685217,30356327,30356331,4
channel-874,293515,30356361,30356368,7
channel-874,293516,30356384,30356388,4
channel-21113,25364,30356393,30356399,6
channel-199,132898,30356396,30356407,11
channel-79703,4465,30356403,30356415,12
channel-750,685218,30356412,30356417,5
channel-199,132899,30356414,30356432,18
channel-874,293517,30356433,30356442,9
channel-6994,1326047,30356447,30356457,10
channel-750,685219,30356524,30356533,9
channel-98451,92,30356554,30356564,10
channel-19774,346197,30356560,30356572,12
channel-750,685220,30356571,30356577,6
channel-750,685221,30356573,30356577,4
channel-750,685222,30356577,30356582,5
channel-199,132900,30356583,30356594,11
channel-750,685223,30356584,30356588,4
channel-750,685224,30356597,30356602,5
channel-2188,43907,30356597,30356603,6
channel-4,167089,30356598,30356608,10
channel-750,685225,30356601,30356604,3
channel-199,132901,30356610,30356621,11
channel-750,685226,30356616,30356621,5
channel-750,685227,30356618,30356634,16
channel-6994,1326048,30356620,30356631,11
channel-750,685228,30356622,30356626,4
channel-1429,140823,30356624,30356634,10
channel-199,132902,30356624,30356634,10
channel-750,685229,30356628,30356632,4
channel-767,14390,30356630,30356638,8
channel-6994,1326049,30356638,30356657,19
channel-6994,1326050,30356644,30356670,26
channel-19774,346198,30356655,30356669,14
channel-750,685230,30356680,30356686,6
channel-6994,1326051,30356687,30356699,12
channel-750,685231,30356687,30356692,5
channel-750,685232,30356704,30356709,5
channel-782,310291,30356705,30356713,8
channel-750,685233,30356720,30356725,5
channel-199,132903,30356732,30356740,8
channel-750,685234,30356736,30356741,5
channel-750,685235,30356743,30356751,8
channel-1424,7367,30356754,30356764,10
channel-750,685236,30356758,30356763,5
channel-85077,61104,30356770,30356778,8
channel-0,4040364,30356773,30356796,23
channel-4,167090,30356774,30356785,11
channel-199,132904,30356779,30356788,9
channel-75,845389,30356784,30356792,8
channel-5,184371,30356803,30356810,7
channel-750,685237,30356805,30356810,5
channel-750,685238,30356808,30356822,14
channel-122,668407,30356811,30357081,270
channel-5,184372,30356815,30356826,11
channel-5,184373,30356820,30356830,10
channel-208,1491126,30356823,30356834,11
channel-5,184374,30356832,30356842,10
channel-19774,346199,30356832,30356841,9
channel-143,128486,30356833,30356845,12
channel-874,293518,30356844,30356851,7
channel-1,408723,30356846,30356858,12
channel-199,132905,30356849,30356860,11
channel-85077,61105,30356850,30356859,9
channel-5,184375,30356852,30356863,11
channel-0,4040365,30356873,30356885,12
channel-750,685239,30356876,30356880,4
channel-750,685240,30356881,30356888,7
channel-0,4040366,30356893,30356902,9
channel-19774,346200,30356911,30356919,8
channel-5,184376,30356932,30356941,9
channel-0,4040367,30356933,30356942,9
channel-326,538510,30356936,30356941,5
channel-122,668408,30356967,30356970,3
channel-199,132906,30356970,30356983,13
channel-326,538511,30356981,30356989,8
channel-0,4040368,30356982,30356992,10
channel-0,4040369,30357032,30357042,10
channel-0,4040370,30357041,30357066,25
channel-0,4040371,30357058,30357066,8
channel-6994,1326052,30357095,30357103,8
channel-0,4040372,30357106,30357134,28
channel-98451,94,30357140,30357150,10
channel-1429,140824,30357145,30357155,10
channel-0,4040373,30357150,30357181,31
channel-6787,166828,30357164,30357169,5
channel-326,538512,30357172,30357181,9
channel-0,4040374,30357176,30357205,29
channel-199,132907,30357179,30357208,29
channel-0,4040375,30357181,30357191,10
channel-750,685241,30357190,30357194,4
channel-73755,5865,30357196,30357208,12
channel-492,20128,30357205,30357216,11
channel-0,4040376,30357207,30357235,28
channel-85077,61106,30357236,30357244,8
channel-251,85290,30357245,30357257,12
channel-19774,346201,30357255,30357267,12
channel-0,4040377,30357259,30357282,23
channel-874,293519,30357261,30357267,6
channel-216,94329,30357266,30357353,87
channel-216,94330,30357269,30357353,84
channel-181,13598,30357270,30357280,10
channel-874,293520,30357272,30357278,6
channel-208,1491127,30357287,30357298,11
channel-0,4040378,30357291,30357316,25
channel-0,4040379,30357301,30357310,9
channel-750,685242,30357302,30357319,17
channel-750,685243,30357325,30357343,18
channel-199,132908,30357325,30357341,16
channel-750,685244,30357327,30357344,17
channel-122,668409,30357335,30357338,3
channel-2494,31993,30357337,30357349,12
channel-199,132909,30357345,30357369,24
channel-208,1491128,30357355,30357364,9
channel-0,4040380,30357362,30357390,28
channel-320,119288,30357369,30357403,34
channel-199,132910,30357393,30357419,26
channel-91017,2934,30357407,30357416,9
channel-874,293521,30357412,30357417,5
channel-750,685245,30357414,30357426,12
channel-0,4040381,30357418,30357451,33
channel-0,4040382,30357419,30357447,28
channel-0,4040383,30357427,30357439,12
channel-750,685246,30357442,30357446,4
channel-326,538513,30357443,30357448,5
channel-1429,140825,30357443,30357451,8
channel-874,293522,30357444,30357451,7
channel-0,4040384,30357455,30357464,9
channel-750,685247,30357463,30357474,11
channel-874,293523,30357479,30357484,5
channel-89321,19584,30357502,30357507,5
channel-750,685248,30357502,30357593,91
channel-0,4040385,30357512,30357529,17
channel-0,4040386,30357530,30357538,8
channel-199,132911,30357531,30357559,28
channel-165,71477,30357536,30357544,8
channel-6994,1326053,30357550,30357562,12
channel-750,685249,30357558,30357572,14
channel-42,1490099,30357575,30357586,11
channel-73755,5866,30357577,30357605,28
channel-492,20129,30357585,30357596,11
channel-144,86705,30357590,30357599,9
channel-89298,18761,30357591,30357600,9
channel-340,3208,30357592,30357601,9
channel-122,668410,30357593,30357597,4
channel-6994,1326054,30357603,30357612,9
channel-750,685250,30357608,30357613,5
channel-320,119289,30357612,30357667,55
channel-38946,124337,30357614,30357630,16
channel-75,845390,30357616,30357624,8
channel-38946,124338,30357631,30357647,16
channel-199,132912,30357632,30357643,11
channel-38946,124339,30357640,30357651,11
channel-750,685251,30357644,30357661,17
channel-89321,19585,30357649,30357654,5
channel-0,4040387,30357659,30357669,10
channel-38946,124340,30357659,30357674,15
channel-6787,166829,30357664,30357669,5
channel-750,685252,30357669,30357683,14
channel-1575,15205,30357671,30357680,9
channel-38946,124341,30357684,30357699,15
channel-320,119290,30357692,30357719,27
channel-38946,124342,30357697,30357713,16
channel-1429,140826,30357704,30357719,15
channel-38946,124343,30357714,30357732,18
channel-208,1491129,30357744,30357752,8
channel-38946,124344,30357748,30357760,12
channel-642,126555,30357753,30357766,13
channel-0,4040388,30357754,30357763,9
channel-38946,124345,30357760,30357768,8
channel-38946,124346,30357765,30357783,18
channel-199,132913,30357766,30357773,7
channel-38946,124347,30357778,30357795,17
channel-2188,43908,30357788,30357793,5
channel-208,1491130,30357789,30357799,10
channel-38946,124348,30357802,30357815,13
channel-38946,124349,30357821,30357833,12
channel-38946,124350,30357826,30357842,16
channel-38946,124351,30357836,30357850,14
channel-85077,61107,30357839,30357853,14
channel-122,668411,30357874,30357878,4
channel-38946,124352,30357876,30357889,13
channel-2188,43909,30357882,30357887,5
channel-38946,124353,30357901,30357916,15
channel-38946,124354,30357917,30357930,13
channel-0,4040389,30357925,30357943,18
channel-98451,96,30357927,30357937,10
channel-122,668412,30357933,30357936,3
channel-85077,61108,30357938,30357951,13
channel-2188,43910,30357955,30357960,5
channel-642,126556,30357964,30357988,24
channel-38946,124355,30357965,30357982,17
channel-0,4040390,30357980,30357993,13
channel-216,94331,30357996,30358106,110
channel-216,94332,30358002,30358106,104
channel-85077,61109,30358006,30358013,7
channel-73755,5867,30358010,30358017,7
channel-38946,124359,30358017,30358046,29
channel-0,4040391,30358023,30358055,32
channel-199,132914,30358034,30358065,31
channel-750,685253,30358039,30358057,18
channel-208,1491131,30358039,30358048,9
channel-6994,1326055,30358046,30358059,13
channel-38946,124360,30358047,30358068,21
channel-89298,18762,30358056,30358067,11
channel-0,4040392,30358058,30358084,26
channel-1,408724,30358063,30358070,7
channel-750,685254,30358065,30358072,7
channel-122,668413,30358067,30358082,15
channel-38946,124361,30358070,30358090,20
channel-6994,1326056,30358079,30358087,8
channel-85077,61110,30358080,30358090,10
channel-38946,124362,30358090,30358103,13
channel-208,1491132,30358100,30358111,11
channel-750,685255,30358104,30358114,10
channel-750,685256,30358104,30358115,11
channel-1,408725,30358121,30358130,9
channel-38946,124363,30358128,30358142,14
channel-2188,43911,30358134,30358140,6
channel-0,4040393,30358139,30358171,32
channel-750,685257,30358146,30358152,6
channel-38946,124364,30358150,30358169,19
channel-38946,124365,30358154,30358177,23
channel-38946,124366,30358179,30358194,15
channel-750,685258,30358181,30358196,15
channel-38946,124367,30358193,30358203,10
channel-38946,124368,30358200,30358218,18
channel-122,668414,30358200,30358204,4
channel-0,4040394,30358201,30358213,12
channel-6994,1326057,30358205,30358214,9
channel-0,4040395,30358208,30358216,8
channel-4,167091,30358246,30358255,9
channel-122,668415,30358254,30358256,2
channel-0,4040396,30358272,30358283,11
channel-143,128487,30358283,30358302,19
channel-38946,124369,30358283,30358298,15
channel-21113,25365,30358283,30358291,8
channel-874,293524,30358297,30358306,9
channel-750,685259,30358297,30358308,11
channel-89321,19586,30358315,30358326,11
channel-98451,97,30358315,30358325,10
channel-874,293525,30358316,30358326,10
channel-98451,98,30358318,30358347,29
channel-6994,1326058,30358328,30358337,9
channel-1424,7368,30358331,30358342,11
channel-874,293526,30358346,30358351,5
channel-750,685260,30358360,30358364,4
channel-1429,140827,30358370,30358381,11
channel-2188,43912,30358375,30358381,6
channel-874,293527,30358377,30358384,7
channel-642,126557,30358383,30358412,29
channel-1,408726,30358399,30358413,14
channel-1,408727,30358410,30358426,16
channel-320,119291,30358424,30358455,31
channel-98451,99,30358429,30358446,17
channel-874,293528,30358430,30358437,7
channel-750,685261,30358435,30358441,6
channel-1575,15206,30358438,30358449,11
channel-0,4040397,30358443,30358494,51
channel-750,685262,30358455,30358460,5
channel-750,685263,30358456,30358460,4
channel-208,1491133,30358460,30358470,10
channel-750,685264,30358469,30358490,21
channel-6787,166830,30358481,30358485,4
channel-98451,100,30358521,30358535,14
channel-6994,1326059,30358528,30358539,11
channel-94814,3803,30358532,30358545,13
channel-143,128488,30358541,30358554,13
channel-208,1491134,30358544,30358555,11
channel-184,137461,30358560,30358570,10
channel-199,132915,30358562,30358571,9
channel-122,668416,30358569,30358575,6
channel-6994,1326060,30358569,30358579,10
channel-6994,1326061,30358583,30358593,10
channel-0,4040398,30358589,30358597,8
channel-6994,1326062,30358591,30358603,12
channel-199,132916,30358593,30358603,10
channel-326,538514,30358613,30358619,6
channel-6787,166831,30358613,30358617,4
channel-642,126558,30358625,30358653,28
channel-122,668417,30358630,30358633,3
channel-0,4040399,30358637,30358668,31
channel-0,4040400,30358667,30358678,11
channel-2188,43913,30358672,30358678,6
channel-229,55062,30358681,30358692,11
channel-0,4040401,30358688,30358697,9
channel-642,126559,30358697,30358707,10
channel-184,137462,30358708,30358717,9
channel-208,1491135,30358719,30358728,9
channel-412,64664,30358727,30358736,9
channel-0,4040402,30358731,30358744,13
channel-208,1491136,30358737,30358749,12
channel-412,64665,30358745,30358792,47
channel-0,4040403,30358760,30358770,10
channel-208,1491137,30358768,30358778,10
channel-122,668418,30358790,30358793,3
channel-75,845391,30358793,30358801,8
channel-122,668419,30358838,30358841,3
channel-216,94333,30358846,30358911,65
channel-6994,1326063,30358853,30358863,10
channel-0,4040404,30358858,30358869,11
channel-208,1491138,30358866,30358879,13
channel-19774,346202,30358870,30358880,10
channel-19774,346203,30358880,30358891,11
channel-232,49228,30358880,30358899,19
channel-326,538515,30358910,30358928,18
channel-750,685265,30358940,30358949,9
channel-85077,61111,30358946,30358954,8
channel-750,685266,30358963,30358975,12
channel-19774,346204,30358977,30358986,9
channel-208,1491139,30359002,30359011,9
channel-199,132917,30359040,30359066,26
channel-874,293529,30359041,30359044,3
channel-326,538516,30359067,30359880,813
channel-326,538517,30359067,30359880,813
channel-326,538518,30359067,30359880,813
channel-326,538519,30359067,30359880,813
channel-326,538520,30359067,30359880,813
channel-412,64666,30359070,30359080,10
channel-208,1491140,30359084,30359094,10
channel-19774,346205,30359093,30359105,12
channel-6994,1326064,30359099,30359108,9
channel-6994,1326065,30359117,30359159,42
channel-326,538521,30359132,30359147,15
channel-85077,61112,30359138,30359147,9
channel-232,49229,30359142,30359152,10
channel-874,293530,30359156,30359164,8
channel-0,4040405,30359158,30359168,10
channel-181,13599,30359164,30359173,9
channel-19774,346206,30359168,30359177,9
channel-181,13600,30359168,30359177,9
channel-122,668420,30359175,30359179,4
channel-122,668421,30359186,30359189,3
channel-199,132918,30359202,30359214,12
channel-874,293531,30359206,30359212,6
channel-208,1491141,30359208,30359217,9
channel-85077,61113,30359211,30359218,7
channel-326,538522,30359212,30359235,23
channel-750,685267,30359225,30359228,3
channel-326,538523,30359226,30359234,8
channel-85077,61114,30359227,30359234,7
channel-6994,1326066,30359233,30359246,13
channel-874,293532,30359235,30359241,6
channel-0,4040406,30359255,30359281,26
channel-874,293533,30359267,30359272,5
channel-6994,1326067,30359276,30359289,13
channel-0,4040407,30359290,30359302,12
channel-874,293534,30359303,30359308,5
channel-0,4040408,30359308,30359318,10
channel-0,4040409,30359317,30359328,11
channel-642,126560,30359324,30359336,12
channel-208,1491142,30359328,30359338,10
channel-326,538524,30359330,30359339,9
channel-326,538525,30359330,30359339,9
channel-326,538526,30359330,30359339,9
channel-326,538527,30359330,30359339,9
channel-326,538528,30359330,30359339,9
channel-326,538529,30359330,30359339,9
channel-326,538530,30359330,30359339,9
channel-326,538531,30359330,30359339,9
channel-874,293535,30359336,30359343,7
channel-0,4040410,30359339,30359349,10
channel-750,685268,30359362,30359367,5
channel-0,4040411,30359364,30359373,9
channel-6787,166832,30359365,30359371,6
channel-0,4040412,30359370,30359396,26
channel-874,293536,30359371,30359376,5
channel-326,538532,30359384,30359391,7
channel-72,516485,30359398,30359444,46
channel-0,4040413,30359413,30359424,11
channel-750,685269,30359440,30359445,5
channel-750,685270,30359449,30359454,5
channel-113,301375,30359457,30359500,43
channel-874,293537,30359460,30359464,4
channel-783,104413,30359467,30359473,6
channel-75,845392,30359473,30359479,6
channel-0,4040414,30359490,30359503,13
channel-874,293538,30359492,30359497,5
channel-113,301376,30359496,30359504,8
channel-75,845393,30359502,30359512,10
channel-6994,1326068,30359512,30359521,9
channel-642,126561,30359518,30359546,28
channel-750,685271,30359518,30359522,4
channel-874,293539,30359529,30359534,5
channel-0,4040415,30359533,30359557,24
channel-4,167092,30359535,30359544,9
channel-783,104414,30359552,30359561,9
channel-89298,18763,30359557,30359566,9
channel-750,685272,30359558,30359566,8
channel-874,293540,30359564,30359570,6
channel-208,1491143,30359567,30359579,12
channel-874,293541,30359597,30359605,8
channel-750,685273,30359599,30359603,4
channel-6994,1326069,30359602,30359613,11
channel-874,293542,30359633,30359639,6
channel-216,94334,30359649,30359678,29
channel-2186,40808,30359659,30359670,11
channel-874,293543,30359667,30359673,6
channel-0,4040416,30359669,30359697,28
channel-208,1491144,30359673,30359684,11
channel-6994,1326070,30359686,30359693,7
channel-412,64667,30359693,30359706,13
channel-874,293544,30359699,30359704,5
channel-0,4040417,30359706,30359716,10
channel-0,4040418,30359724,30359732,8
channel-1,408728,30359731,30359742,11
channel-874,293545,30359731,30359738,7
channel-89298,18764,30359733,30359739,6
channel-0,4040419,30359750,30359763,13
channel-184,137463,30359758,30359770,12
channel-874,293546,30359767,30359777,10
channel-642,126562,30359798,30359808,10
channel-72,516486,30359802,30359834,32
channel-6787,166833,30359811,30359815,4
channel-2188,43914,30359817,30359822,5
channel-72,516487,30359820,30359863,43
channel-91017,2935,30359826,30359898,72
channel-6994,1326071,30359828,30359841,13
channel-72,516488,30359857,30359903,46
channel-6994,1326072,30359869,30359877,8
channel-0,4040420,30359876,30359893,17
channel-1,408729,30359881,30359893,12
channel-6787,166834,30359885,30359890,5
channel-6994,1326073,30359888,30359896,8
channel-750,685274,30359896,30359901,5
channel-88,467237,30359909,30359939,30
channel-642,126563,30359912,30359927,15
channel-0,4040421,30359915,30359927,12
channel-91017,2936,30359915,30359927,12
channel-6994,1326074,30359922,30359934,12
channel-0,4040422,30359973,30359985,12
channel-122,668422,30359993,30359996,3
channel-750,685275,30360009,30360018,9
channel-75,845394,30360014,30360032,18
channel-98451,101,30360027,30360039,12
channel-0,4040423,30360070,30360082,12
channel-94814,3804,30360097,30360106,9
channel-208,1491145,30360110,30360122,12
channel-0,4040424,30360120,30360133,13
channel-6994,1326075,30360121,30360133,12
channel-2494,31994,30360127,30360141,14
channel-2494,31995,30360144,30360156,12
channel-108,39870,30360145,30360189,44
channel-85077,61115,30360147,30360157,10
channel-108,39871,30360150,30360189,39
channel-0,4040425,30360202,30360214,12
channel-2188,43915,30360202,30360207,5
channel-0,4040426,30360203,30360214,11
channel-750,685276,30360219,30360224,5
channel-75,845395,30360229,30360236,7
channel-492,20130,30360240,30360250,10
channel-750,685277,30360242,30360246,4
channel-6994,1326076,30360243,30360280,37
channel-750,685278,30360250,30360258,8
channel-0,4040427,30360263,30360275,12
channel-783,104415,30360273,30360282,9
channel-750,685279,30360277,30360282,5
channel-85077,61116,30360288,30360298,10
channel-6994,1326077,30360305,30360342,37
channel-85077,61117,30360310,30360320,10
channel-750,685280,30360311,30360316,5
channel-85077,61118,30360316,30360325,9
channel-85077,61119,30360332,30360340,8
channel-79241,953,30360342,30360350,8
channel-85077,61120,30360354,30360364,10
channel-750,685281,30360361,30360366,5
channel-85077,61121,30360361,30360371,10
channel-89298,18765,30360363,30360374,11
channel-6994,1326078,30360367,30360414,47
channel-0,4040428,30360381,30360393,12
channel-85077,61122,30360384,30360393,9
channel-85077,61123,30360385,30360393,8
channel-75,845396,30360387,30360405,18
channel-0,4040429,30360391,30360414,23
channel-750,685282,30360397,30360401,4
channel-85077,61124,30360408,30360419,11
channel-0,4040430,30360417,30360430,13
channel-1,408730,30360417,30360443,26
channel-19774,346207,30360429,30360437,8
channel-750,685283,30360433,30360437,4
channel-85077,61125,30360434,30360439,5
channel-72,516489,30360445,30360506,61
channel-0,4040431,30360448,30360459,11
channel-72,516490,30360454,30360510,56
channel-0,4040432,30360460,30360468,8
channel-750,685284,30360465,30360471,6
channel-0,4040433,30360477,30360498,21
channel-72,516491,30360478,30360529,51
channel-199,132919,30360489,30360497,8
channel-72,516492,30360493,30360550,57
channel-98451,102,30360498,30360508,10
channel-750,685285,30360499,30360503,4
channel-783,104416,30360521,30360529,8
channel-750,685286,30360534,30360538,4
channel-72,516493,30360544,30360598,54
channel-6994,1326079,30360547,30360559,12
channel-326,538533,30360563,30360606,43
channel-98451,103,30360564,30360580,16
channel-6994,1326080,30360566,30360577,11
channel-0,4040434,30360566,30360578,12
channel-750,685287,30360570,30360575,5
channel-0,4040435,30360570,30360582,12
channel-6994,1326081,30360591,30360602,11
channel-750,685288,30360605,30360609,4
channel-0,4040436,30360619,30360629,10
channel-85077,61126,30360623,30360630,7
channel-6994,1326082,30360637,30360646,9
channel-750,685289,30360640,30360644,4
channel-6994,1326083,30360663,30360673,10
channel-0,4040437,30360666,30360679,13
channel-6994,1326084,30360674,30360687,13
channel-750,685290,30360675,30360679,4
channel-6994,1326085,30360686,30360719,33
channel-874,293547,30360702,30360706,4
channel-208,1491146,30360705,30360720,15
channel-750,685291,30360707,30360712,5
channel-199,132920,30360714,30360724,10
channel-0,4040438,30360724,30360735,11
channel-1,408731,30360727,30360739,12
channel-89321,19587,30360727,30360737,10
channel-21113,25366,30360734,30360743,9
channel-750,685292,30360745,30360749,4
channel-184,137464,30360760,30360768,8
channel-6787,166835,30360761,30360766,5
channel-750,685293,30360777,30360780,3
channel-0,4040439,30360783,30360792,9
channel-0,4040440,30360784,30360797,13
channel-208,1491147,30360803,30360814,11
channel-0,4040441,30360805,30360815,10
channel-0,4040442,30360806,30360815,9
channel-750,685294,30360815,30360820,5
channel-0,4040443,30360822,30360831,9
channel-750,685295,30360822,30360839,17
channel-122,668423,30360822,30360826,4
channel-1,408732,30360830,30360840,10
channel-1,408733,30360835,30360851,16
channel-750,685296,30360836,30360854,18
channel-143,128489,30360836,30360852,16
channel-85077,61127,30360837,30360847,10
channel-208,1491148,30360840,30360849,9
channel-1,408734,30360842,30360855,13
channel-6994,1326086,30360848,30360856,8
channel-19774,346208,30360852,30360864,12
channel-0,4040444,30360857,30360864,7
channel-143,128490,30360872,30360887,15
channel-208,1491149,30360896,30360908,12
channel-0,4040445,30360899,30360910,11
channel-874,293548,30360899,30360908,9
channel-0,4040446,30360908,30360917,9
channel-208,1491150,30360911,30360922,11
channel-199,132921,30360935,30360947,12
channel-0,4040447,30360973,30360981,8
channel-750,685297,30360983,30360987,4
