channel_id,sequence,send_height,ack_height,block_delay
channel-6994,1322468,30200000,30200062,62
channel-750,680667,30200009,30200027,18
channel-85077,58883,30200018,30200061,43
channel-750,680668,30200027,30200040,13
channel-5,184171,30200037,30200048,11
channel-750,680669,30200041,30200045,4
channel-85077,58884,30200052,30200061,9
channel-122,667437,30200059,30200063,4
channel-326,537271,30200067,30200087,20
channel-6994,1322469,30200069,30200097,28
channel-85077,58885,30200071,30200097,26
channel-0,4035735,30200079,30200089,10
channel-750,680670,30200089,30200105,16
channel-750,680671,30200090,30200105,15
channel-72,516369,30200090,30200131,41
channel-85077,58886,30200092,30200132,40
channel-750,680672,30200095,30200109,14
channel-85791,3685,30200097,30200103,6
channel-750,680673,30200098,30200109,11
channel-85077,58887,30200107,30200132,25
channel-85077,58888,30200120,30200132,12
channel-216,94020,30200123,30200127,4
channel-199,132470,30200125,30200134,9
channel-750,680674,30200130,30200134,4
channel-6994,1322470,30200150,30200182,32
channel-0,4035736,30200151,30200161,10
channel-326,537272,30200173,30200178,5
channel-19774,345654,30200176,30200185,9
channel-222,3825,30200181,30200190,9
channel-326,537273,30200186,30200192,6
channel-874,292242,30200196,30200207,11
channel-42,1489762,30200197,30200204,7
channel-2494,31839,30200199,30200212,13
channel-0,4035737,30200201,30200209,8
channel-19774,345655,30200203,30200216,13
channel-89298,18536,30200207,30200215,8
channel-1,408002,30200219,30200312,93
channel-874,292243,30200234,30200239,5
channel-750,680675,30200238,30200253,15
channel-89298,18537,30200250,30200260,10
channel-113,301245,30200252,30200263,11
channel-143,128213,30200264,30200275,11
channel-326,537274,30200271,30200277,6
channel-75,844462,30200288,30200297,9
channel-122,667438,30200288,30200291,3
channel-79703,4390,30200302,30200309,7
channel-75,844463,30200311,30200319,8
channel-88,466981,30200312,30200330,18
channel-216,94021,30200323,30200327,4
channel-2494,31840,30200332,30200340,8
channel-122,667439,30200332,30200336,4
channel-216,94022,30200332,30200337,5
channel-72,516370,30200339,30200388,49
channel-2494,31841,30200352,30200363,11
channel-2494,31842,30200372,30200381,9
channel-320,119114,30200393,30200403,10
channel-0,4035738,30200399,30200408,9
channel-122,667440,30200405,30200409,4
channel-208,1489103,30200425,30200440,15
channel-208,1489104,30200446,30200454,8
channel-251,85113,30200457,30200470,13
channel-326,537275,30200458,30200487,29
channel-208,1489105,30200484,30200498,14
channel-113,301246,30200487,30200498,11
channel-85077,58889,30200487,30200540,53
channel-642,126459,30200496,30200539,43
channel-642,126460,30200507,30200561,54
channel-0,4035739,30200509,30200518,9
channel-642,126461,30200513,30200566,53
channel-85077,58890,30200514,30200540,26
channel-94814,3682,30200516,30200526,10
channel-85077,58891,30200541,30200571,30
channel-216,94023,30200554,30200558,4
channel-122,667441,30200554,30200558,4
channel-208,1489106,30200573,30200583,10
channel-238,10100,30200575,30200591,16
channel-222,3826,30200578,30200587,9
channel-1,408003,30200584,30200598,14
channel-0,4035740,30200593,30200603,10
channel-2,130554,30200595,30200606,11
channel-750,680676,30200597,30200606,9
channel-750,680677,30200598,30200633,35
channel-6994,1322471,30200599,30200607,8
channel-6994,1322472,30200608,30200624,16
channel-4,166739,30200611,30200634,23
channel-89298,18538,30200619,30200629,10
channel-362,86672,30200625,30200636,11
channel-208,1489107,30200627,30200638,11
channel-75,844464,30200633,30200638,5
channel-184,137332,30200645,30200654,9
channel-1,408004,30200647,30200676,29
channel-6787,166562,30200663,30200667,4
channel-340,3127,30200668,30200678,10
channel-0,4035741,30200675,30200688,13
channel-6787,166563,30200677,30200681,4
channel-6787,166564,30200678,30200682,4
channel-122,667442,30200679,30200683,4
channel-0,4035742,30200685,30200696,11
channel-6787,166565,30200700,30200704,4
channel-0,4035743,30200703,30200710,7
channel-1,408005,30200708,30200716,8
channel-113,301247,30200730,30200741,11
channel-76971,12203,30200739,30200766,27
channel-216,94024,30200742,30200746,4
channel-0,4035744,30200747,30200755,8
channel-0,4035745,30200748,30200772,24
channel-75,844465,30200757,30200766,9
channel-216,94025,30200767,30200771,4
channel-6787,166566,30200772,30200777,5
channel-750,680678,30200776,30200783,7
channel-0,4035746,30200778,30200787,9
channel-0,4035747,30200782,30200791,9
channel-75,844466,30200798,30200804,6
channel-75,844467,30200807,30200813,6
channel-326,537276,30200821,30200843,22
channel-85077,58892,30200825,30200852,27
channel-750,680679,30200827,30200838,11
channel-320,119115,30200848,30200859,11
channel-750,680680,30200854,30200869,15
channel-85077,58893,30200869,30200884,15
channel-75,844468,30200869,30200877,8
channel-204,670685,30200897,30200907,10
channel-204,670686,30200898,30200907,9
channel-85077,58894,30200903,30200915,12
channel-204,670687,30200904,30200914,10
channel-750,680681,30200905,30200916,11
channel-204,670688,30200908,30200917,9
channel-188,190497,30200911,30200923,12
channel-204,670689,30200913,30200922,9
channel-204,670690,30200915,30200926,11
channel-85077,58895,30200918,30200944,26
channel-0,4035748,30200918,30200928,10
channel-0,4035749,30200919,30200928,9
channel-0,4035750,30200920,30200933,13
channel-216,94026,30200922,30200927,5
channel-208,1489108,30200926,30200937,11
channel-204,670691,30200938,30200945,7
channel-122,667443,30200946,30200949,3
channel-204,670692,30200959,30200967,8
channel-0,4035751,30201000,30201009,9
channel-750,680682,30201013,30201030,17
channel-0,4035752,30201018,30201027,9
channel-750,680683,30201021,30201031,10
channel-0,4035753,30201026,30201033,7
channel-72,516371,30201055,30201080,25
channel-73755,5812,30201058,30201069,11
channel-0,4035754,30201059,30201072,13
channel-0,4035755,30201062,30201072,10
channel-0,4035756,30201071,30201082,11
channel-204,670693,30201083,30201093,10
channel-85077,58896,30201099,30201128,29
channel-320,119116,30201103,30201125,22
channel-216,94027,30201107,30201111,4
channel-0,4035757,30201112,30201125,13
channel-204,670694,30201123,30201131,8
channel-750,680684,30201147,30201152,5
channel-6994,1322473,30201156,30201170,14
channel-6994,1322474,30201162,30201175,13
channel-122,667444,30201181,30201185,4
channel-0,4035758,30201186,30201197,11
channel-6994,1322475,30201201,30201216,15
channel-0,4035759,30201205,30201216,11
channel-6994,1322476,30201217,30201240,23
channel-216,94028,30201220,30201224,4
channel-85077,58897,30201223,30201232,9
channel-85077,58898,30201231,30201267,36
channel-85077,58899,30201263,30201299,36
channel-85077,58900,30201276,30201299,23
channel-0,4035760,30201279,30201292,13
channel-0,4035761,30201282,30201292,10
channel-184,137333,30201285,30201299,14
channel-0,4035762,30201296,30201307,11
channel-216,94029,30201299,30201306,7
channel-75,844469,30201320,30201327,7
channel-216,94030,30201320,30201324,4
channel-208,1489109,30201325,30201340,15
channel-208,1489110,30201325,30201340,15
channel-42,1489763,30201339,30201390,51
channel-6994,1322477,30201344,30201370,26
channel-0,4035763,30201344,30201353,9
channel-19774,345656,30201354,30201363,9
channel-85077,58901,30201370,30201383,13
channel-208,1489111,30201372,30201385,13
channel-73755,5813,30201374,30201382,8
channel-750,680685,30201390,30201405,15
channel-188,190498,30201390,30201401,11
channel-208,1489112,30201405,30201417,12
channel-208,1489113,30201409,30201419,10
channel-85077,58902,30201414,30201435,21
channel-73755,5814,30201414,30201421,7
channel-750,680686,30201417,30201429,12
channel-88,466982,30201439,30201452,13
channel-750,680687,30201442,30201447,5
channel-326,537277,30201449,30201464,15
channel-73755,5815,30201449,30201458,9
channel-75755,5518,30201453,30201465,12
channel-85077,58903,30201457,30201464,7
channel-188,190499,30201468,30201481,13
channel-0,4035764,30201471,30201482,11
channel-216,94031,30201486,30201490,4
channel-251,85114,30201487,30201498,11
channel-0,4035765,30201496,30201515,19
channel-0,4035766,30201499,30201512,13
channel-88,466983,30201507,30201518,11
channel-75,844470,30201537,30201545,8
channel-208,1489114,30201546,30201559,13
channel-750,680688,30201552,30201561,9
channel-204,670695,30201560,30201565,5
channel-412,64374,30201567,30201575,8
channel-85077,58904,30201567,30201595,28
channel-204,670696,30201578,30201587,9
channel-75,844471,30201584,30201590,6
channel-0,4035767,30201591,30201604,13
channel-0,4035768,30201592,30201604,12
channel-412,64375,30201592,30201603,11
channel-750,680689,30201600,30201607,7
channel-750,680690,30201608,30201613,5
channel-874,292244,30201619,30201628,9
channel-6994,1322478,30201619,30201650,31
channel-326,537278,30201623,30201639,16
channel-85077,58905,30201627,30201658,31
channel-750,680691,30201632,30201644,12
channel-6994,1322479,30201665,30201679,14
channel-216,94032,30201674,30201678,4
channel-6994,1322480,30201679,30201688,9
channel-750,680692,30201682,30201692,10
channel-750,680693,30201683,30201699,16
channel-216,94033,30201689,30201693,4
channel-0,4035769,30201691,30201703,12
channel-94814,3683,30201699,30201716,17
channel-75,844472,30201699,30201706,7
channel-750,680694,30201710,30201715,5
channel-76971,12204,30201739,30201753,14
channel-0,4035770,30201752,30201774,22
channel-208,1489115,30201754,30201765,11
channel-0,4035771,30201770,30201779,9
channel-0,4035772,30201773,30201785,12
channel-2716,2662,30201785,30201807,22
channel-0,4035773,30201789,30201799,10
channel-4,166740,30201789,30201811,22
channel-19774,345657,30201803,30201812,9
channel-0,4035774,30201806,30201818,12
channel-0,4035775,30201814,30201823,9
channel-75,844473,30201819,30201827,8
channel-0,4035776,30201826,30201847,21
channel-6994,1322481,30201843,30201864,21
channel-2188,43397,30201851,30201857,6
channel-0,4035777,30201853,30201864,11
channel-85077,58906,30201859,30201883,24
channel-216,94034,30201872,30201876,4
channel-750,680695,30201872,30201887,15
channel-326,537279,30201876,30201896,20
channel-2188,43398,30201878,30201882,4
channel-6994,1322482,30201884,30201896,12
channel-94814,3684,30201889,30201900,11
channel-208,1489116,30201896,30201906,10
channel-85077,58907,30201902,30201911,9
channel-750,680696,30201913,30201917,4
channel-19774,345658,30201914,30201919,5
channel-750,680697,30201918,30201935,17
channel-229,54986,30201918,30201927,9
channel-1429,140627,30201919,30201925,6
channel-251,85115,30201919,30201939,20
channel-0,4035778,30201921,30201945,24
channel-750,680698,30201922,30201931,9
channel-0,4035779,30201928,30201943,15
channel-750,680699,30201929,30201936,7
channel-750,680700,30201929,30201936,7
channel-750,680701,30201929,30201936,7
channel-750,680702,30201931,30201940,9
channel-91017,2692,30201931,30201937,6
channel-216,94035,30201932,30201936,4
channel-2,130555,30201932,30201942,10
channel-750,680703,30201932,30201943,11
channel-251,85116,30201932,30201939,7
channel-750,680704,30201933,30201943,10
channel-750,680705,30201933,30201940,7
channel-188,190500,30201936,30201966,30
channel-750,680706,30201937,30201947,10
channel-0,4035780,30201938,30201954,16
channel-750,680707,30201939,30201951,12
channel-216,94036,30201940,30201944,4
channel-0,4035781,30201942,30201954,12
channel-750,680708,30201943,30201957,14
channel-19774,345659,30201945,30201959,14
channel-0,4035782,30201945,30201952,7
channel-750,680709,30201945,30201950,5
channel-750,680710,30201947,30201964,17
channel-326,537280,30201947,30201960,13
channel-750,680711,30201950,30201957,7
channel-750,680712,30201951,30201960,9
channel-750,680713,30201951,30201955,4
channel-1429,140628,30201952,30201958,6
channel-88,466984,30201952,30201978,26
channel-1,408006,30201954,30201997,43
channel-251,85117,30201954,30201962,8
channel-1,408007,30201954,30201997,43
channel-750,680714,30201954,30201962,8
channel-750,680715,30201954,30201962,8
channel-326,537281,30201954,30201967,13
channel-750,680716,30201958,30201962,4
channel-0,4035783,30201958,30201976,18
channel-0,4035784,30201958,30201979,21
channel-1,408008,30201958,30201997,39
channel-874,292245,30201958,30201961,3
channel-782,310005,30201958,30201975,17
channel-750,680717,30201959,30201977,18
channel-750,680718,30201959,30201969,10
channel-750,680719,30201959,30201962,3
channel-208,1489117,30201959,30201968,9
channel-19774,345660,30201960,30201967,7
channel-750,680720,30201960,30201967,7
channel-85077,58908,30201960,30201986,26
channel-874,292246,30201961,30201967,6
channel-750,680721,30201962,30201976,14
channel-750,680722,30201962,30201976,14
channel-122,667445,30201963,30201967,4
channel-750,680723,30201965,30201977,12
channel-750,680724,30201965,30201977,12
channel-750,680725,30201966,30201980,14
channel-750,680726,30201967,30201971,4
channel-750,680727,30201968,30201972,4
channel-750,680728,30201969,30201974,5
channel-750,680729,30201971,30201976,5
channel-750,680730,30201973,30201985,12
channel-208,1489118,30201976,30201983,7
channel-5,184172,30201977,30201982,5
channel-0,4035785,30201979,30202004,25
channel-4,166741,30201979,30202018,39
channel-229,54987,30201981,30201993,12
channel-340,3128,30201985,30201996,11
channel-874,292247,30201987,30201995,8
channel-85077,58909,30201988,30202015,27
channel-750,680731,30201990,30202001,11
channel-143,128214,30201991,30202017,26
channel-750,680732,30201993,30201996,3
channel-208,1489119,30201995,30202006,11
channel-0,4035786,30201995,30202004,9
channel-208,1489120,30201996,30202006,10
channel-122,667446,30201997,30202001,4
channel-750,680733,30201998,30202006,8
channel-6994,1322483,30201999,30202009,10
channel-88,466985,30202001,30202027,26
channel-750,680734,30202001,30202023,22
channel-204,670698,30202004,30202012,8
channel-0,4035787,30202004,30202026,22
channel-1429,140629,30202004,30202015,11
channel-38946,123943,30202007,30202020,13
channel-4,166742,30202008,30202025,17
channel-750,680735,30202015,30202029,14
channel-750,680736,30202018,30202029,11
channel-874,292248,30202018,30202025,7
channel-750,680737,30202018,30202027,9
channel-750,680738,30202019,30202032,13
channel-750,680739,30202021,30202034,13
channel-750,680740,30202021,30202025,4
channel-0,4035788,30202023,30202038,15
channel-750,680741,30202023,30202034,11
channel-750,680742,30202024,30202032,8
channel-750,680743,30202024,30202054,30
channel-750,680744,30202024,30202036,12
channel-216,94037,30202028,30202032,4
channel-4,166743,30202030,30202059,29
channel-750,680745,30202032,30202044,12
channel-143,128215,30202032,30202043,11
channel-750,680746,30202032,30202037,5
channel-216,94038,30202035,30202039,4
channel-750,680747,30202035,30202040,5
channel-750,680748,30202037,30202050,13
channel-91017,2693,30202037,30202045,8
channel-204,670699,30202038,30202044,6
channel-5,184173,30202042,30202049,7
channel-85077,58910,30202047,30202068,21
channel-208,1489121,30202048,30202054,6
channel-750,680749,30202048,30202059,11
channel-750,680750,30202049,30202058,9
channel-0,4035789,30202050,30202069,19
channel-750,680751,30202050,30202062,12
channel-750,680752,30202052,30202059,7
channel-750,680753,30202053,30202065,12
channel-750,680754,30202053,30202077,24
channel-874,292249,30202054,30202060,6
channel-6994,1322484,30202054,30202068,14
channel-750,680755,30202054,30202070,16
channel-0,4035790,30202054,30202068,14
channel-216,94039,30202054,30202058,4
channel-0,4035791,30202056,30202080,24
channel-0,4035792,30202056,30202068,12
channel-88,466986,30202056,30202070,14
channel-750,680756,30202057,30202066,9
channel-216,94040,30202058,30202062,4
channel-208,1489122,30202058,30202068,10
channel-0,4035793,30202062,30202069,7
channel-208,1489123,30202062,30202070,8
channel-782,310006,30202066,30202070,4
channel-85077,58911,30202068,30202097,29
channel-0,4035794,30202071,30202080,9
channel-216,94041,30202073,30202077,4
channel-750,680757,30202073,30202082,9
channel-0,4035795,30202074,30202094,20
channel-750,680758,30202075,30202082,7
channel-204,670700,30202076,30233757,31681
channel-1429,140630,30202077,30202082,5
channel-750,680759,30202079,30202082,3
channel-143,128216,30202080,30202098,18
channel-750,680760,30202080,30202088,8
channel-85077,58912,30202080,30202097,17
channel-143,128217,30202080,30202089,9
channel-91017,2694,30202080,30202088,8
channel-750,680761,30202080,30202082,2
channel-750,680762,30202080,30202091,11
channel-750,680763,30202080,30202088,8
channel-750,680764,30202080,30202088,8
channel-750,680765,30202082,30202117,35
channel-750,680766,30202082,30202093,11
channel-122,667447,30202082,30202239,157
channel-208,1489124,30202082,30202091,9
channel-750,680767,30202082,30202093,11
channel-122,667448,30202082,30202088,6
channel-208,1489125,30202082,30202091,9
channel-208,1489126,30202082,30202091,9
channel-750,680768,30202085,30202090,5
channel-208,1489127,30202088,30202093,5
channel-208,1489128,30202088,30202093,5
channel-19774,345661,30202090,30202101,11
channel-750,680769,30202090,30202094,4
channel-874,292250,30202091,30202102,11
channel-750,680770,30202091,30202096,5
channel-874,292251,30202092,30202102,10
channel-208,1489129,30202093,30202102,9
channel-208,1489130,30202094,30202105,11
channel-143,128218,30202096,30202106,10
channel-750,680771,30202097,30202112,15
channel-6994,1322485,30202097,30202106,9
channel-85791,3686,30202097,30202107,10
channel-782,310007,30202097,30202102,5
channel-4,166744,30202102,30202169,67
channel-750,680772,30202102,30202113,11
channel-85077,58913,30202104,30202145,41
channel-87,182883,30202104,30202116,12
channel-208,1489131,30202105,30202112,7
channel-2188,43399,30202106,30202111,5
channel-750,680773,30202107,30202122,15
channel-6994,1322486,30202107,30202138,31
channel-750,680774,30202111,30202122,11
channel-251,85118,30202113,30202124,11
channel-208,1489132,30202117,30202127,10
channel-750,680775,30202120,30202126,6
channel-750,680776,30202120,30202139,19
channel-750,680777,30202120,30202134,14
channel-750,680778,30202120,30202126,6
channel-874,292252,30202121,30202128,7
channel-91017,2695,30202122,30202132,10
channel-0,4035796,30202125,30202138,13
channel-6994,1322487,30202127,30202138,11
channel-4,166745,30202128,30202169,41
channel-0,4035797,30202131,30202151,20
channel-0,4035798,30202131,30202156,25
channel-750,680779,30202134,30202143,9
channel-208,1489133,30202136,30202149,13
channel-750,680780,30202136,30202141,5
channel-208,1489134,30202136,30202149,13
channel-1,408009,30202139,30202169,30
channel-750,680781,30202139,30202148,9
channel-750,680782,30202142,30202167,25
channel-85077,58914,30202149,30202177,28
channel-0,4035799,30202151,30202180,29
channel-208,1489135,30202154,30202166,12
channel-750,680783,30202154,30202164,10
channel-874,292253,30202154,30202160,6
channel-2188,43400,30202157,30202161,4
channel-1,408010,30202157,30202169,12
channel-199,132471,30202158,30202168,10
channel-122,667449,30202159,30202162,3
channel-0,4035800,30202160,30202186,26
channel-91017,2696,30202161,30202169,8
channel-143,128219,30202162,30202174,12
channel-85077,58915,30202168,30202177,9
channel-208,1489136,30202170,30202179,9
channel-88,466987,30202173,30202289,116
channel-216,94042,30202175,30202179,4
channel-208,1489137,30202177,30202189,12
channel-750,680784,30202181,30202191,10
channel-208,1489138,30202181,30202192,11
channel-0,4035801,30202181,30202189,8
channel-750,680785,30202183,30202191,8
channel-229,54988,30202183,30202198,15
channel-750,680786,30202184,30202189,5
channel-412,64376,30202186,30202196,10
channel-122,667450,30202188,30202198,10
channel-5,184174,30202191,30202203,12
channel-208,1489139,30202194,30202206,12
channel-85791,3687,30202195,30202202,7
channel-208,1489140,30202195,30202206,11
channel-412,64377,30202195,30202205,10
channel-91017,2697,30202197,30202206,9
channel-642,126463,30202198,30202344,146
channel-750,680787,30202199,30202223,24
channel-750,680788,30202200,30202212,12
channel-1429,140631,30202202,30202213,11
channel-750,680789,30202204,30202209,5
channel-750,680790,30202205,30202213,8
channel-750,680791,30202209,30202213,4
channel-122,667451,30202210,30202213,3
channel-750,680792,30202215,30202232,17
channel-0,4035802,30202217,30202227,10
channel-326,537282,30202218,30202223,5
channel-412,64378,30202223,30202232,9
channel-208,1489141,30202225,30202235,10
channel-750,680793,30202230,30202243,13
channel-1,408011,30202232,30202261,29
channel-0,4035803,30202232,30202246,14
channel-750,680794,30202235,30202240,5
channel-72,516372,30202237,30202339,102
channel-0,4035804,30202238,30202371,133
channel-750,680795,30202241,30202249,8
channel-91017,2698,30202241,30202248,7
channel-143,128220,30202242,30202266,24
channel-4,166746,30202243,30202263,20
channel-750,680796,30202246,30202260,14
channel-326,537283,30202246,30202254,8
channel-750,680797,30202250,30202264,14
channel-0,4035805,30202250,30202270,20
channel-782,310008,30202251,30202256,5
channel-750,680798,30202252,30202264,12
channel-750,680799,30202256,30202267,11
channel-750,680800,30202259,30202264,5
channel-0,4035806,30202263,30202280,17
channel-2186,40740,30202263,30202286,23
channel-2188,43401,30202264,30202266,2
channel-750,680801,30202264,30202288,24
channel-750,680802,30202266,30202270,4
channel-208,1489142,30202268,30202278,10
channel-750,680803,30202268,30202284,16
channel-0,4035807,30202268,30202280,12
channel-750,680804,30202276,30202282,6
channel-341,3375,30202277,30202289,12
channel-208,1489143,30202277,30202287,10
channel-0,4035808,30202281,30202304,23
channel-750,680805,30202284,30202297,13
channel-320,119117,30202285,30202318,33
channel-750,680806,30202287,30202292,5
channel-0,4035809,30202289,30202299,10
channel-5,184175,30202296,30202307,11
channel-85077,58916,30202297,30202320,23
channel-0,4035810,30202299,30202309,10
channel-208,1489144,30202301,30202311,10
channel-208,1489145,30202304,30202314,10
channel-0,4035811,30202309,30202319,10
channel-750,680807,30202319,30202342,23
channel-85077,58917,30202319,30202355,36
channel-0,4035812,30202322,30202340,18
channel-85077,58918,30202323,30202355,32
channel-750,680808,30202327,30202342,15
channel-6994,1322488,30202327,30202411,84
channel-0,4035813,30202331,30202340,9
channel-750,680809,30202334,30202345,11
channel-208,1489146,30202337,30202348,11
channel-5,184176,30202337,30202348,11
channel-6994,1322489,30202345,30202411,66
channel-750,680810,30202352,30202365,13
channel-340,3129,30202352,30202395,43
channel-750,680811,30202358,30202363,5
channel-208,1489147,30202367,30202378,11
channel-326,537284,30202368,30202378,10
channel-1,408012,30202370,30202379,9
channel-750,680812,30202374,30202405,31
channel-6994,1322490,30202378,30202388,10
channel-0,4035814,30202381,30202390,9
channel-79703,4391,30202385,30202399,14
channel-326,537285,30202394,30202399,5
channel-874,292254,30202397,30202409,12
channel-148,16074,30202411,30202418,7
channel-208,1489148,30202414,30202423,9
channel-208,1489149,30202415,30202423,8
channel-87,182884,30202425,30202434,9
channel-0,4035815,30202427,30202438,11
channel-89298,18539,30202428,30202438,10
channel-750,680813,30202428,30202432,4
channel-750,680814,30202428,30202432,4
channel-208,1489150,30202438,30202449,11
channel-85077,58919,30202438,30202470,32
channel-750,680815,30202450,30202468,18
channel-208,1489151,30202451,30202464,13
channel-208,1489152,30202451,30202464,13
channel-216,94043,30202452,30202456,4
channel-2188,43402,30202456,30202461,5
channel-4,166747,30202457,30202480,23
channel-642,126464,30202461,30202501,40
channel-750,680816,30202472,30202476,4
channel-642,126465,30202473,30202522,49
channel-750,680817,30202474,30202481,7
channel-208,1489153,30202482,30202494,12
channel-2188,43403,30202484,30202488,4
channel-91017,2699,30202487,30202496,9
channel-216,94044,30202491,30202496,5
channel-208,1489154,30202492,30202501,9
channel-75,844474,30202501,30202507,6
channel-208,1489155,30202501,30202510,9
channel-208,1489156,30202512,30202522,10
channel-320,119118,30202513,30202520,7
channel-750,680818,30202521,30202542,21
channel-208,1489157,30202529,30202547,18
channel-0,4035816,30202529,30202540,11
channel-208,1489158,30202532,30202547,15
channel-750,680819,30202537,30202542,5
channel-85077,58920,30202542,30202585,43
channel-0,4035817,30202543,30202555,12
channel-750,680820,30202551,30202571,20
channel-122,667452,30202553,30202556,3
channel-0,4035818,30202554,30202572,18
channel-6787,166567,30202557,30202562,5
channel-750,680821,30202564,30202573,9
channel-2494,31843,30202565,30202575,10
channel-0,4035819,30202568,30202575,7
channel-0,4035820,30202572,30202584,12
channel-6994,1322491,30202573,30202591,18
channel-782,310009,30202573,30202579,6
channel-75,844475,30202576,30202584,8
channel-2188,43404,30202579,30202584,5
channel-208,1489159,30202579,30202587,8
channel-0,4035821,30202584,30202603,19
channel-750,680822,30202584,30202603,19
channel-750,680823,30202586,30202595,9
channel-750,680824,30202586,30202595,9
channel-85077,58921,30202591,30202617,26
channel-0,4035822,30202591,30202603,12
channel-20082,9851,30202595,30202606,11
channel-750,680825,30202596,30202603,7
channel-750,680826,30202600,30202615,15
channel-208,1489160,30202600,30202610,10
channel-1,408013,30202605,30202615,10
channel-91017,2700,30202605,30202613,8
channel-341,3376,30202605,30202616,11
channel-750,680827,30202609,30202630,21
channel-0,4035823,30202615,30202637,22
channel-85077,58922,30202618,30202648,30
channel-4,166748,30202620,30202656,36
channel-208,1489161,30202626,30202635,9
channel-85077,58923,30202628,30202648,20
channel-2188,43405,30202631,30202635,4
channel-208,1489162,30202631,30202643,12
channel-229,54989,30202639,30202647,8
channel-750,680828,30202639,30202645,6
channel-85077,58924,30202640,30202648,8
channel-208,1489163,30202641,30202653,12
channel-4,166749,30202644,30202669,25
channel-91017,2701,30202645,30202653,8
channel-208,1489164,30202652,30202661,9
channel-85077,58925,30202654,30202677,23
channel-20082,9852,30202656,30202668,12
channel-642,126466,30202657,30202687,30
channel-750,680829,30202660,30202672,12
channel-208,1489165,30202663,30202673,10
channel-6994,1322492,30202675,30202714,39
channel-94814,3685,30202675,30202687,12
channel-208,1489166,30202675,30202686,11
channel-0,4035824,30202677,30202685,8
channel-6994,1322493,30202685,30202695,10
channel-88,466988,30202693,30202704,11
channel-341,3377,30202693,30202701,8
channel-208,1489167,30202695,30202705,10
channel-208,1489168,30202697,30202705,8
channel-750,680830,30202699,30202712,13
channel-19774,345662,30202708,30202716,8
channel-0,4035825,30202710,30202727,17
channel-750,680831,30202710,30202723,13
channel-0,4035826,30202719,30202731,12
channel-85077,58926,30202726,30202753,27
channel-750,680832,30202730,30202735,5
channel-208,1489169,30202732,30202741,9
channel-85077,58927,30202755,30202781,26
channel-208,1489170,30202758,30202769,11
channel-0,4035827,30202765,30202774,9
channel-208,1489171,30202768,30202779,11
channel-122,667453,30202772,30202775,3
channel-0,4035828,30202788,30202800,12
channel-522,40402,30202793,30202804,11
channel-750,680833,30202799,30202803,4
channel-75,844476,30202800,30202806,6
channel-146,20021,30202807,30202816,9
channel-143,128221,30202811,30202820,9
channel-19774,345663,30202812,30202823,11
channel-750,680834,30202815,30202820,5
channel-75,844477,30202815,30202832,17
channel-6994,1322494,30202815,30202825,10
channel-2,130556,30202816,30202827,11
channel-88,466989,30202816,30202889,73
channel-750,680835,30202818,30202834,16
channel-874,292255,30202818,30202822,4
channel-77,50247,30202824,30202833,9
channel-75,844478,30202828,30202846,18
channel-4,166750,30202830,30202844,14
channel-2188,43406,30202832,30202837,5
channel-1,408014,30202832,30202868,36
channel-0,4035829,30202833,30202854,21
channel-208,1489172,30202838,30202848,10
channel-38946,123944,30202848,30202874,26
channel-6994,1322495,30202848,30202862,14
channel-326,537286,30202856,30202867,11
channel-148,16075,30202857,30202866,9
channel-21113,25272,30202858,30202864,6
channel-259,314113,30202866,30202871,5
channel-208,1489173,30202871,30202886,15
channel-0,4035830,30202878,30202889,11
channel-750,680836,30202902,30202918,16
channel-6897,5622,30202912,30202920,8
channel-208,1489174,30202915,30202925,10
channel-874,292256,30202918,30202925,7
channel-1429,140632,30202918,30202929,11
channel-188,190501,30202918,30202962,44
channel-75,844479,30202923,30202931,8
channel-42,1489764,30202923,30202931,8
channel-4,166751,30202924,30202957,33
channel-85077,58928,30202924,30202954,30
channel-2188,43407,30202927,30202931,4
channel-143,128222,30202927,30202939,12
channel-75,844480,30202929,30202936,7
channel-91017,2702,30202930,30202939,9
channel-0,4035831,30202931,30202940,9
channel-0,4035832,30202932,30202957,25
channel-874,292257,30202941,30202947,6
channel-199,132472,30202943,30202951,8
channel-181,13577,30202948,30202957,9
channel-750,680837,30202949,30202954,5
channel-0,4035833,30202950,30202957,7
channel-2188,43408,30202954,30202957,3
channel-75,844481,30202957,30202963,6
channel-208,1489175,30202962,30202974,12
channel-251,85119,30202967,30202976,9
channel-208,1489176,30202972,30202982,10
channel-2188,43409,30202974,30202979,5
channel-412,64379,30202974,30202988,14
channel-38946,123945,30202978,30202989,11
channel-750,680838,30202983,30202988,5
channel-750,680839,30202984,30203001,17
channel-216,94045,30202988,30202993,5
channel-750,680840,30202995,30202999,4
channel-750,680841,30203000,30203005,5
channel-320,119119,30203000,30203011,11
channel-1,408015,30203003,30203039,36
channel-199,132473,30203004,30203029,25
channel-6994,1322496,30203007,30203015,8
channel-259,314114,30203007,30203012,5
channel-0,4035834,30203007,30203018,11
channel-2188,43410,30203015,30203020,5
channel-0,4035835,30203015,30203029,14
channel-750,680842,30203015,30203020,5
channel-4,166752,30203021,30203043,22
channel-208,1489177,30203023,30203034,11
channel-4,166753,30203028,30203045,17
channel-208,1489178,30203029,30203041,12
channel-122,667454,30203030,30203034,4
channel-642,126467,30203031,30203130,99
channel-0,4035836,30203031,30203042,11
channel-412,64380,30203037,30203045,8
channel-2,130557,30203041,30203051,10
channel-88,466990,30203042,30203063,21
channel-2188,43411,30203043,30203050,7
channel-6994,1322497,30203044,30203057,13
channel-874,292258,30203057,30203066,9
channel-42,1489765,30203058,30203064,6
channel-199,132474,30203062,30203071,9
channel-85077,58929,30203067,30203079,12
channel-2188,43412,30203068,30203072,4
channel-750,680843,30203070,30203075,5
channel-0,4035837,30203084,30203097,13
channel-1,408016,30203096,30203123,27
channel-1,408017,30203097,30203123,26
channel-188,190502,30203097,30203107,10
channel-341,3378,30203097,30203106,9
channel-216,94046,30203098,30203102,4
channel-208,1489179,30203098,30203104,6
channel-259,314115,30203099,30203105,6
channel-750,680844,30203101,30203103,2
channel-188,190503,30203103,30203111,8
channel-0,4035838,30203105,30203114,9
channel-0,4035839,30203106,30203114,8
channel-750,680845,30203107,30203112,5
channel-208,1489180,30203114,30203125,11
channel-88,466991,30203114,30203268,154
channel-750,680846,30203115,30203119,4
channel-38946,123946,30203116,30203127,11
channel-77,50248,30203123,30203131,8
channel-42,1489766,30203125,30203131,6
channel-2188,43413,30203130,30203135,5
channel-208,1489181,30203130,30203141,11
channel-0,4035840,30203130,30203139,9
channel-0,4035841,30203130,30203139,9
channel-6994,1322498,30203133,30203146,13
channel-1429,140633,30203140,30203147,7
channel-783,104149,30203142,30203149,7
channel-75,844482,30203153,30203174,21
channel-0,4035842,30203154,30203163,9
channel-750,680847,30203154,30203166,12
channel-874,292259,30203158,30203164,6
channel-412,64381,30203173,30203181,8
channel-1424,7327,30203177,30203189,12
channel-0,4035843,30203177,30203187,10
channel-89298,18541,30203178,30203189,11
channel-259,314116,30203186,30203192,6
channel-75,844483,30203188,30203195,7
channel-143,128223,30203188,30203200,12
channel-642,126468,30203195,30203212,17
channel-2188,43414,30203197,30203201,4
channel-216,94047,30203200,30203204,4
channel-1,408018,30203200,30203231,31
channel-208,1489182,30203202,30203212,10
channel-874,292260,30203202,30203208,6
channel-750,680848,30203202,30203207,5
channel-412,64382,30203206,30203215,9
channel-75,844484,30203208,30203253,45
channel-143,128224,30203208,30203217,9
channel-4,166754,30203215,30203256,41
channel-85077,58930,30203219,30203248,29
channel-874,292261,30203220,30203226,6
channel-208,1489183,30203220,30203232,12
channel-259,314117,30203224,30203230,6
channel-0,4035844,30203226,30203239,13
channel-2188,43415,30203227,30203231,4
channel-42,1489767,30203228,30203238,10
channel-0,4035845,30203230,30203239,9
channel-22172,2610,30203234,30203244,10
channel-88,466992,30203234,30203272,38
channel-4,166755,30203237,30203256,19
channel-412,64383,30203239,30203249,10
channel-88,466993,30203240,30203272,32
channel-21113,25273,30203246,30203252,6
channel-42,1489768,30203251,30203261,10
channel-642,126469,30203257,30203328,71
channel-750,680849,30203257,30203266,9
channel-0,4035846,30203257,30203284,27
channel-75,844485,30203258,30203267,9
channel-19774,345664,30203258,30203269,11
channel-341,3379,30203260,30203271,11
channel-0,4035847,30203260,30203272,12
channel-412,64384,30203268,30203276,8
channel-0,4035848,30203275,30203284,9
channel-208,1489184,30203275,30203287,12
channel-6994,1322499,30203276,30203286,10
channel-782,310011,30203279,30203284,5
channel-42,1489769,30203282,30203292,10
channel-326,537287,30203283,30203290,7
channel-4,166756,30203285,30203329,44
channel-2188,43416,30203291,30203295,4
channel-259,314118,30203291,30203297,6
channel-0,4035849,30203293,30203304,11
channel-181,13578,30203297,30203306,9
channel-1,408019,30203302,30203348,46
channel-750,680850,30203303,30203312,9
channel-0,4035850,30203325,30203334,9
channel-199,132475,30203329,30203352,23
channel-0,4035851,30203330,30203336,6
channel-208,1489185,30203330,30203340,10
channel-208,1489186,30203332,30203343,11
channel-208,1489187,30203332,30203343,11
channel-208,1489188,30203335,30203347,12
channel-0,4035852,30203339,30203350,11
channel-188,190504,30203341,30203353,12
channel-2188,43417,30203348,30203353,5
channel-0,4035853,30203365,30203374,9
channel-94814,3686,30203366,30203382,16
channel-412,64385,30203369,30203377,8
channel-5,184177,30203373,30203385,12
channel-0,4035854,30203385,30203390,5
channel-1,408020,30203386,30203420,34
channel-750,680851,30203387,30203391,4
channel-642,126470,30203389,30203429,40
channel-251,85120,30203389,30203399,10
channel-783,104150,30203404,30203411,7
channel-6994,1322500,30203406,30203419,13
channel-85077,58931,30203406,30203415,9
channel-216,94048,30203410,30203414,4
channel-326,537288,30203413,30203418,5
channel-0,4035855,30203414,30203427,13
channel-750,680852,30203430,30203439,9
channel-85077,58932,30203436,30203447,11
channel-8,43446,30203438,30203456,18
channel-143,128225,30203444,30203456,12
channel-2188,43418,30203455,30203460,5
channel-750,680853,30203461,30203471,10
channel-0,4035856,30203462,30203474,12
channel-0,4035857,30203475,30203484,9
channel-94814,3687,30203475,30203488,13
channel-89298,18542,30203476,30203489,13
channel-208,1489189,30203477,30203486,9
channel-2188,43419,30203478,30203483,5
channel-6994,1322501,30203493,30203505,12
channel-750,680854,30203495,30203511,16
channel-522,40403,30203508,30203517,9
channel-208,1489190,30203509,30203517,8
channel-85077,58933,30203531,30203570,39
channel-0,4035858,30203533,30203556,23
channel-2,130558,30203535,30203544,9
channel-326,537289,30203540,30203561,21
channel-0,4035859,30203542,30203555,13
channel-1429,140634,30203556,30203565,9
channel-874,292262,30203557,30203561,4
channel-326,537290,30203558,30203561,3
channel-115,20319,30203562,30203572,10
channel-97998,37,30203563,30203570,7
channel-89321,19295,30203565,30203594,29
channel-0,4035860,30203567,30203576,9
channel-412,64386,30203575,30203584,9
channel-0,4035861,30203594,30203608,14
channel-750,680855,30203595,30203600,5
channel-42,1489770,30203595,30203608,13
channel-750,680856,30203608,30203627,19
channel-0,4035862,30203611,30203622,11
channel-6994,1322502,30203613,30203627,14
channel-19774,345665,30203640,30203651,11
channel-750,680857,30203643,30203649,6
channel-6994,1322503,30203651,30203663,12
channel-412,64387,30203653,30203662,9
channel-42,1489771,30203654,30203662,8
channel-204,670701,30203657,30203667,10
channel-783,104151,30203658,30203667,9
channel-326,537291,30203661,30203666,5
channel-0,4035863,30203664,30203675,11
channel-0,4035864,30203666,30203678,12
channel-874,292263,30203674,30203688,14
channel-38946,123947,30203679,30203692,13
channel-2188,43420,30203680,30203684,4
channel-0,4035865,30203680,30203704,24
channel-4,166757,30203681,30203695,14
channel-642,126471,30203682,30203744,62
channel-208,1489191,30203682,30203695,13
channel-216,94049,30203685,30203689,4
channel-0,4035866,30203689,30203699,10
channel-0,4035867,30203693,30203704,11
channel-0,4035868,30203695,30203704,9
channel-0,4035869,30203698,30203709,11
channel-0,4035870,30203700,30203709,9
channel-259,314119,30203704,30203713,9
channel-4,166758,30203705,30203717,12
channel-88,466994,30203707,30203719,12
channel-874,292264,30203716,30203720,4
channel-6994,1322504,30203729,30203738,9
channel-874,292265,30203732,30203738,6
channel-326,537292,30203733,30203741,8
channel-0,4035871,30203734,30203743,9
channel-6994,1322505,30203736,30203749,13
channel-204,670702,30203743,30233761,30018
channel-750,680858,30203751,30203761,10
channel-0,4035872,30203752,30203765,13
channel-77,50249,30203755,30203764,9
channel-42,1489772,30203757,30203764,7
channel-75,844486,30203758,30203767,9
channel-750,680859,30203767,30203772,5
channel-0,4035873,30203769,30203780,11
channel-6994,1322506,30203782,30203796,14
channel-0,4035874,30203787,30203796,9
channel-6994,1322507,30203795,30203816,21
channel-6994,1322508,30203799,30203825,26
channel-412,64388,30203803,30203811,8
channel-42,1489773,30203806,30203818,12
channel-188,190505,30203806,30203822,16
channel-184,137334,30203809,30203819,10
channel-0,4035875,30203814,30203824,10
channel-1,408021,30203816,30203847,31
channel-750,680860,30203825,30203835,10
channel-874,292266,30203829,30203836,7
channel-199,132476,30203829,30203859,30
channel-412,64389,30203835,30203850,15
channel-208,1489192,30203835,30203849,14
channel-6994,1322509,30203837,30203874,37
channel-750,680861,30203846,30203865,19
channel-165,71384,30203849,30203857,8
channel-4,166759,30203851,30203872,21
channel-42,1489774,30203853,30203861,8
channel-204,670703,30203859,30203868,9
channel-6994,1322510,30203861,30203874,13
channel-874,292267,30203861,30203868,7
channel-75,844487,30203864,30203888,24
channel-122,667455,30203865,30203869,4
channel-204,670704,30203870,30203876,6
channel-750,680862,30203881,30203900,19
channel-6994,1322511,30203881,30203893,12
channel-320,119120,30203885,30203899,14
channel-412,64390,30203887,30203898,11
channel-75,844488,30203888,30203895,7
channel-259,314120,30203888,30203893,5
channel-341,3380,30203890,30203900,10
channel-208,1489193,30203891,30203901,10
channel-199,132477,30203893,30203902,9
channel-143,128226,30203895,30203906,11
channel-642,126472,30203900,30204030,130
channel-259,314121,30203907,30203912,5
channel-113,301248,30203908,30203917,9
channel-341,3381,30203911,30203922,11
channel-75,844489,30203920,30203926,6
channel-1429,140635,30203921,30203933,12
channel-2188,43421,30203925,30203929,4
channel-750,680863,30203925,30203930,5
channel-0,4035876,30203930,30203953,23
channel-0,4035877,30203930,30203945,15
channel-0,4035878,30203931,30203953,22
channel-0,4035879,30203934,30203953,19
channel-341,3382,30203935,30203946,11
channel-216,94050,30203936,30203940,4
channel-0,4035880,30203938,30203945,7
channel-750,680864,30203940,30203945,5
channel-1429,140636,30203940,30203949,9
channel-750,680865,30203942,30203950,8
channel-208,1489194,30203943,30203956,13
channel-874,292268,30203945,30203953,8
channel-122,667456,30203954,30203958,4
channel-251,85121,30203954,30203967,13
channel-85077,58934,30203955,30203982,27
channel-6994,1322512,30203960,30203974,14
channel-750,680866,30203961,30203970,9
channel-208,1489195,30203962,30203975,13
channel-1429,140637,30203964,30203976,12
channel-42,1489775,30203981,30203989,8
channel-229,54990,30203985,30203992,7
channel-750,680867,30203987,30203991,4
channel-750,680868,30203992,30203996,4
channel-85791,3688,30204009,30204018,9
channel-19774,345666,30204019,30204030,11
channel-208,1489196,30204023,30204033,10
channel-19774,345667,30204026,30204048,22
channel-0,4035881,30204040,30204068,28
channel-143,128227,30204042,30204058,16
channel-75,844490,30204047,30204065,18
channel-19774,345668,30204053,30204062,9
channel-6994,1322513,30204067,30204079,12
channel-199,132478,30204067,30204096,29
channel-199,132479,30204068,30204083,15
channel-19774,345669,30204072,30204083,11
channel-75,844491,30204073,30204080,7
channel-19774,345670,30204078,30204088,10
channel-19774,345671,30204081,30204093,12
channel-0,4035882,30204083,30204107,24
channel-42,1489776,30204083,30204092,9
channel-0,4035883,30204085,30204115,30
channel-0,4035884,30204086,30204107,21
channel-0,4035885,30204095,30204107,12
channel-6994,1322514,30204096,30204107,11
channel-340,3130,30204101,30204120,19
channel-19774,345672,30204102,30204111,9
channel-874,292269,30204106,30204112,6
channel-85791,3689,30204109,30204115,6
channel-874,292270,30204112,30204119,7
channel-19774,345673,30204113,30204127,14
channel-19774,345674,30204115,30204127,12
channel-874,292271,30204122,30204127,5
channel-19774,345675,30204127,30204145,18
channel-412,64391,30204129,30204140,11
channel-874,292272,30204141,30204147,6
channel-19774,345676,30204145,30204154,9
channel-208,1489197,30204148,30204157,9
channel-208,1489198,30204151,30204162,11
channel-0,4035886,30204164,30204191,27
channel-19774,345677,30204165,30204177,12
channel-874,292273,30204171,30204177,6
channel-19774,345678,30204171,30204179,8
channel-72,516373,30204175,30204205,30
channel-19774,345679,30204177,30204189,12
channel-6994,1322515,30204191,30204203,12
channel-216,94051,30204194,30204198,4
channel-19774,345680,30204195,30204203,8
channel-259,314122,30204196,30204204,8
channel-6994,1322516,30204201,30204279,78
channel-19774,345681,30204204,30204221,17
channel-75,844492,30204212,30204227,15
channel-6994,1322517,30204217,30204248,31
channel-1429,140638,30204222,30204231,9
channel-6994,1322518,30204231,30204242,11
channel-874,292274,30204232,30204238,6
channel-42,1489777,30204238,30204246,8
channel-188,190506,30204239,30204258,19
channel-22172,2611,30204240,30204250,10
channel-0,4035887,30204242,30204266,24
channel-6994,1322519,30204242,30204252,10
channel-19774,345682,30204243,30204255,12
channel-2188,43422,30204244,30204249,5
channel-88,466995,30204244,30204266,22
channel-75,844493,30204244,30204250,6
channel-6787,166568,30204245,30204249,4
channel-204,670706,30204245,30204255,10
channel-412,64392,30204249,30204260,11
channel-259,314123,30204254,30204259,5
channel-19774,345683,30204255,30204266,11
channel-642,126473,30204262,30204367,105
channel-4,166760,30204262,30204287,25
channel-148,16076,30204262,30204268,6
channel-19774,345684,30204264,30204274,10
channel-0,4035888,30204266,30204278,12
channel-0,4035889,30204266,30204278,12
channel-874,292275,30204266,30204273,7
channel-750,680869,30204269,30204274,5
channel-1,408022,30204278,30204288,10
channel-19774,345685,30204280,30204290,10
channel-782,310012,30204281,30204287,6
channel-874,292276,30204283,30204290,7
channel-0,4035890,30204284,30204292,8
channel-146,20022,30204284,30204302,18
channel-42,1489778,30204285,30204291,6
channel-208,1489199,30204290,30204303,13
channel-0,4035891,30204311,30204334,23
channel-874,292277,30204314,30204320,6
channel-6787,166569,30204325,30204329,4
channel-874,292278,30204328,30204336,8
channel-19774,345686,30204328,30204337,9
channel-783,104152,30204330,30204338,8
channel-874,292279,30204339,30204346,7
channel-0,4035892,30204347,30204356,9
channel-143,128228,30204347,30204361,14
channel-85077,58935,30204350,30204365,15
channel-75,844494,30204352,30204360,8
channel-19774,345687,30204362,30204370,8
channel-75,844495,30204370,30204377,7
channel-874,292280,30204374,30204379,5
channel-0,4035893,30204376,30204387,11
channel-0,4035894,30204379,30204406,27
channel-75,844496,30204386,30204391,5
channel-85077,58936,30204387,30204395,8
channel-1429,140639,30204388,30204398,10
channel-0,4035895,30204391,30204400,9
channel-208,1489200,30204399,30204409,10
channel-75,844497,30204404,30204411,7
channel-874,292281,30204405,30204410,5
channel-6787,166570,30204408,30204413,5
channel-38946,123948,30204408,30204425,17
channel-259,314124,30204408,30204414,6
channel-113,301249,30204409,30204425,16
channel-6994,1322520,30204410,30204422,12
channel-1,408023,30204415,30204431,16
channel-874,292282,30204420,30204438,18
channel-19774,345688,30204422,30204437,15
channel-19774,345689,30204425,30204437,12
channel-750,680870,30204428,30204445,17
channel-1,408024,30204429,30204484,55
channel-75,844498,30204436,30204443,7
channel-208,1489201,30204441,30204452,11
channel-143,128229,30204442,30204454,12
channel-42,1489779,30204443,30204452,9
channel-874,292283,30204447,30204458,11
channel-181,13579,30204447,30204455,8
channel-0,4035896,30204449,30204477,28
channel-874,292284,30204455,30204462,7
channel-6994,1322521,30204457,30204471,14
channel-144,86666,30204461,30204471,10
channel-750,680871,30204471,30204476,5
channel-208,1489202,30204472,30204483,11
channel-874,292285,30204476,30204482,6
channel-199,132480,30204477,30204484,7
channel-19774,345690,30204477,30204485,8
channel-216,94052,30204478,30204482,4
channel-874,292286,30204485,30204494,9
channel-320,119121,30204486,30204541,55
channel-1,408025,30204496,30204506,10
channel-340,3131,30204497,30204505,8
channel-208,1489203,30204501,30204509,8
channel-184,137335,30204502,30204512,10
channel-0,4035897,30204506,30204515,9
channel-412,64393,30204507,30204516,9
channel-85077,58937,30204507,30204516,9
channel-19774,345691,30204518,30204527,9
channel-204,670707,30204518,30204526,8
channel-6994,1322522,30204519,30204550,31
channel-0,4035898,30204522,30204535,13
channel-874,292287,30204522,30204530,8
channel-85077,58938,30204526,30204553,27
channel-6994,1322523,30204529,30204553,24
channel-0,4035899,30204529,30204552,23
channel-38946,123949,30204533,30204544,11
channel-320,119122,30204542,30204567,25
channel-783,104153,30204543,30204551,8
channel-0,4035900,30204544,30204552,8
channel-4,166761,30204550,30204569,19
channel-85077,58939,30204555,30204581,26
channel-6994,1322524,30204565,30204581,16
channel-165,71385,30204597,30204638,41
channel-0,4035901,30204600,30204608,8
channel-251,85122,30204603,30204615,12
channel-0,4035902,30204605,30204618,13
channel-1,408026,30204613,30204659,46
channel-1,408027,30204614,30204659,45
channel-340,3132,30204623,30204634,11
channel-122,667457,30204636,30204639,3
channel-750,680872,30204638,30204643,5
channel-19774,345692,30204638,30204647,9
channel-0,4035903,30204639,30204645,6
channel-165,71386,30204639,30204763,124
channel-19774,345693,30204645,30204652,7
channel-0,4035904,30204646,30204657,11
channel-4,166762,30204648,30204727,79
channel-6994,1322525,30204655,30204665,10
channel-320,119123,30204662,30204674,12
channel-1429,140640,30204666,30204674,8
channel-199,132481,30204667,30204677,10
channel-0,4035905,30204673,30204684,11
channel-0,4035906,30204673,30204684,11
channel-0,4035907,30204674,30204684,10
channel-6994,1322526,30204677,30204702,25
channel-320,119124,30204689,30204732,43
channel-0,4035908,30204699,30204711,12
channel-19774,345694,30204710,30204716,6
channel-1429,140641,30204711,30204722,11
channel-750,680873,30204711,30204725,14
channel-143,128230,30204714,30204754,40
channel-88,466996,30204718,30204730,12
channel-6994,1322527,30204724,30204737,13
channel-91017,2703,30204729,30204740,11
channel-75,844499,30204730,30204737,7
channel-89298,18543,30204745,30204755,10
channel-75,844500,30204748,30204753,5
channel-38946,123950,30204749,30204757,8
channel-19774,345695,30204753,30204761,8
channel-208,1489204,30204756,30204764,8
channel-340,3133,30204760,30204770,10
channel-782,310014,30204763,30204768,5
channel-2188,43423,30204767,30204772,5
channel-113,301250,30204767,30204776,9
channel-0,4035909,30204780,30204785,5
channel-251,85123,30204787,30204797,10
channel-750,680874,30204787,30204805,18
channel-143,128231,30204788,30204823,35
channel-19774,345696,30204789,30204799,10
channel-42,1489780,30204790,30204801,11
channel-750,680875,30204791,30204806,15
channel-0,4035910,30204792,30204800,8
channel-1575,15165,30204797,30204805,8
channel-6994,1322528,30204801,30204816,15
channel-0,4035911,30204813,30204822,9
channel-767,14341,30204822,30204832,10
channel-42,1489781,30204823,30204832,9
channel-89321,19296,30204829,30204839,10
channel-320,119125,30204830,30204860,30
channel-165,71387,30204832,30204964,132
channel-750,680876,30204839,30204854,15
channel-767,14342,30204845,30204855,10
channel-75,844501,30204852,30204859,7
channel-122,667458,30204865,30204869,4
channel-208,1489205,30204867,30204879,12
channel-19774,345697,30204877,30204886,9
channel-750,680877,30204882,30204887,5
channel-750,680878,30204884,30204898,14
channel-42,1489782,30204886,30204895,9
channel-0,4035912,30204896,30204907,11
channel-94814,3688,30204902,30204914,12
channel-6994,1322529,30204919,30204930,11
channel-750,680879,30204924,30204929,5
channel-1575,15166,30204928,30204938,10
channel-6994,1322530,30204938,30204946,8
channel-75,844502,30204940,30204946,6
channel-0,4035913,30204946,30204966,20
channel-38946,123951,30204946,30204961,15
channel-19774,345698,30204950,30204960,10
channel-750,680880,30204959,30204963,4
channel-208,1489206,30204971,30204981,10
channel-0,4035914,30204975,30205001,26
channel-208,1489207,30204977,30204988,11
channel-72,516374,30204979,30205033,54
channel-75,844503,30204985,30204991,6
channel-113,301251,30204986,30205000,14
channel-0,4035915,30204987,30204997,10
channel-199,132482,30204998,30205008,10
channel-208,1489208,30205006,30205016,10
channel-750,680881,30205008,30205025,17
channel-115,20320,30205020,30205028,8
channel-874,292288,30205030,30205035,5
channel-204,670708,30205032,30205051,19
channel-143,128232,30205032,30205063,31
channel-208,1489209,30205044,30205054,10
channel-75,844504,30205054,30205080,26
channel-6994,1322531,30205061,30205094,33
channel-143,128233,30205063,30205113,50
channel-199,132483,30205073,30205082,9
channel-143,128234,30205075,30205104,29
channel-94814,3689,30205083,30205092,9
channel-783,104154,30205086,30205093,7
channel-750,680882,30205088,30205095,7
channel-75,844505,30205090,30205098,8
channel-208,1489210,30205094,30205106,12
channel-75,844506,30205096,30205115,19
channel-75,844507,30205096,30205103,7
channel-184,137336,30205097,30205107,10
channel-4,166763,30205104,30205116,12
channel-326,537293,30205121,30205128,7
channel-75,844508,30205121,30205127,6
channel-0,4035916,30205122,30205129,7
channel-188,190507,30205125,30205134,9
channel-122,667459,30205125,30205128,3
channel-0,4035917,30205127,30205138,11
channel-0,4035918,30205142,30205167,25
channel-750,680883,30205144,30205152,8
channel-199,132484,30205149,30205157,8
channel-750,680884,30205151,30205156,5
channel-1,408028,30205169,30205203,34
channel-750,680885,30205171,30205182,11
channel-0,4035919,30205178,30205191,13
channel-75,844509,30205178,30205187,9
channel-0,4035920,30205189,30205214,25
channel-0,4035921,30205199,30205208,9
channel-229,54991,30205203,30205213,10
channel-0,4035922,30205206,30205214,8
channel-91017,2704,30205214,30205224,10
channel-0,4035923,30205215,30205224,9
channel-0,4035924,30205219,30205229,10
channel-75,844510,30205220,30205227,7
channel-0,4035925,30205220,30205232,12
channel-85077,58940,30205228,30205259,31
channel-0,4035926,30205241,30205253,12
channel-750,680886,30205243,30205266,23
channel-85077,58941,30205244,30205259,15
channel-75,844511,30205245,30205253,8
channel-216,94053,30205256,30205260,4
channel-75,844512,30205260,30205266,6
channel-19774,345699,30205264,30205276,12
channel-0,4035927,30205265,30205276,11
channel-0,4035928,30205267,30205276,9
channel-750,680887,30205269,30205278,9
channel-750,680888,30205279,30205293,14
channel-75,844513,30205288,30205301,13
channel-340,3134,30205288,30205300,12
channel-0,4035929,30205288,30205298,10
channel-79703,4393,30205295,30205306,11
channel-143,128235,30205301,30205323,22
channel-750,680889,30205313,30205325,12
channel-5,184178,30205316,30205325,9
channel-6787,166571,30205322,30205326,4
channel-1,408029,30205328,30205356,28
channel-750,680890,30205338,30205343,5
channel-122,667460,30205343,30205347,4
channel-208,1489211,30205348,30205359,11
channel-94814,3690,30205349,30205358,9
channel-208,1489212,30205349,30205359,10
channel-97998,38,30205361,30205365,4
channel-85077,58942,30205363,30205385,22
channel-750,680891,30205406,30205416,10
channel-750,680892,30205406,30205420,14
channel-750,680893,30205413,30205430,17
channel-0,4035930,30205416,30205424,8
channel-204,670709,30205417,30205425,8
channel-0,4035931,30205427,30205437,10
channel-165,71388,30205427,30205438,11
channel-259,314125,30205430,30205435,5
channel-326,537294,30205430,30205459,29
channel-326,537295,30205437,30205459,22
channel-874,292289,30205465,30205472,7
channel-750,680894,30205485,30205501,16
channel-782,310015,30205501,30205506,5
channel-0,4035932,30205513,30205523,10
channel-0,4035933,30205518,30205535,17
channel-251,85124,30205518,30205528,10
channel-88,466997,30205539,30205550,11
channel-326,537296,30205547,30205565,18
channel-85077,58943,30205548,30205556,8
channel-21113,25274,30205554,30205561,7
channel-0,4035934,30205564,30205579,15
channel-6994,1322532,30205564,30205576,12
channel-750,680895,30205571,30205580,9
channel-326,537297,30205573,30205578,5
channel-0,4035935,30205582,30205591,9
channel-750,680896,30205587,30205591,4
channel-750,680897,30205595,30205612,17
channel-208,1489213,30205612,30205623,11
channel-0,4035936,30205623,30205636,13
channel-326,537298,30205631,30205639,8
channel-143,128236,30205636,30205661,25
channel-874,292290,30205641,30205661,20
channel-750,680898,30205645,30205659,14
channel-75,844514,30205646,30205662,16
channel-750,680899,30205646,30205681,35
channel-0,4035937,30205659,30205670,11
channel-38946,123952,30205659,30205676,17
channel-208,1489214,30205666,30205676,10
channel-750,680900,30205685,30205695,10
channel-750,680901,30205686,30205693,7
channel-412,64394,30205715,30205724,9
channel-122,667461,30205739,30205742,3
channel-208,1489215,30205745,30205756,11
channel-750,680902,30205759,30205772,13
channel-0,4035938,30205766,30205775,9
channel-6994,1322533,30205782,30205795,13
channel-208,1489216,30205800,30205812,12
channel-0,4035939,30205801,30205816,15
channel-1,408030,30205812,30205844,32
channel-91017,2705,30205837,30205847,10
channel-38946,123953,30205850,30205864,14
channel-750,680903,30205853,30205865,12
channel-143,128237,30205858,30205868,10
channel-19774,345700,30205870,30205881,11
channel-874,292291,30205887,30205893,6
channel-750,680904,30205894,30205904,10
channel-122,667462,30205911,30205915,4
channel-85077,58944,30205933,30205944,11
channel-750,680905,30205947,30205951,4
channel-6897,5623,30205950,30205958,8
channel-259,314126,30205989,30205995,6
channel-75,844515,30205994,30206001,7
channel-0,4035940,30206000,30206007,7
channel-72,516375,30206004,30206049,45
channel-75,844516,30206004,30206025,21
channel-6994,1322534,30206014,30206043,29
channel-750,680906,30206023,30206039,16
channel-75,844517,30206025,30206032,7
channel-208,1489217,30206028,30206038,10
channel-75,844518,30206036,30206045,9
channel-326,537299,30206037,30206057,20
channel-208,1489218,30206048,30206055,7
channel-750,680907,30206054,30206069,15
channel-1424,7328,30206055,30206067,12
channel-85077,58945,30206061,30206094,33
channel-75,844519,30206065,30206070,5
channel-0,4035941,30206082,30206091,9
channel-122,667463,30206086,30206090,4
channel-19774,345701,30206096,30206105,9
channel-208,1489219,30206097,30206109,12
channel-251,85125,30206126,30206137,11
channel-208,1489220,30206164,30206177,13
channel-75,844520,30206166,30206172,6
channel-6994,1322535,30206168,30206181,13
channel-750,680908,30206170,30206175,5
channel-2494,31844,30206179,30206189,10
channel-6994,1322536,30206187,30206200,13
channel-75,844521,30206192,30206199,7
channel-85077,58946,30206216,30206246,30
channel-184,137337,30206242,30206252,10
channel-89321,19297,30206249,30206272,23
channel-6994,1322537,30206254,30206276,22
channel-874,292292,30206255,30206265,10
channel-85077,58947,30206259,30206279,20
channel-0,4035942,30206264,30206272,8
channel-85077,58948,30206278,30206311,33
channel-326,537300,30206289,30206300,11
channel-0,4035943,30206295,30206302,7
channel-75,844522,30206296,30206302,6
channel-0,4035944,30206300,30206312,12
channel-208,1489221,30206312,30206323,11
channel-143,128238,30206315,30206337,22
channel-85077,58949,30206317,30206341,24
channel-89321,19298,30206317,30206331,14
channel-89321,19299,30206328,30206364,36
channel-750,680909,30206332,30206337,5
channel-19774,345702,30206335,30206346,11
channel-750,680910,30206337,30206349,12
channel-0,4035945,30206347,30206358,11
channel-0,4035946,30206356,30206369,13
channel-750,680911,30206358,30206377,19
channel-216,94054,30206359,30206372,13
channel-6994,1322538,30206377,30206400,23
channel-0,4035947,30206385,30206395,10
channel-229,54992,30206387,30206398,11
channel-85077,58950,30206390,30206400,10
channel-4,166764,30206391,30206411,20
channel-0,4035948,30206395,30206405,10
channel-750,680912,30206414,30206418,4
channel-165,71390,30206429,30206493,64
channel-208,1489222,30206435,30206444,9
channel-89321,19300,30206441,30206450,9
channel-0,4035949,30206448,30206463,15
channel-0,4035950,30206450,30206463,13
channel-6787,166572,30206451,30206456,5
channel-6787,166573,30206457,30206462,5
channel-89321,19301,30206470,30206481,11
channel-326,537301,30206472,30206488,16
channel-165,71391,30206481,30206535,54
channel-75,844523,30206487,30206497,10
channel-6787,166574,30206492,30206499,7
channel-75,844524,30206501,30206510,9
channel-326,537302,30206513,30206520,7
channel-326,537303,30206513,30206520,7
channel-326,537304,30206513,30206520,7
channel-326,537305,30206513,30206520,7
channel-1279,67102,30206513,30206524,11
channel-750,680913,30206515,30206520,5
channel-6994,1322539,30206529,30206555,26
channel-122,667464,30206539,30206544,5
channel-750,680914,30206547,30206558,11
channel-94814,3691,30206548,30206559,11
channel-0,4035951,30206555,30206567,12
channel-1429,140642,30206555,30206564,9
channel-0,4035952,30206577,30206585,8
channel-38946,123954,30206578,30206591,13
channel-204,670710,30206587,30206594,7
channel-6994,1322540,30206589,30206614,25
channel-0,4035953,30206595,30206604,9
channel-1,408031,30206596,30206621,25
channel-143,128239,30206598,30206623,25
channel-750,680915,30206608,30206613,5
channel-750,680916,30206611,30206624,13
channel-75,844525,30206617,30206622,5
channel-85077,58951,30206622,30206639,17
channel-75,844526,30206629,30206636,7
channel-85077,58952,30206640,30206671,31
channel-165,71394,30206643,30206715,72
channel-19774,345703,30206644,30206655,11
channel-0,4035954,30206644,30206655,11
channel-6787,166575,30206664,30206668,4
channel-122,667465,30206666,30206670,4
channel-0,4035955,30206691,30206699,8
channel-4,166765,30206692,30206723,31
channel-165,71395,30206695,30206767,72
channel-750,680917,30206708,30206723,15
channel-750,680918,30206714,30206720,6
channel-0,4035956,30206716,30206727,11
channel-750,680919,30206728,30206740,12
channel-165,71396,30206749,30206760,11
channel-750,680920,30206755,30206765,10
channel-165,71397,30206768,30206806,38
channel-6994,1322541,30206770,30206781,11
channel-0,4035957,30206776,30206789,13
channel-85077,58953,30206782,30206805,23
channel-340,3135,30206787,30206797,10
channel-750,680921,30206789,30206800,11
channel-85077,58954,30206792,30206805,13
channel-6994,1322542,30206801,30206819,18
channel-75755,5519,30206801,30206810,9
channel-750,680922,30206804,30206817,13
channel-750,680923,30206807,30206819,12
channel-326,537306,30206825,30206829,4
channel-326,537307,30206850,30206871,21
channel-85077,58955,30206853,30206877,24
channel-6994,1322543,30206856,30206869,13
channel-326,537308,30206857,30206865,8
channel-750,680924,30206865,30206869,4
channel-750,680925,30206877,30206890,13
channel-750,680926,30206877,30206890,13
channel-4,166766,30206887,30206918,31
channel-208,1489223,30206903,30206913,10
channel-85077,58956,30206911,30206935,24
channel-85077,58957,30206911,30206935,24
channel-340,3136,30206914,30206923,9
channel-4,166767,30206915,30206952,37
channel-0,4035958,30206918,30206930,12
channel-750,680927,30206921,30206933,12
channel-75,844527,30206929,30206938,9
channel-326,537309,30206934,30206938,4
channel-750,680928,30206941,30206958,17
channel-0,4035959,30206949,30206961,12
channel-6994,1322544,30206952,30206961,9
channel-6994,1322545,30206953,30206966,13
channel-0,4035960,30206970,30206979,9
channel-1,408032,30206971,30206984,13
channel-326,537310,30206981,30206995,14
channel-326,537311,30206981,30206995,14
channel-326,537312,30206981,30206995,14
channel-326,537313,30206981,30206995,14
channel-122,667466,30206988,30206991,3
channel-750,680929,30207010,30207020,10
channel-75,844528,30207025,30207031,6
channel-85077,58958,30207032,30207052,20
channel-326,537314,30207039,30207044,5
channel-0,4035961,30207043,30207053,10
channel-6994,1322546,30207051,30207063,12
channel-750,680930,30207052,30207096,44
channel-42,1489783,30207072,30207108,36
channel-85077,58959,30207074,30207085,11
channel-2188,43424,30207091,30207095,4
channel-874,292293,30207093,30207098,5
channel-4,166768,30207094,30207132,38
channel-326,537315,30207111,30207114,3
channel-0,4035962,30207129,30207140,11
channel-6994,1322547,30207135,30207147,12
channel-6994,1322548,30207151,30207162,11
channel-42,1489784,30207153,30207198,45
channel-0,4035963,30207155,30207166,11
channel-0,4035964,30207157,30207166,9
channel-0,4035965,30207166,30207176,10
channel-750,680931,30207167,30207171,4
channel-750,680932,30207170,30207174,4
channel-19774,345704,30207200,30207211,11
channel-6994,1322549,30207205,30207247,42
channel-38946,123955,30207212,30207220,8
channel-6994,1322550,30207227,30207237,10
channel-38946,123956,30207235,30207244,9
channel-38946,123957,30207266,30207279,13
channel-341,3383,30207279,30207287,8
channel-38946,123958,30207301,30207338,37
channel-0,4035966,30207304,30207315,11
channel-89298,18544,30207305,30207316,11
channel-88,466998,30207314,30207326,12
channel-0,4035967,30207321,30207351,30
channel-750,680933,30207327,30207332,5
channel-38946,123959,30207332,30207347,15
channel-42,1489785,30207332,30207342,10
channel-0,4035968,30207341,30207353,12
channel-38946,123960,30207351,30207364,13
channel-208,1489224,30207356,30207366,10
channel-85077,58960,30207357,30207370,13
channel-259,314127,30207359,30207366,7
channel-750,680934,30207360,30207387,27
channel-412,64395,30207360,30207370,10
channel-38946,123961,30207373,30214153,6780
channel-85791,3690,30207379,30207389,10
channel-6994,1322551,30207379,30207388,9
channel-750,680935,30207383,30207389,6
channel-412,64396,30207383,30207395,12
channel-0,4035969,30207384,30207396,12
channel-874,292294,30207384,30207389,5
channel-0,4035970,30207385,30207396,11
channel-1,408033,30207390,30207428,38
channel-208,1489225,30207391,30207403,12
channel-38946,123962,30207396,30214153,6757
channel-88,466999,30207403,30207416,13
channel-208,1489226,30207404,30207413,9
channel-750,680936,30207407,30207419,12
channel-208,1489227,30207409,30207417,8
channel-38946,123963,30207415,30207426,11
channel-320,119126,30207416,30207445,29
channel-88,467000,30207417,30207436,19
channel-6994,1322552,30207420,30207432,12
channel-0,4035971,30207422,30207434,12
channel-326,537316,30207422,30207440,18
channel-340,3137,30207432,30207444,12
channel-750,680937,30207434,30207447,13
channel-75755,5520,30207436,30207445,9
channel-208,1489228,30207437,30207447,10
channel-412,64397,30207438,30207471,33
channel-320,119127,30207445,30207511,66
channel-412,64398,30207445,30207471,26
channel-326,537317,30207446,30207454,8
channel-89298,18545,30207452,30207463,11
channel-88,467001,30207455,30207467,12
channel-412,64399,30207462,30207475,13
channel-38946,123964,30207468,30207478,10
channel-75,844529,30207475,30207496,21
channel-88,467002,30207478,30207491,13
channel-38946,123965,30207480,30207497,17
channel-88,467003,30207490,30207499,9
channel-1429,140643,30207490,30207613,123
channel-143,128240,30207495,30207529,34
channel-412,64400,30207495,30207522,27
channel-0,4035972,30207497,30207508,11
channel-75,844530,30207498,30207516,18
channel-412,64401,30207499,30207522,23
channel-38946,123966,30207499,30207514,15
channel-6994,1322553,30207506,30207519,13
channel-750,680938,30207507,30207511,4
channel-1429,140644,30207515,30207528,13
channel-88,467004,30207521,30207536,15
channel-85791,3691,30207522,30207531,9
channel-88,467005,30207535,30207550,15
channel-412,64402,30207549,30207558,9
channel-88,467006,30207551,30207563,12
channel-19774,345705,30207564,30207574,10
channel-38946,123967,30207568,30207585,17
channel-94814,3692,30207568,30207579,11
channel-412,64403,30207571,30207580,9
channel-88,467007,30207572,30207591,19
channel-88,467008,30207581,30207596,15
channel-0,4035973,30207589,30207611,22
channel-412,64404,30207590,30207600,10
channel-38946,123968,30207600,30207615,15
channel-412,64405,30207604,30207613,9
channel-0,4035974,30207604,30207613,9
channel-89321,19302,30207617,30207626,9
channel-1429,140645,30207620,30207626,6
channel-73,51326,30207620,30207631,11
channel-412,64406,30207632,30207640,8
channel-0,4035975,30207638,30207659,21
channel-38946,123969,30207642,30207656,14
channel-251,85126,30207646,30207654,8
channel-75755,5521,30207646,30207656,10
channel-42,1489786,30207647,30207652,5
channel-340,3138,30207656,30207667,11
channel-42,1489787,30207664,30207671,7
channel-750,680939,30207675,30207689,14
channel-750,680940,30207676,30207688,12
channel-1,408034,30207678,30207708,30
channel-38946,123970,30207680,30214153,6473
channel-0,4035976,30207706,30207714,8
channel-0,4035977,30207709,30207717,8
channel-1429,140646,30207709,30207716,7
channel-75755,5522,30207714,30207725,11
channel-85791,3692,30207716,30207726,10
channel-208,1489229,30207723,30207735,12
channel-750,680941,30207725,30207745,20
channel-122,667467,30207744,30207748,4
channel-750,680942,30207745,30207750,5
channel-85791,3693,30207765,30207773,8
channel-6994,1322554,30207776,30207790,14
channel-0,4035978,30207779,30207789,10
channel-122,667468,30207781,30207784,3
channel-642,126474,30207782,30207844,62
channel-88,467009,30207786,30207800,14
channel-412,64407,30207788,30207800,12
channel-1,408035,30207788,30207811,23
channel-326,537318,30207790,30207796,6
channel-0,4035979,30207790,30207799,9
channel-750,680943,30207793,30207805,12
channel-340,3139,30207803,30207811,8
channel-874,292295,30207811,30207816,5
channel-750,680944,30207811,30207833,22
channel-75755,5523,30207811,30207821,10
channel-208,1489230,30207817,30207825,8
channel-412,64408,30207820,30207831,11
channel-91017,2706,30207822,30207832,10
channel-216,94055,30207830,30207833,3
channel-0,4035980,30207835,30207845,10
channel-326,537319,30207838,30207857,19
channel-0,4035981,30207852,30207868,16
channel-0,4035982,30207856,30207868,12
channel-85791,3694,30207872,30207882,10
channel-85791,3695,30207884,30207890,6
channel-85077,58967,30207897,30207907,10
channel-88,467010,30207899,30207912,13
channel-20082,9853,30207904,30208097,193
channel-1429,140647,30207904,30207916,12
channel-199,132485,30207906,30207916,10
channel-85791,3696,30207907,30207913,6
channel-85077,58969,30207927,30207938,11
channel-122,667469,30207929,30207933,4
channel-326,537320,30207940,30207959,19
channel-0,4035983,30207944,30207955,11
channel-1429,140648,30207949,30207959,10
channel-0,4035984,30207979,30207988,9
channel-88,467011,30207981,30207997,16
channel-75,844531,30207988,30207999,11
channel-6994,1322555,30208019,30208032,13
channel-85791,3697,30208022,30208028,6
channel-38946,123971,30208026,30208042,16
channel-42,1489788,30208036,30208064,28
channel-85791,3698,30208043,30208053,10
channel-750,680945,30208044,30208049,5
channel-750,680946,30208049,30208054,5
channel-122,667470,30208056,30208059,3
channel-143,128241,30208062,30208087,25
channel-750,680947,30208071,30208081,10
channel-208,1489231,30208079,30208090,11
channel-85791,3699,30208080,30208087,7
channel-75,844532,30208096,30208103,7
channel-208,1489232,30208099,30208108,9
channel-199,132486,30208101,30208112,11
channel-85791,3700,30208102,30208116,14
channel-412,64409,30208103,30208113,10
channel-750,680948,30208104,30208108,4
channel-1429,140649,30208105,30208116,11
channel-750,680949,30208107,30208118,11
channel-85791,3701,30208109,30208121,12
channel-122,667471,30208121,30208124,3
channel-199,132487,30208135,30208161,26
channel-208,1489233,30208136,30208147,11
channel-5,184179,30208146,30208158,12
channel-750,680950,30208148,30208153,5
channel-874,292296,30208157,30208164,7
channel-208,1489234,30208161,30208171,10
channel-6994,1322556,30208172,30208182,10
channel-326,537321,30208173,30208196,23
channel-0,4035985,30208187,30208199,12
channel-874,292297,30208188,30208196,8
channel-208,1489235,30208189,30208203,14
channel-0,4035986,30208190,30208199,9
channel-0,4035987,30208194,30208204,10
channel-85791,3702,30208199,30208205,6
channel-326,537322,30208200,30208214,14
channel-0,4035988,30208206,30208217,11
channel-750,680951,30208220,30208229,9
channel-85791,3703,30208226,30268850,60624
channel-0,4035989,30208231,30208243,12
channel-6787,166576,30208239,30208244,5
channel-89321,19303,30208244,30208257,13
channel-0,4035990,30208265,30208279,14
channel-750,680952,30208266,30208272,6
channel-476,11795,30208285,30208295,10
channel-4,166769,30208285,30208320,35
channel-4,166770,30208288,30208337,49
channel-0,4035991,30208293,30208303,10
channel-122,667472,30208294,30208297,3
channel-85791,3704,30208295,30208302,7
channel-89321,19304,30208308,30208316,8
channel-88,467012,30208319,30208372,53
channel-208,1489236,30208323,30208337,14
channel-88,467013,30208323,30208372,49
channel-4,166771,30208326,30208373,47
channel-208,1489237,30208335,30208346,11
channel-85791,3705,30208335,30208346,11
channel-42,1489789,30208353,30208362,9
channel-208,1489238,30208353,30208365,12
channel-89321,19305,30208361,30208369,8
channel-750,680953,30208367,30208391,24
channel-4,166772,30208373,30208392,19
channel-340,3140,30208386,30208396,10
channel-0,4035992,30208390,30208401,11
channel-88,467014,30208397,30208410,13
channel-4,166773,30208401,30208410,9
channel-85077,58978,30208403,30208618,215
channel-750,680954,30208404,30208413,9
channel-199,132488,30208410,30208424,14
channel-85077,58979,30208415,30208618,203
channel-874,292298,30208419,30208424,5
channel-85791,3706,30208434,30208440,6
channel-89321,19306,30208435,30208445,10
channel-0,4035993,30208454,30208465,11
channel-0,4035994,30208458,30208470,12
channel-750,680955,30208464,30208473,9
channel-88,467015,30208470,30208480,10
channel-85791,3707,30208473,30208478,5
channel-6994,1322557,30208475,30208488,13
channel-88,467016,30208476,30208511,35
channel-94814,3693,30208478,30208488,10
channel-750,680956,30208480,30208490,10
channel-750,680957,30208483,30208490,7
channel-199,132489,30208496,30208505,9
channel-85077,58981,30208497,30208508,11
channel-208,1489239,30208499,30208511,12
channel-88,467017,30208499,30208519,20
channel-6994,1322558,30208502,30208513,11
channel-85791,3708,30208512,30208519,7
channel-0,4035995,30208516,30208528,12
channel-0,4035996,30208516,30208528,12
channel-85077,58982,30208519,30208529,10
channel-5,184180,30208522,30208530,8
channel-122,667473,30208523,30208526,3
channel-89321,19307,30208526,30208532,6
channel-85077,58983,30208532,30208618,86
channel-750,680958,30208534,30208540,6
channel-85077,58984,30208540,30208618,78
channel-85077,58985,30208541,30208624,83
channel-2,130559,30208541,30208553,12
channel-85077,58986,30208541,30208569,28
channel-199,132490,30208542,30208554,12
channel-750,680959,30208544,30208558,14
channel-75,844533,30208558,30208566,8
channel-85077,58987,30208563,30208624,61
channel-4,166774,30208567,30208579,12
channel-85077,58988,30208568,30208624,56
channel-0,4035997,30208577,30208587,10
channel-208,1489240,30208581,30208593,12
channel-0,4035998,30208585,30208599,14
channel-750,680960,30208586,30208601,15
channel-6994,1322559,30208591,30208603,12
channel-6994,1322560,30208599,30208612,13
channel-5,184181,30208605,30208617,12
channel-42,1489790,30208609,30208619,10
channel-1429,140650,30208611,30208621,10
channel-208,1489241,30208613,30208622,9
channel-85077,58989,30208617,30208638,21
channel-0,4035999,30208621,30208631,10
channel-326,537323,30208621,30208639,18
channel-0,4036000,30208623,30208636,13
channel-750,680961,30208623,30208636,13
channel-208,1489242,30208623,30208636,13
channel-2188,43425,30208624,30208629,5
channel-42,1489791,30208626,30208636,10
channel-4,166775,30208626,30208673,47
channel-89298,18546,30208630,30208641,11
channel-165,71399,30208636,30208647,11
channel-85077,58990,30208639,30208657,18
channel-85077,58991,30208643,30208657,14
channel-85077,58992,30208644,30208653,9
channel-208,1489243,30208645,30208657,12
channel-4,166776,30208648,30208696,48
channel-85077,58993,30208649,30208660,11
channel-85077,58994,30208650,30208662,12
channel-75755,5524,30208653,30208665,12
channel-320,119128,30208662,30208694,32
channel-85077,58995,30208664,30208673,9
channel-4,166777,30208670,30208716,46
channel-85077,58996,30208677,30208684,7
channel-750,680962,30208677,30208690,13
channel-320,119129,30208680,30208708,28
channel-340,3141,30208686,30208695,9
channel-0,4036001,30208693,30208702,9
channel-4,166778,30208696,30208738,42
channel-0,4036002,30208697,30208707,10
channel-75,844534,30208698,30208710,12
channel-75,844535,30208698,30208704,6
channel-122,667474,30208703,30208707,4
channel-85077,58997,30208705,30208711,6
channel-85077,58998,30208707,30208718,11
channel-750,680963,30208707,30208722,15
channel-229,54993,30208709,30208718,9
channel-6787,166577,30208711,30208716,5
channel-85077,58999,30208712,30208740,28
channel-75,844536,30208712,30208719,7
channel-4,166779,30208716,30208738,22
channel-75,844537,30208720,30208740,20
channel-85077,59000,30208720,30208740,20
channel-4,166780,30208727,30208738,11
channel-75,844538,30208731,30208738,7
channel-750,680964,30208733,30208748,15
channel-6787,166578,30208736,30208740,4
channel-75,844539,30208740,30208749,9
channel-2494,31845,30208742,30208752,10
channel-0,4036003,30208750,30208759,9
channel-89298,18547,30208751,30208755,4
channel-144,86667,30208759,30208768,9
channel-4,166781,30208760,30208840,80
channel-6787,166579,30208760,30208764,4
channel-6787,166580,30208767,30208772,5
channel-75,844540,30208770,30208776,6
channel-6994,1322561,30208781,30208793,12
channel-6994,1322562,30208786,30208796,10
channel-0,4036004,30208788,30208799,11
channel-75,844541,30208790,30208833,43
channel-85077,59001,30208794,30208804,10
channel-85077,59002,30208794,30208804,10
channel-6994,1322563,30208797,30208808,11
channel-4,166782,30208804,30208902,98
channel-75,844542,30208814,30208820,6
channel-20082,9854,30208816,30208828,12
channel-115,20321,30208819,30208830,11
channel-85077,59003,30208819,30208830,11
channel-0,4036005,30208830,30208839,9
channel-75,844543,30208837,30208841,4
channel-750,680965,30208839,30208853,14
channel-42,1489792,30208840,30208852,12
channel-750,680966,30208844,30208848,4
channel-0,4036006,30208845,30208855,10
channel-6994,1322564,30208849,30208862,13
channel-4,166783,30208850,30208904,54
channel-874,292299,30208853,30208857,4
channel-208,1489244,30208854,30208865,11
channel-75,844544,30208867,30208875,8
channel-122,667475,30208872,30208876,4
channel-0,4036007,30208877,30208888,11
channel-0,4036008,30208879,30208888,9
channel-73755,5816,30208881,30208889,8
channel-143,128242,30208882,30208894,12
channel-75,844545,30208886,30208894,8
channel-85077,59004,30208887,30208896,9
channel-88,467018,30208890,30208900,10
channel-874,292300,30208893,30208896,3
channel-0,4036009,30208903,30208912,9
channel-6994,1322565,30208915,30208928,13
channel-750,680967,30208915,30208926,11
channel-0,4036010,30208923,30208937,14
channel-75,844546,30208923,30208931,8
channel-42,1489793,30208925,30208932,7
channel-320,119130,30208928,30208969,41
channel-874,292301,30208934,30208939,5
channel-85077,59005,30208937,30208945,8
channel-783,104155,30208937,30208941,4
channel-85077,59006,30208939,30208947,8
channel-326,537324,30208939,30208947,8
channel-85077,59007,30208941,30208948,7
channel-122,667476,30208943,30208946,3
channel-522,40404,30208945,30208954,9
channel-0,4036011,30208947,30208958,11
channel-85077,59008,30208947,30208958,11
channel-85077,59009,30208955,30208963,8
channel-0,4036012,30208955,30208966,11
channel-6994,1322566,30208959,30209012,53
channel-85077,59010,30208964,30208986,22
channel-2186,40741,30208969,30208995,26
channel-874,292302,30208971,30208976,5
channel-0,4036013,30208972,30208982,10
channel-750,680968,30208972,30208985,13
channel-0,4036014,30208976,30208988,12
channel-326,537325,30208983,30209003,20
channel-208,1489245,30208984,30208992,8
channel-0,4036015,30208984,30208994,10
channel-143,128243,30208993,30209028,35
channel-75,844547,30208999,30209006,7
channel-0,4036016,30208999,30209010,11
channel-874,292303,30209006,30209011,5
channel-0,4036017,30209007,30209018,11
channel-85077,59011,30209010,30209017,7
channel-85077,59012,30209018,30209027,9
channel-85077,59013,30209030,30209041,11
channel-326,537326,30209031,30209039,8
channel-0,4036018,30209044,30209056,12
channel-874,292304,30209046,30209054,8
channel-0,4036019,30209059,30209071,12
channel-6994,1322567,30209061,30209099,38
channel-208,1489246,30209076,30209088,12
channel-0,4036020,30209081,30209093,12
channel-874,292305,30209087,30209092,5
channel-0,4036021,30209097,30209103,6
channel-1575,15167,30209099,30209106,7
channel-229,54994,30209103,30209111,8
channel-0,4036022,30209105,30209115,10
channel-89298,18548,30209114,30209123,9
channel-874,292306,30209123,30209130,7
channel-208,1489247,30209125,30209137,12
channel-122,667477,30209128,30209133,5
channel-750,680969,30209130,30209156,26
channel-94814,3694,30209131,30209141,10
channel-85077,59014,30209132,30209140,8
channel-750,680970,30209135,30209139,4
channel-0,4036023,30209135,30209143,8
channel-0,4036024,30209135,30209143,8
channel-6994,1322568,30209140,30209150,10
channel-85077,59015,30209140,30209149,9
channel-0,4036025,30209141,30209153,12
channel-115,20322,30209148,30209159,11
channel-122,667478,30209150,30209153,3
channel-1,408036,30209157,30209169,12
channel-874,292307,30209157,30209169,12
channel-122,667479,30209164,30209167,3
channel-89321,19308,30209166,30209184,18
channel-326,537327,30209177,30209181,4
channel-326,537328,30209177,30209181,4
channel-326,537329,30209177,30209181,4
channel-326,537330,30209177,30209181,4
channel-326,537331,30209177,30209181,4
channel-326,537332,30209177,30209181,4
channel-326,537333,30209177,30209181,4
channel-326,537334,30209177,30209181,4
channel-0,4036026,30209180,30209190,10
channel-0,4036027,30209184,30209194,10
channel-874,292308,30209190,30209196,6
channel-208,1489248,30209205,30209217,12
channel-0,4036028,30209212,30209222,10
channel-326,537335,30209214,30209221,7
channel-874,292309,30209219,30209224,5
channel-85077,59016,30209224,30209235,11
channel-1575,15168,30209229,30209238,9
channel-0,4036029,30209229,30209248,19
channel-85077,59017,30209229,30209241,12
channel-85077,59018,30209235,30209244,9
channel-85077,59019,30209236,30209250,14
channel-326,537336,30209242,30209265,23
channel-0,4036030,30209249,30209260,11
channel-0,4036031,30209249,30209260,11
channel-85077,59020,30209249,30209260,11
channel-85077,59021,30209253,30209263,10
channel-115,20323,30209255,30209265,10
channel-0,4036032,30209257,30209266,9
channel-85077,59022,30209259,30209269,10
channel-326,537337,30209263,30209279,16
channel-85077,59023,30209264,30209271,7
channel-85077,59024,30209267,30209273,6
channel-216,94056,30209271,30209275,4
channel-85077,59025,30209273,30209280,7
channel-1429,140651,30209274,30209283,9
channel-0,4036033,30209276,30209288,12
channel-75,844548,30209277,30209284,7
channel-750,680971,30209278,30209289,11
channel-0,4036034,30209288,30209300,12
channel-208,1489249,30209295,30209311,16
channel-750,680972,30209298,30209312,14
channel-750,680973,30209307,30209313,6
channel-326,537338,30209308,30209313,5
channel-326,537339,30209308,30209325,17
channel-6994,1322569,30209322,30209333,11
channel-5,184182,30209322,30209333,11
channel-6994,1322570,30209324,30209348,24
channel-85077,59026,30209330,30209341,11
channel-199,132491,30209335,30209349,14
channel-750,680974,30209338,30209352,14
channel-782,310016,30209340,30209345,5
channel-38946,123972,30209342,30209355,13
channel-0,4036035,30209346,30209356,10
channel-0,4036036,30209347,30209356,9
channel-75,844549,30209349,30209355,6
channel-72,516376,30209350,30209394,44
channel-6994,1322571,30209353,30209410,57
channel-320,119131,30209368,30209394,26
channel-38946,123973,30209368,30209379,11
channel-199,132492,30209378,30209387,9
channel-148,16077,30209378,30209385,7
channel-89298,18549,30209379,30209388,9
channel-0,4036037,30209381,30209390,9
channel-320,119132,30209382,30209398,16
channel-75,844550,30209390,30209397,7
channel-320,119133,30209393,30209527,134
channel-38946,123974,30209394,30209408,14
channel-5,184183,30209408,30209419,11
channel-38946,123975,30209410,30209426,16
channel-20082,9855,30209413,30209426,13
channel-340,3142,30209421,30209429,8
channel-874,292310,30209422,30209441,19
channel-89298,18550,30209426,30209436,10
channel-750,680975,30209428,30209444,16
channel-38946,123976,30209435,30214153,4718
channel-42,1489794,30209440,30209447,7
channel-5,184184,30209449,30209458,9
channel-38946,123977,30209450,30214153,4703
channel-326,537340,30209456,30209462,6
channel-0,4036038,30209467,30209478,11
channel-38946,123978,30209471,30209482,11
channel-0,4036039,30209472,30209484,12
channel-326,537341,30209481,30209494,13
channel-320,119134,30209485,30209527,42
channel-5,184185,30209490,30209498,8
channel-320,119135,30209493,30209503,10
channel-38946,123979,30209503,30209516,13
channel-0,4036040,30209509,30209525,16
channel-208,1489250,30209518,30209530,12
channel-38946,123980,30209521,30209534,13
channel-0,4036041,30209530,30209541,11
channel-85077,59027,30209530,30209539,9
channel-251,85127,30209534,30209544,10
channel-208,1489251,30209538,30209548,10
channel-38946,123981,30209539,30209556,17
channel-208,1489252,30209547,30209558,11
channel-782,310017,30209551,30209558,7
channel-42,1489795,30209564,30209571,7
channel-340,3143,30209570,30209579,9
channel-0,4036042,30209610,30209634,24
channel-42,1489796,30209613,30209619,6
channel-0,4036043,30209617,30209623,6
channel-6994,1322572,30209620,30209632,12
channel-85077,59028,30209625,30209640,15
channel-122,667480,30209632,30209635,3
channel-0,4036044,30209632,30209661,29
channel-6994,1322573,30209632,30209642,10
channel-89321,19309,30209640,30209650,10
channel-0,4036045,30209660,30209689,29
channel-1,408037,30209661,30209684,23
channel-0,4036046,30209672,30209685,13
channel-0,4036047,30209678,30209689,11
channel-6994,1322574,30209685,30209699,14
channel-326,537342,30209688,30209704,16
channel-85077,59029,30209688,30209696,8
channel-208,1489253,30209690,30209700,10
channel-208,1489254,30209691,30209706,15
channel-208,1489255,30209702,30209715,13
channel-750,680976,30209704,30209714,10
channel-122,667481,30209705,30209708,3
channel-0,4036048,30209717,30209727,10
channel-85077,59030,30209736,30209741,5
channel-91017,2707,30209754,30209763,9
channel-85077,59031,30209759,30209765,6
channel-75,844551,30209760,30209765,5
channel-89321,19310,30209782,30209791,9
channel-0,4036049,30209784,30209793,9
channel-85077,59032,30209784,30209792,8
channel-326,537343,30209793,30209806,13
channel-2188,43426,30209795,30209800,5
channel-6994,1322575,30209808,30209820,12
channel-208,1489256,30209812,30209824,12
channel-2188,43427,30209818,30209823,5
channel-42,1489797,30209824,30209841,17
channel-208,1489257,30209827,30209838,11
channel-0,4036050,30209828,30209836,8
channel-750,680977,30209839,30209846,7
channel-0,4036051,30209844,30209856,12
channel-75,844552,30209856,30209867,11
channel-216,94057,30209856,30209861,5
channel-216,94058,30209859,30209863,4
channel-0,4036052,30209861,30209874,13
channel-2188,43428,30209863,30209868,5
channel-2188,43429,30209865,30209869,4
channel-1,408038,30209873,30209889,16
channel-72,516377,30209876,30209912,36
channel-2188,43430,30209876,30209881,5
channel-750,680978,30209902,30209909,7
channel-42,1489798,30209909,30209917,8
channel-85077,59033,30209910,30209919,9
channel-42,1489799,30209910,30209917,7
channel-750,680979,30209914,30209930,16
channel-208,1489258,30209916,30209927,11
channel-78488,241,30209916,30209958,42
channel-42,1489800,30209919,30209935,16
channel-42,1489801,30209919,30209935,16
channel-2188,43431,30209920,30209925,5
channel-0,4036053,30209921,30209932,11
channel-1,408039,30209932,30209941,9
channel-42,1489802,30209941,30209958,17
channel-42,1489803,30209941,30209958,17
channel-6994,1322576,30209942,30209953,11
channel-42,1489804,30209944,30209958,14
channel-0,4036054,30209945,30209954,9
channel-42,1489805,30209946,30209958,12
channel-85077,59034,30209952,30209960,8
channel-188,190508,30209954,30209966,12
channel-42,1489806,30209958,30209963,5
channel-76971,12205,30209962,30209979,17
channel-1429,140652,30209964,30209971,7
channel-42,1489807,30209964,30209976,12
channel-42,1489808,30209964,30209976,12
channel-782,310018,30209965,30209972,7
channel-85077,59035,30209975,30209986,11
channel-42,1489809,30209976,30209983,7
channel-208,1489259,30209980,30209991,11
channel-1,408040,30209982,30210026,44
channel-75,844553,30209984,30209991,7
channel-216,94059,30209993,30209997,4
channel-88,467019,30209996,30210008,12
channel-0,4036055,30210014,30210028,14
channel-85077,59036,30210025,30210034,9
channel-767,14343,30210034,30210046,12
channel-75,844554,30210036,30210043,7
channel-208,1489260,30210041,30210050,9
channel-251,85128,30210043,30210051,8
channel-412,64410,30210049,30210061,12
channel-208,1489261,30210056,30210068,12
channel-85077,59037,30210058,30210066,8
channel-85077,59038,30210065,30210075,10
channel-85077,59039,30210076,30210086,10
channel-85077,59040,30210080,30210091,11
channel-0,4036056,30210111,30210125,14
channel-85791,3709,30210118,30210127,9
channel-251,85129,30210133,30210168,35
channel-85077,59041,30210137,30210143,6
channel-258,17751,30210140,30210148,8
channel-258,17752,30210145,30210153,8
channel-492,20106,30210148,30210158,10
channel-0,4036057,30210154,30210165,11
channel-2494,31846,30210154,30210165,11
channel-115,20324,30210160,30210171,11
channel-1,408041,30210172,30210201,29
channel-1575,15169,30210197,30210208,11
channel-85791,3710,30210197,30210204,7
channel-750,680980,30210198,30210215,17
channel-5,184186,30210211,30210220,9
channel-6994,1322577,30210218,30210230,12
channel-85077,59042,30210219,30210226,7
channel-85077,59043,30210222,30210235,13
channel-1,408042,30210226,30210249,23
channel-89298,18551,30210228,30210239,11
channel-184,137338,30210238,30210249,11
channel-208,1489262,30210243,30210252,9
channel-85077,59044,30210243,30210251,8
channel-0,4036058,30210246,30210271,25
channel-6994,1322578,30210249,30210263,14
channel-85791,3711,30210258,30210264,6
channel-85077,59045,30210264,30210273,9
channel-208,1489263,30210271,30210281,10
channel-0,4036059,30210273,30210284,11
channel-0,4036060,30210274,30210284,10
channel-412,64411,30210286,30210295,9
channel-204,670711,30210300,30210309,9
channel-0,4036061,30210307,30210330,23
channel-0,4036062,30210311,30210335,24
channel-874,292311,30210315,30210321,6
channel-199,132493,30210317,30210328,11
channel-5,184187,30210328,30210338,10
channel-6994,1322579,30210336,30210347,11
channel-75,844555,30210350,30210354,4
channel-0,4036063,30210350,30210359,9
channel-85077,59046,30210351,30210356,5
channel-412,64412,30210369,30210379,10
channel-38946,123982,30210370,30210382,12
channel-5413,814,30210379,30210391,12
channel-38946,123983,30210384,30210398,14
channel-750,680981,30210388,30210392,4
channel-6994,1322580,30210390,30210400,10
channel-94814,3695,30210397,30210404,7
channel-5,184188,30210400,30210794,394
channel-0,4036064,30210402,30210413,11
channel-85791,3712,30210405,30210411,6
channel-85077,59047,30210410,30210419,9
channel-341,3384,30210413,30210424,11
channel-259,314128,30210425,30210431,6
channel-6994,1322581,30210429,30210460,31
channel-38946,123984,30210429,30210451,22
channel-750,680982,30210433,30210455,22
channel-38946,123985,30210435,30210448,13
channel-259,314129,30210440,30210447,7
channel-362,86673,30210443,30210455,12
channel-38946,123986,30210449,30210463,14
channel-6994,1322582,30210450,30210460,10
channel-38946,123987,30210453,30215439,4986
channel-750,680983,30210457,30210470,13
channel-38946,123988,30210463,30222807,12344
channel-874,292312,30210463,30210468,5
channel-85791,3713,30210470,30210480,10
channel-38946,123989,30210470,30233265,22795
channel-38946,123990,30210470,30225911,15441
channel-208,1489264,30210474,30210483,9
channel-1429,140653,30210483,30210494,11
channel-85077,59048,30210502,30210511,9
channel-0,4036065,30210503,30210514,11
channel-1,408043,30210505,30210531,26
channel-2,130560,30210505,30210517,12
channel-38946,123991,30210509,30210528,19
channel-750,680984,30210519,30210534,15
channel-38946,123992,30210533,30210546,13
channel-38946,123993,30210540,30210560,20
channel-326,537344,30210547,30210552,5
channel-38946,123994,30210551,30210565,14
channel-38946,123995,30210554,30210567,13
channel-0,4036066,30210555,30210565,10
channel-75,844556,30210560,30210566,6
channel-782,310019,30210563,30210567,4
channel-75,844557,30210571,30210575,4
channel-38946,123996,30210600,30225911,15311
channel-38946,123997,30210603,30233265,22662
channel-38946,123998,30210605,30222838,12233
channel-113,301252,30210605,30210615,10
channel-0,4036067,30210631,30210641,10
channel-750,680985,30210632,30210636,4
channel-122,667482,30210634,30210639,5
channel-38946,123999,30210656,30222840,12184
channel-38946,124000,30210660,30222923,12263
channel-75,844558,30210677,30210686,9
channel-6994,1322583,30210678,30210690,12
channel-208,1489265,30210678,30210687,9
channel-750,680986,30210678,30210687,9
channel-75,844559,30210683,30210704,21
channel-76971,12206,30210685,30210712,27
channel-0,4036068,30210689,30210701,12
channel-75,844560,30210696,30210707,11
channel-0,4036069,30210696,30210706,10
channel-91017,2708,30210700,30210709,9
channel-19774,345706,30210705,30210714,9
channel-38946,124001,30210711,30210753,42
channel-38946,124002,30210712,30210753,41
channel-38946,124003,30210718,30223953,13235
channel-38946,124004,30210718,30224494,13776
channel-0,4036070,30210719,30210744,25
channel-326,537345,30210732,30210744,12
channel-0,4036071,30210736,30210744,8
channel-0,4036072,30210739,30210748,9
channel-75,844561,30210742,30210749,7
channel-750,680987,30210750,30210764,14
channel-85077,59049,30210750,30210759,9
channel-91017,2709,30210753,30210764,11
channel-75,844562,30210754,30210760,6
channel-188,190509,30210759,30210772,13
channel-0,4036073,30210761,30210771,10
channel-85077,59050,30210762,30210771,9
channel-73,51327,30210765,30210780,15
channel-208,1489266,30210771,30210782,11
channel-38946,124005,30210776,30210788,12
channel-75,844563,30210781,30210790,9
channel-0,4036074,30210783,30210810,27
channel-326,537346,30210783,30210806,23
channel-208,1489267,30210792,30210802,10
channel-38946,124006,30210794,30210809,15
channel-75,844564,30210800,30210808,8
channel-88,467020,30210803,30210823,20
channel-76971,12207,30210810,30210827,17
channel-412,64413,30210814,30210825,11
channel-208,1489268,30210835,30210847,12
channel-122,667483,30210839,30210843,4
channel-750,680988,30210847,30210859,12
channel-75,844565,30210849,30210857,8
channel-0,4036075,30210876,30210883,7
channel-85077,59051,30210894,30210903,9
channel-75,844566,30210894,30210904,10
channel-750,680989,30210894,30210902,8
channel-75,844567,30210894,30210904,10
channel-115,20325,30210897,30210906,9
channel-750,680990,30210898,30210929,31
channel-75,844568,30210904,30210912,8
channel-208,1489269,30210908,30210917,9
channel-2,130561,30210910,30210922,12
channel-75,844569,30210910,30210917,7
channel-750,680991,30210917,30210929,12
channel-750,680992,30210917,30210929,12
channel-38946,124007,30210922,30210941,19
channel-750,680993,30210933,30210941,8
channel-0,4036076,30210945,30210956,11
channel-21113,25275,30210951,30210959,8
channel-85077,59052,30210951,30210962,11
channel-85077,59053,30210959,30210970,11
channel-208,1489270,30210960,30210971,11
channel-6994,1322584,30210963,30210992,29
channel-0,4036077,30210967,30210973,6
channel-750,680994,30210969,30210984,15
channel-0,4036078,30210970,30210980,10
channel-320,119136,30210995,30211017,22
channel-6994,1322585,30211002,30211035,33
channel-204,670712,30211002,30211009,7
channel-750,680995,30211014,30211018,4
channel-320,119137,30211016,30211051,35
channel-216,94060,30211019,30211023,4
channel-750,680996,30211024,30211031,7
channel-0,4036079,30211042,30211071,29
channel-750,680997,30211052,30211074,22
channel-122,667484,30211056,30211060,4
channel-750,680998,30211059,30211068,9
channel-4,166784,30211069,30211095,26
channel-199,132494,30211075,30211083,8
channel-0,4036080,30211104,30211133,29
channel-750,680999,30211105,30211109,4
channel-2188,43432,30211113,30211117,4
channel-122,667485,30211114,30211117,3
channel-19774,345707,30211115,30211125,10
channel-750,681000,30211129,30211135,6
channel-85077,59054,30211133,30211143,10
channel-750,681001,30211141,30211147,6
channel-782,310021,30211143,30211148,5
channel-750,681002,30211150,30211163,13
channel-19774,345708,30211155,30211164,9
channel-6994,1322586,30211173,30211185,12
channel-750,681003,30211185,30211190,5
channel-326,537347,30211189,30211217,28
channel-326,537348,30211194,30211205,11
channel-122,667486,30211198,30211209,11
channel-750,681004,30211219,30211224,5
channel-5485,1698,30211233,30211245,12
channel-750,681005,30211259,30211261,2
channel-6994,1322587,30211272,30211302,30
channel-750,681006,30211284,30211302,18
channel-6994,1322588,30211292,30211305,13
channel-2494,31847,30211302,30211310,8
channel-6994,1322589,30211308,30211319,11
channel-122,667487,30211310,30211323,13
channel-113,301253,30211310,30211322,12
channel-2494,31848,30211318,30211328,10
channel-95,331588,30211327,30211351,24
channel-0,4036081,30211342,30211349,7
channel-1,408044,30211349,30211373,24
channel-522,40405,30211351,30211364,13
channel-208,1489271,30211379,30211390,11
channel-42,1489810,30211379,30211386,7
channel-91017,2710,30211386,30211395,9
channel-115,20326,30211387,30211397,10
channel-6994,1322590,30211396,30211408,12
channel-2494,31849,30211397,30211410,13
channel-2188,43433,30211402,30211505,103
channel-5485,1699,30211402,30211416,14
channel-750,681007,30211405,30211418,13
channel-0,4036082,30211416,30211428,12
channel-340,3144,30211418,30211430,12
channel-85077,59055,30211424,30211436,12
channel-6994,1322591,30211430,30211438,8
channel-97998,39,30211450,30211455,5
channel-94814,3696,30211450,30211464,14
channel-0,4036083,30211456,30211469,13
channel-0,4036084,30211457,30211469,12
channel-750,681008,30211459,30211471,12
channel-1429,140654,30211461,30211470,9
channel-0,4036085,30211464,30211476,12
channel-79703,4394,30211472,30211488,16
channel-75,844570,30211473,30211482,9
channel-6994,1322592,30211481,30211493,12
channel-1429,140655,30211487,30211499,12
channel-85077,59056,30211488,30211499,11
channel-1429,140656,30211490,30211499,9
channel-6994,1322593,30211503,30211513,10
channel-89321,19311,30211514,30211523,9
channel-1429,140657,30211515,30211526,11
channel-208,1489272,30211525,30211536,11
channel-2494,31850,30211528,30211536,8
channel-6994,1322594,30211538,30211549,11
channel-880,869,30211539,30211552,13
channel-2494,31851,30211541,30211553,12
channel-1429,140658,30211542,30211552,10
channel-0,4036086,30211560,30211571,11
channel-85077,59057,30211564,30211571,7
channel-42,1489811,30211564,30211571,7
channel-326,537349,30211566,30211572,6
channel-0,4036087,30211566,30211576,10
channel-750,681009,30211582,30211586,4
channel-750,681010,30211611,30211635,24
channel-0,4036088,30211620,30211629,9
channel-208,1489273,30211624,30211635,11
channel-1,408045,30211632,30211659,27
channel-85077,59058,30211638,30211647,9
channel-42,1489812,30211644,30211652,8
channel-750,681011,30211647,30211660,13
channel-0,4036089,30211661,30211668,7
channel-76971,12208,30211674,30211694,20
channel-5,184189,30211679,30211690,11
channel-6994,1322595,30211679,30211709,30
channel-85077,59059,30211680,30211689,9
channel-0,4036090,30211682,30211692,10
channel-85077,59060,30211701,30211713,12
channel-89298,18552,30211728,30211740,12
channel-750,681012,30211749,30211760,11
channel-326,537350,30211749,30211771,22
channel-115,20327,30211756,30211765,9
channel-750,681013,30211771,30211776,5
channel-874,292313,30211787,30211807,20
channel-89321,19312,30211800,30211816,16
channel-6787,166581,30211802,30211808,6
channel-204,670713,30211810,30211815,5
channel-199,132495,30211811,30211817,6
channel-122,667488,30211811,30211814,3
channel-2,130562,30211827,30211838,11
channel-75,844571,30211831,30211837,6
channel-89298,18553,30211847,30211855,8
channel-85077,59061,30211848,30211856,8
channel-1,408046,30211850,30211913,63
channel-208,1489274,30211869,30211879,10
channel-1,408047,30211875,30211913,38
channel-0,4036091,30211886,30211897,11
channel-0,4036092,30211895,30211907,12
channel-1429,140659,30211896,30211905,9
channel-19774,345709,30211916,30211927,11
channel-0,4036093,30211920,30211930,10
channel-0,4036094,30211928,30211940,12
channel-204,670714,30211933,30211942,9
channel-75,844572,30211940,30211947,7
channel-38946,124008,30211961,30211974,13
channel-750,681014,30211964,30211969,5
channel-0,4036095,30211965,30211973,8
channel-6994,1322596,30211988,30212015,27
channel-750,681015,30211992,30211997,5
channel-0,4036096,30211993,30212007,14
channel-0,4036097,30211996,30212007,11
channel-88,467021,30212004,30212295,291
channel-0,4036098,30212013,30212023,10
channel-0,4036099,30212013,30212023,10
channel-89298,18554,30212018,30212027,9
channel-204,670715,30212045,30212050,5
channel-0,4036100,30212053,30212059,6
channel-0,4036101,30212057,30212068,11
channel-2188,43434,30212059,30212063,4
channel-0,4036102,30212062,30212071,9
channel-19774,345710,30212063,30212074,11
channel-1,408048,30212065,30212112,47
channel-750,681016,30212065,30212077,12
channel-750,681017,30212071,30212075,4
channel-19774,345711,30212074,30212080,6
channel-750,681018,30212074,30212084,10
channel-326,537351,30212076,30212093,17
channel-750,681019,30212076,30212081,5
channel-750,681020,30212076,30212081,5
channel-0,4036103,30212077,30212086,9
channel-75,844573,30212082,30212090,8
channel-6994,1322597,30212082,30212092,10
channel-208,1489275,30212086,30212096,10
channel-0,4036104,30212086,30212117,31
channel-750,681021,30212094,30212103,9
channel-0,4036105,30212100,30212112,12
channel-0,4036106,30212100,30212112,12
channel-0,4036107,30212103,30212117,14
channel-0,4036108,30212111,30212120,9
channel-19774,345712,30212113,30212122,9
channel-0,4036109,30212114,30212123,9
channel-0,4036110,30212115,30212136,21
channel-85077,59062,30212116,30212126,10
channel-750,681022,30212118,30212123,5
channel-0,4036111,30212119,30212136,17
channel-229,54995,30212121,30212130,9
channel-750,681023,30212130,30212144,14
channel-6994,1322598,30212132,30212213,81
channel-6994,1322599,30212141,30212155,14
channel-97998,40,30212148,30212153,5
channel-326,537352,30212160,30212187,27
channel-0,4036112,30212173,30212184,11
channel-750,681024,30212177,30212183,6
channel-0,4036113,30212182,30212212,30
channel-874,292314,30212190,30212195,5
channel-6994,1322600,30212191,30212203,12
channel-204,670716,30212195,30212205,10
channel-1,408049,30212196,30212217,21
channel-750,681025,30212197,30212214,17
channel-208,1489276,30212198,30212207,9
channel-326,537353,30212207,30212213,6
channel-232,49169,30212214,30212223,9
channel-122,667489,30212221,30212223,2
channel-108,39820,30212223,30221149,8926
channel-0,4036114,30212224,30212237,13
channel-0,4036115,30212237,30212244,7
channel-0,4036116,30212238,30212250,12
channel-122,667490,30212250,30212254,4
channel-85077,59063,30212251,30212257,6
channel-6994,1322601,30212255,30212267,12
channel-750,681026,30212256,30212267,11
channel-0,4036117,30212257,30212267,10
channel-2188,43435,30212259,30212264,5
channel-750,681027,30212264,30212270,6
channel-122,667491,30212267,30212270,3
channel-85077,59064,30212268,30212278,10
channel-750,681028,30212270,30212284,14
channel-750,681029,30212270,30212284,14
channel-0,4036118,30212287,30212299,12
channel-97998,41,30212288,30212293,5
channel-0,4036119,30212297,30212303,6
channel-85077,59065,30212303,30212312,9
channel-88,467022,30212307,30212334,27
channel-0,4036120,30212313,30212321,8
channel-75,844574,30212322,30212331,9
channel-42,1489813,30212325,30212332,7
channel-6994,1322602,30212328,30212345,17
channel-204,670717,30212332,30212341,9
channel-208,1489277,30212336,30212347,11
channel-122,667492,30212354,30212357,3
channel-0,4036121,30212356,30212365,9
channel-0,4036122,30212365,30212374,9
channel-42,1489814,30212367,30212375,8
channel-85077,59066,30212370,30212381,11
channel-208,1489278,30212374,30212384,10
channel-6994,1322603,30212375,30212409,34
channel-0,4036123,30212381,30212401,20
channel-0,4036124,30212386,30212396,10
channel-6994,1322604,30212387,30212400,13
channel-522,40406,30212392,30212402,10
channel-750,681030,30212396,30212401,5
channel-750,681031,30212403,30212409,6
channel-251,85130,30212405,30212420,15
channel-0,4036125,30212412,30212424,12
channel-85077,59067,30212416,30212429,13
channel-750,681032,30212418,30212424,6
channel-199,132496,30212421,30212430,9
channel-85077,59068,30212428,30212435,7
channel-750,681033,30212433,30212445,12
channel-0,4036126,30212435,30212445,10
channel-326,537354,30212447,30212452,5
channel-181,13580,30212451,30212464,13
channel-1,408050,30212456,30212482,26
channel-0,4036127,30212459,30212469,10
channel-85077,59069,30212466,30212476,10
channel-750,681034,30212469,30212474,5
channel-0,4036128,30212472,30212484,12
channel-1,408051,30212477,30212522,45
channel-750,681035,30212486,30212490,4
channel-0,4036129,30212499,30212509,10
channel-1,408052,30212501,30212526,25
channel-204,670718,30212506,30212514,8
channel-0,4036130,30212514,30212522,8
channel-750,681036,30212517,30212522,5
channel-326,537355,30212517,30212560,43
channel-6787,166582,30212519,30212525,6
channel-0,4036131,30212521,30212531,10
channel-340,3145,30212523,30212531,8
channel-0,4036132,30212530,30212541,11
channel-42,1489815,30212530,30212536,6
channel-6994,1322605,30212535,30212588,53
channel-208,1489279,30212545,30212554,9
channel-326,537356,30212546,30212552,6
channel-1,408053,30212574,30212618,44
channel-1,408054,30212599,30212618,19
channel-85077,59070,30212603,30212614,11
channel-208,1489280,30212603,30212614,11
channel-85077,59071,30212609,30212619,10
channel-0,4036133,30212611,30212621,10
channel-6994,1322606,30212614,30212628,14
channel-1,408055,30212617,30212627,10
channel-8945,17734,30212625,30212653,28
channel-85077,59072,30212627,30212639,12
channel-1,408056,30212641,30212674,33
channel-85077,59073,30212648,30212658,10
channel-204,670720,30212648,30212660,12
channel-0,4036134,30212656,30212667,11
channel-6994,1322607,30212666,30212690,24
channel-412,64414,30212666,30212678,12
channel-0,4036135,30212675,30212688,13
channel-1,408057,30212677,30212708,31
channel-783,104156,30212689,30212705,16
channel-85077,59074,30212689,30212700,11
channel-0,4036136,30212692,30212702,10
channel-75,844575,30212694,30212700,6
channel-326,537357,30212697,30212702,5
channel-783,104157,30212708,30212713,5
channel-6994,1322608,30212713,30212724,11
channel-85077,59075,30212714,30212724,10
channel-85077,59076,30212714,30212728,14
channel-204,670721,30212719,30233348,20629
channel-874,292315,30212725,30212732,7
channel-412,64415,30212726,30212736,10
channel-208,1489281,30212728,30212740,12
channel-88,467023,30212729,30212741,12
channel-42,1489816,30212729,30212742,13
channel-199,132497,30212731,30212739,8
channel-783,104158,30212732,30212739,7
channel-1,408058,30212732,30212742,10
channel-42,1489817,30212735,30212788,53
channel-0,4036137,30212742,30212753,11
channel-0,4036138,30212742,30212753,11
channel-783,104159,30212752,30212766,14
channel-1,408059,30212759,30212779,20
channel-85077,59077,30212763,30212772,9
channel-1,408060,30212764,30212779,15
channel-88,467024,30212774,30212789,15
channel-0,4036139,30212776,30212784,8
channel-783,104160,30212782,30212793,11
channel-1,408061,30212797,30212835,38
channel-2,130563,30212799,30212809,10
channel-208,1489282,30212807,30212817,10
channel-208,1489283,30212809,30212820,11
channel-85077,59078,30212813,30212826,13
channel-85791,3714,30212819,30212828,9
channel-85077,59079,30212828,30212837,9
channel-2494,31852,30212847,30212853,6
channel-750,681037,30212851,30212857,6
channel-6994,1322609,30212854,30212878,24
channel-85077,59080,30212859,30212870,11
channel-89298,18555,30212873,30212884,11
channel-326,537358,30212882,30212887,5
channel-8945,17735,30212884,30212908,24
channel-326,537359,30212892,30212901,9
channel-204,670722,30212900,30212906,6
channel-184,137339,30212926,30212935,9
channel-0,4036140,30212932,30212944,12
channel-251,85131,30212934,30212943,9
channel-326,537360,30212934,30212940,6
channel-326,537361,30212934,30212954,20
channel-783,104161,30212941,30212947,6
channel-42,1489818,30212944,30212951,7
channel-85077,59081,30212953,30212970,17
channel-0,4036141,30212955,30212967,12
channel-75,844576,30212965,30212971,6
channel-0,4036142,30212975,30212985,10
channel-750,681038,30212983,30213013,30
channel-750,681039,30212984,30213013,29
channel-0,4036143,30212992,30213003,11
channel-208,1489284,30212995,30213006,11
channel-6787,166583,30213010,30213014,4
channel-42,1489819,30213018,30213029,11
channel-0,4036144,30213018,30213044,26
channel-0,4036145,30213020,30213031,11
channel-204,670723,30213023,30213034,11
channel-51,20928,30213025,30213038,13
channel-750,681040,30213029,30213033,4
channel-85077,59082,30213032,30213041,9
channel-0,4036146,30213033,30213044,11
channel-750,681041,30213038,30213042,4
channel-750,681042,30213042,30213052,10
channel-0,4036147,30213048,30213057,9
channel-0,4036148,30213052,30213062,10
channel-750,681043,30213056,30213065,9
channel-0,4036149,30213068,30213077,9
channel-75,844577,30213074,30213080,6
channel-208,1489285,30213076,30213083,7
channel-0,4036150,30213082,30213094,12
channel-6994,1322610,30213088,30213103,15
channel-85077,59083,30213095,30213104,9
channel-0,4036151,30213108,30213119,11
channel-94814,3697,30213108,30213119,11
channel-42,1489820,30213113,30213122,9
channel-75,844578,30213119,30213127,8
channel-0,4036152,30213124,30213132,8
channel-1,408062,30213124,30213140,16
channel-208,1489286,30213125,30213137,12
channel-85077,59084,30213132,30213142,10
channel-208,1489287,30213132,30213142,10
channel-750,681044,30213154,30213159,5
channel-1,408063,30213156,30213165,9
channel-0,4036153,30213157,30213171,14
channel-208,1489288,30213159,30213168,9
channel-750,681045,30213164,30213169,5
channel-85077,59085,30213172,30213181,9
channel-874,292316,30213178,30213197,19
channel-208,1489289,30213183,30213191,8
channel-1429,140660,30213183,30213193,10
channel-782,310022,30213185,30213191,6
channel-750,681046,30213215,30213220,5
channel-1,408064,30213220,30213243,23
channel-326,537362,30213253,30213259,6
channel-88,467025,30213264,30213276,12
channel-204,670724,30213265,30213272,7
channel-0,4036154,30213268,30213280,12
channel-0,4036155,30213268,30213280,12
channel-0,4036156,30213274,30213289,15
channel-143,128244,30213276,30213287,11
channel-0,4036157,30213293,30213305,12
channel-1,408065,30213295,30213351,56
channel-42,1489821,30213300,30213307,7
channel-216,94061,30213303,30213307,4
channel-42,1489822,30213307,30213320,13
channel-0,4036158,30213309,30213320,11
channel-0,4036159,30213310,30213320,10
channel-0,4036160,30213316,30213327,11
channel-326,537363,30213317,30213334,17
channel-42,1489823,30213318,30213323,5
channel-750,681047,30213322,30213326,4
channel-0,4036161,30213322,30213332,10
channel-85077,59086,30213325,30213340,15
channel-42,1489824,30213330,30213341,11
channel-0,4036162,30213330,30213341,11
channel-42,1489825,30213330,30213341,11
channel-42,1489826,30213334,30213412,78
channel-0,4036163,30213334,30213341,7
channel-0,4036164,30213337,30213346,9
channel-184,137340,30213339,30213349,10
channel-88,467026,30213360,30213373,13
channel-0,4036165,30213362,30213371,9
channel-181,13581,30213367,30213379,12
channel-208,1489290,30213367,30213376,9
channel-85791,3715,30213383,30213393,10
channel-0,4036166,30213384,30213407,23
channel-0,4036167,30213388,30213398,10
channel-251,85132,30213390,30213403,13
channel-0,4036168,30213394,30213415,21
channel-42,1489827,30213429,30213440,11
channel-208,1489291,30213464,30213471,7
channel-232,49170,30213465,30213471,6
channel-91017,2711,30213467,30213472,5
channel-750,681048,30213475,30213491,16
channel-85077,59087,30213476,30213485,9
channel-216,94062,30213478,30213482,4
channel-750,681049,30213484,30213491,7
channel-85077,59088,30213490,30213502,12
channel-122,667493,30213496,30213499,3
channel-91017,2712,30213497,30213508,11
channel-232,49171,30213503,30213514,11
channel-750,681050,30213509,30213520,11
channel-122,667494,30213515,30213517,2
channel-326,537364,30213520,30213525,5
channel-750,681051,30213526,30213541,15
channel-251,85133,30213532,30213545,13
channel-1,408066,30213535,30213545,10
channel-208,1489292,30213537,30213548,11
channel-6994,1322611,30213538,30213548,10
channel-232,49172,30213546,30213557,11
channel-0,4036169,30213548,30213559,11
channel-199,132498,30213564,30213576,12
channel-0,4036170,30213570,30213581,11
channel-232,49173,30213576,30213589,13
channel-0,4036171,30213577,30213587,10
channel-6994,1322612,30213585,30213595,10
channel-326,537365,30213591,30213598,7
channel-750,681052,30213593,30213605,12
channel-91017,2713,30213600,30213609,9
channel-2494,31853,30213609,30213617,8
channel-0,4036172,30213614,30213622,8
channel-88,467027,30213623,30213641,18
channel-208,1489293,30213624,30213631,7
channel-2,130564,30213628,30213639,11
channel-77,50250,30213628,30213638,10
channel-1,408067,30213634,30213648,14
channel-0,4036173,30213637,30213646,9
channel-251,85134,30213640,30213651,11
channel-750,681053,30213641,30213654,13
channel-199,132499,30213641,30213652,11
channel-232,49174,30213643,30213653,10
channel-75,844579,30213643,30213649,6
channel-113,301254,30213646,30213659,13
channel-750,681054,30213648,30213659,11
channel-208,1489294,30213648,30213659,11
channel-2188,43436,30213684,30213688,4
channel-232,49175,30213687,30213693,6
channel-113,301255,30213687,30213694,7
channel-0,4036174,30213687,30213693,6
channel-208,1489295,30213687,30213695,8
channel-6994,1322613,30213689,30213700,11
channel-20082,9856,30213689,30213700,11
channel-750,681055,30213689,30213703,14
channel-208,1489296,30213690,30213699,9
channel-6994,1322614,30213699,30213711,12
channel-232,49176,30213714,30213723,9
channel-1,408068,30213721,30213757,36
channel-750,681056,30213726,30213731,5
channel-1,408069,30213733,30213757,24
channel-188,190510,30213735,30213802,67
channel-208,1489297,30213738,30213750,12
channel-85077,59089,30213751,30213759,8
channel-6994,1322615,30213751,30213764,13
channel-122,667495,30213765,30213773,8
channel-326,537366,30213771,30213780,9
channel-208,1489298,30213775,30213786,11
channel-1,408070,30213779,30213792,13
channel-208,1489299,30213779,30213789,10
channel-85077,59090,30213828,30213837,9
channel-208,1489300,30213836,30213849,13
channel-6994,1322616,30213837,30213847,10
channel-6994,1322617,30213857,30213887,30
channel-6994,1322618,30213859,30213869,10
channel-1,408071,30213862,30213880,18
channel-4,166785,30213862,30213878,16
channel-91017,2714,30213867,30213875,8
channel-208,1489301,30213874,30213883,9
channel-42,1489828,30213878,30213886,8
channel-42,1489829,30213886,30213893,7
channel-750,681057,30213890,30213895,5
channel-326,537367,30213892,30213915,23
channel-85077,59091,30213905,30213914,9
channel-6994,1322619,30213909,30213926,17
channel-750,681058,30213909,30213929,20
channel-0,4036175,30213910,30213921,11
channel-6994,1322620,30213911,30213926,15
channel-6994,1322621,30213914,30213932,18
channel-199,132500,30213917,30213930,13
channel-208,1489302,30213919,30213932,13
channel-19774,345713,30213921,30213932,11
channel-89298,18556,30213926,30213938,12
channel-2188,43437,30213928,30213933,5
channel-1,408072,30213929,30213947,18
channel-0,4036176,30213938,30213947,9
channel-6994,1322622,30213942,30213952,10
channel-0,4036177,30213947,30213961,14
channel-0,4036178,30213948,30213961,13
channel-42,1489830,30213959,30213971,12
channel-6994,1322623,30213960,30213973,13
channel-326,537368,30213964,30213969,5
channel-85077,59092,30213965,30213976,11
channel-208,1489303,30213965,30213976,11
channel-1,408073,30213977,30213998,21
channel-340,3146,30213994,30214006,12
channel-85077,59093,30213996,30214005,9
channel-75,844580,30213996,30214003,7
channel-6994,1322624,30213997,30214008,11
channel-6994,1322625,30213998,30214011,13
channel-91017,2715,30214001,30214008,7
channel-0,4036179,30214011,30214024,13
channel-6994,1322626,30214019,30214083,64
channel-88,467028,30214020,30214032,12
channel-232,49177,30214021,30214033,12
channel-208,1489304,30214040,30214059,19
channel-122,667496,30214050,30214053,3
channel-2188,43438,30214051,30214056,5
channel-6994,1322627,30214056,30214068,12
channel-6994,1322628,30214060,30214074,14
channel-783,104162,30214070,30214078,8
channel-208,1489305,30214076,30214086,10
channel-6994,1322629,30214077,30214088,11
channel-91017,2716,30214079,30214088,9
channel-1,408074,30214079,30214103,24
channel-75016,4555,30214082,30214103,21
channel-208,1489306,30214092,30214105,13
channel-75,844581,30214104,30214110,6
channel-208,1489307,30214104,30214112,8
channel-750,681059,30214105,30214115,10
channel-42,1489831,30214115,30214121,6
channel-251,85135,30214121,30214132,11
channel-6994,1322630,30214121,30214134,13
channel-6994,1322631,30214134,30214148,14
channel-412,64416,30214135,30214144,9
channel-38946,124009,30214150,30214167,17
channel-232,49178,30214151,30214164,13
channel-1,408075,30214153,30214194,41
channel-208,1489308,30214157,30214170,13
channel-0,4036180,30214163,30214172,9
channel-6994,1322632,30214167,30214195,28
channel-750,681060,30214172,30214177,5
channel-783,104163,30214180,30214188,8
channel-122,667497,30214202,30214205,3
channel-75,844582,30214213,30214221,8
channel-208,1489309,30214214,30214224,10
channel-0,4036181,30214215,30214226,11
channel-208,1489310,30214215,30214226,11
channel-750,681061,30214215,30214240,25
channel-122,667498,30214226,30214229,3
channel-1,408076,30214227,30214258,31
channel-94814,3698,30214242,30214252,10
channel-75,844583,30214248,30214256,8
channel-208,1489311,30214250,30214263,13
channel-326,537369,30214252,30214258,6
channel-1,408077,30214259,30214278,19
channel-0,4036182,30214265,30214284,19
channel-75,844584,30214298,30214306,8
channel-326,537370,30214300,30214321,21
channel-2188,43439,30214304,30214308,4
channel-525,6369,30214308,30214326,18
channel-208,1489312,30214322,30214344,22
channel-208,1489313,30214326,30214338,12
channel-6994,1322633,30214326,30214382,56
channel-750,681062,30214326,30214330,4
channel-2188,43440,30214329,30214334,5
channel-750,681063,30214331,30214345,14
channel-750,681064,30214332,30214345,13
channel-75,844585,30214340,30214346,6
channel-2188,43441,30214353,30214357,4
channel-0,4036183,30214368,30214378,10
channel-412,64417,30214370,30214413,43
channel-1,408078,30214372,30214404,32
channel-85077,59094,30214377,30214383,6
channel-2188,43442,30214380,30214385,5
channel-750,681065,30214381,30214390,9
channel-85077,59095,30214382,30214391,9
channel-89321,19313,30214395,30214406,11
channel-6994,1322634,30214395,30214410,15
channel-85791,3716,30214398,30214405,7
channel-208,1489314,30214400,30214411,11
channel-6994,1322635,30214414,30214424,10
channel-783,104164,30214418,30214458,40
channel-85077,59096,30214433,30214443,10
channel-208,1489315,30214441,30214449,8
channel-122,667499,30214443,30214446,3
channel-122,667500,30214443,30214446,3
channel-6994,1322636,30214445,30214480,35
channel-1,408079,30214448,30214489,41
channel-0,4036184,30214452,30214465,13
channel-750,681066,30214452,30214458,6
channel-750,681067,30214457,30214478,21
channel-89321,19314,30214484,30214489,5
channel-75755,5525,30214487,30214496,9
channel-208,1489316,30214488,30214498,10
channel-1,408080,30214492,30214511,19
channel-2188,43443,30214495,30214500,5
channel-208,1489317,30214498,30214508,10
channel-85077,59097,30214499,30214509,10
channel-0,4036185,30214516,30214525,9
channel-0,4036186,30214519,30214532,13
channel-1,408081,30214520,30214548,28
channel-85077,59098,30214536,30214544,8
channel-85791,3717,30214536,30214542,6
channel-216,94063,30214560,30214563,3
channel-19774,345714,30214565,30214574,9
channel-75,844586,30214567,30214573,6
channel-340,3147,30214577,30214587,10
channel-85077,59099,30214583,30214593,10
channel-6994,1322637,30214585,30214595,10
channel-0,4036187,30214608,30214621,13
channel-122,667501,30214611,30214614,3
channel-750,681068,30214636,30214650,14
channel-1,408082,30214637,30214659,22
channel-89298,18557,30214644,30214656,12
channel-5,184190,30214665,30214673,8
channel-750,681069,30214668,30214681,13
channel-85077,59100,30214669,30214679,10
channel-208,1489318,30214669,30214679,10
channel-251,85136,30214677,30214687,10
channel-1,408083,30214680,30214701,21
channel-750,681070,30214680,30214685,5
channel-320,119138,30214682,30214692,10
channel-326,537371,30214683,30214707,24
channel-208,1489319,30214693,30214701,8
channel-85077,59101,30214699,30214706,7
channel-1,408084,30214701,30214720,19
channel-42,1489832,30214705,30214718,13
channel-75,844587,30214716,30214722,6
channel-750,681071,30214719,30214729,10
channel-42,1489833,30214724,30214728,4
channel-251,85137,30214728,30214736,8
channel-750,681072,30214752,30214769,17
channel-750,681073,30214755,30214777,22
channel-340,3148,30214775,30214786,11
channel-75,844588,30214783,30214791,8
channel-6994,1322638,30214787,30214799,12
channel-251,85138,30214814,30214824,10
channel-85077,59102,30214816,30214826,10
channel-85077,59103,30214820,30214829,9
channel-6994,1322639,30214858,30214869,11
channel-1429,140661,30214858,30214870,12
channel-6787,166584,30214864,30214868,4
channel-208,1489320,30214865,30214877,12
channel-85077,59104,30214869,30214878,9
channel-326,537372,30214895,30214902,7
channel-75,844589,30214897,30214903,6
channel-6994,1322640,30214899,30214910,11
channel-1,408085,30214899,30214924,25
channel-75,844590,30214915,30214924,9
channel-1279,67103,30214916,30214928,12
channel-750,681074,30214924,30214931,7
channel-6994,1322641,30214927,30214939,12
channel-0,4036188,30214927,30214936,9
channel-750,681075,30214927,30214933,6
channel-91017,2717,30214932,30214942,10
channel-208,1489321,30214933,30214947,14
channel-75,844591,30214933,30214940,7
channel-750,681076,30214933,30214940,7
channel-0,4036189,30214954,30214965,11
channel-750,681077,30214959,30214964,5
channel-6994,1322642,30214963,30214972,9
channel-122,667502,30214965,30214968,3
channel-750,681078,30214966,30214977,11
channel-75,844592,30214979,30214986,7
channel-85077,59105,30214982,30214991,9
channel-782,310023,30214991,30215000,9
channel-85077,59106,30214994,30215002,8
channel-75,844593,30215001,30215008,7
channel-5,184191,30215010,30215022,12
channel-0,4036190,30215015,30215024,9
channel-0,4036191,30215019,30215028,9
channel-750,681079,30215022,30215029,7
channel-6994,1322643,30215023,30215036,13
channel-208,1489322,30215025,30215040,15
channel-0,4036192,30215026,30215038,12
channel-557,52038,30215035,30215046,11
channel-85791,3718,30215036,30215046,10
channel-75,844594,30215048,30215057,9
channel-750,681080,30215056,30215064,8
channel-750,681081,30215067,30215077,10
channel-750,681082,30215070,30215076,6
channel-0,4036193,30215074,30215086,12
channel-0,4036194,30215079,30215091,12
channel-75,844595,30215086,30215093,7
channel-750,681083,30215092,30215101,9
channel-6994,1322644,30215097,30215106,9
channel-326,537373,30215097,30215117,20
channel-0,4036195,30215103,30215121,18
channel-0,4036196,30215117,30215123,6
channel-165,71400,30215117,30215149,32
channel-85077,59107,30215117,30215126,9
channel-75,844596,30215120,30215131,11
channel-326,537374,30215121,30215130,9
channel-21113,25276,30215121,30215130,9
channel-0,4036197,30215122,30215131,9
channel-85077,59108,30215131,30215142,11
channel-87,182885,30215138,30215149,11
channel-0,4036198,30215143,30215153,10
channel-750,681084,30215148,30215161,13
channel-208,1489323,30215150,30215159,9
channel-6994,1322645,30215151,30215160,9
channel-0,4036199,30215157,30215166,9
channel-208,1489324,30215159,30215167,8
channel-113,301256,30215167,30215184,17
channel-0,4036200,30215179,30215189,10
channel-0,4036201,30215183,30215194,11
channel-208,1489325,30215183,30215193,10
channel-320,119139,30215184,30215195,11
channel-750,681085,30215187,30215197,10
channel-0,4036202,30215188,30215198,10
channel-75,844597,30215193,30215201,8
channel-89298,18558,30215193,30215204,11
channel-6994,1322646,30215199,30215210,11
channel-750,681086,30215204,30215208,4
channel-0,4036203,30215204,30215216,12
channel-6994,1322647,30215205,30215259,54
channel-6994,1322648,30215207,30215219,12
channel-750,681087,30215208,30215213,5
channel-750,681088,30215210,30215225,15
channel-199,132501,30215214,30215285,71
channel-1429,140662,30215215,30215226,11
channel-232,49179,30215217,30215229,12
channel-0,4036204,30215218,30215230,12
channel-85791,3719,30215229,30215238,9
channel-0,4036205,30215230,30215251,21
channel-1,408086,30215242,30215263,21
channel-750,681089,30215249,30215254,5
channel-0,4036206,30215251,30215261,10
channel-750,681090,30215255,30215269,14
channel-85791,3720,30215261,30215270,9
channel-0,4036207,30215272,30215287,15
channel-750,681091,30215273,30215282,9
channel-208,1489326,30215293,30215307,14
channel-874,292317,30215303,30215308,5
channel-0,4036208,30215310,30215319,9
channel-0,4036209,30215319,30215329,10
channel-208,1489327,30215332,30215344,12
channel-85791,3721,30215333,30215340,7
channel-874,292318,30215337,30215343,6
channel-750,681092,30215348,30215353,5
channel-1411,1986,30215354,30215362,8
channel-750,681093,30215357,30215362,5
channel-0,4036210,30215360,30215376,16
channel-874,292319,30215373,30215380,7
channel-122,667503,30215380,30215383,3
channel-326,537375,30215384,30215389,5
channel-1429,140663,30215384,30215395,11
channel-19774,345715,30215393,30215406,13
channel-750,681094,30215393,30215399,6
channel-0,4036211,30215394,30215404,10
channel-208,1489328,30215398,30215407,9
channel-1,408087,30215409,30215451,42
channel-148,16078,30215411,30215416,5
channel-874,292320,30215412,30215416,4
channel-0,4036212,30215412,30215419,7
channel-122,667504,30215413,30215416,3
channel-750,681095,30215417,30215429,12
channel-144,86668,30215419,30215429,10
channel-557,52039,30215421,30215433,12
channel-750,681096,30215424,30215441,17
channel-6994,1322649,30215424,30215437,13
channel-874,292321,30215426,30215433,7
channel-0,4036213,30215437,30215444,7
channel-6994,1322650,30215441,30215469,28
channel-6994,1322651,30215444,30215461,17
channel-874,292322,30215450,30215455,5
channel-1,408088,30215451,30215471,20
channel-874,292323,30215455,30215461,6
channel-148,16079,30215458,30215464,6
channel-326,537376,30215461,30215492,31
channel-557,52040,30215462,30215474,12
channel-208,1489329,30215467,30215477,10
channel-412,64418,30215469,30215479,10
channel-750,681097,30215470,30215475,5
channel-216,94064,30215473,30215477,4
channel-216,94065,30215473,30215477,4
channel-874,292324,30215485,30215492,7
channel-0,4036214,30215489,30215500,11
channel-874,292325,30215490,30215495,5
channel-19774,345716,30215491,30215501,10
channel-208,1489330,30215511,30215521,10
channel-557,52041,30215514,30215525,11
channel-874,292326,30215522,30215529,7
channel-874,292327,30215525,30215532,7
channel-1575,15170,30215526,30215534,8
channel-0,4036215,30215529,30215540,11
channel-326,537377,30215530,30215542,12
channel-326,537378,30215530,30215542,12
channel-326,537379,30215530,30215542,12
channel-326,537380,30215530,30215542,12
channel-0,4036216,30215530,30215540,10
channel-122,667505,30215550,30215553,3
channel-874,292328,30215562,30215570,8
channel-76971,12209,30215563,30215585,22
channel-750,681098,30215563,30215568,5
channel-251,85139,30215572,30215584,12
channel-85077,59109,30215576,30215586,10
channel-75,844598,30215576,30215585,9
channel-6994,1322652,30215578,30215613,35
channel-0,4036217,30215583,30215593,10
channel-199,132502,30215586,30215597,11
channel-874,292329,30215597,30215604,7
channel-750,681099,30215600,30215606,6
channel-208,1489331,30215617,30215625,8
channel-326,537381,30215618,30215624,6
channel-85077,59110,30215621,30215633,12
channel-0,4036218,30215621,30215633,12
channel-0,4036219,30215627,30215637,10
channel-750,681100,30215634,30215648,14
channel-0,4036220,30215635,30215645,10
channel-874,292330,30215636,30215641,5
channel-72,516378,30215639,30215680,41
channel-0,4036221,30215639,30215650,11
channel-767,14344,30215645,30215655,10
channel-232,49180,30215650,30215661,11
channel-0,4036222,30215650,30215660,10
channel-0,4036223,30215650,30215660,10
channel-0,4036224,30215656,30215668,12
channel-6994,1322653,30215658,30215669,11
channel-750,681101,30215668,30215674,6
channel-1,408089,30215675,30215689,14
channel-874,292331,30215676,30215681,5
channel-232,49181,30215677,30215688,11
channel-750,681102,30215693,30215703,10
channel-0,4036225,30215694,30215705,11
channel-115,20328,30215696,30215704,8
channel-750,681103,30215697,30215700,3
channel-208,1489332,30215701,30215711,10
channel-19774,345717,30215701,30215714,13
channel-874,292332,30215712,30215717,5
channel-0,4036226,30215719,30215724,5
channel-85077,59111,30215728,30215745,17
channel-782,310024,30215729,30215737,8
channel-1,408090,30215730,30215758,28
channel-0,4036227,30215731,30215740,9
channel-208,1489333,30215743,30215753,10
channel-73755,5817,30215748,30215754,6
channel-0,4036228,30215748,30215759,11
channel-1429,140664,30215750,30215757,7
channel-750,681104,30215750,30215760,10
channel-874,292333,30215752,30215757,5
channel-1429,140665,30215753,30215760,7
channel-122,667506,30215759,30215762,3
channel-6994,1322654,30215759,30215770,11
channel-0,4036229,30215759,30215768,9
channel-1,408091,30215761,30215787,26
channel-0,4036230,30215768,30215779,11
channel-750,681105,30215771,30215781,10
channel-1,408092,30215773,30215787,14
channel-874,292334,30215782,30215787,5
channel-6994,1322655,30215793,30215814,21
channel-115,20329,30215812,30215824,12
channel-6994,1322656,30215817,30215829,12
channel-85077,59112,30215822,30215838,16
channel-874,292335,30215823,30215829,6
channel-6994,1322657,30215828,30215836,8
channel-0,4036231,30215830,30215840,10
channel-75,844599,30215849,30215854,5
channel-122,667507,30215851,30215854,3
channel-750,681106,30215855,30215877,22
channel-874,292336,30215857,30215867,10
channel-6994,1322658,30215859,30215888,29
channel-122,667508,30215875,30215878,3
channel-0,4036232,30215878,30215899,21
channel-85077,59113,30215882,30215890,8
channel-326,537382,30215884,30215888,4
channel-750,681107,30215887,30215902,15
channel-0,4036233,30215888,30215899,11
channel-85077,59114,30215888,30215899,11
channel-122,667509,30215891,30215894,3
channel-0,4036234,30215905,30215915,10
channel-216,94066,30215907,30215912,5
channel-6994,1322659,30215909,30215920,11
channel-122,667510,30215909,30215912,3
channel-0,4036235,30215917,30215930,13
channel-6994,1322660,30215932,30215941,9
channel-6897,5624,30215940,30215946,6
channel-6994,1322661,30215940,30215966,26
channel-750,681108,30215941,30215959,18
channel-122,667511,30215941,30215944,3
channel-122,667512,30215949,30215952,3
channel-0,4036236,30215950,30215960,10
channel-6994,1322662,30215952,30215966,14
channel-85077,59115,30215962,30215970,8
channel-6994,1322663,30215963,30216009,46
channel-1429,140666,30215967,30215977,10
channel-208,1489334,30215970,30215981,11
channel-0,4036237,30215971,30215983,12
channel-320,119140,30215971,30216006,35
channel-75,844600,30215983,30215989,6
channel-750,681109,30215986,30215996,10
channel-208,1489335,30215987,30216008,21
channel-6994,1322664,30215987,30216003,16
channel-0,4036238,30215990,30216000,10
channel-2188,43444,30215996,30216000,4
channel-750,681110,30215996,30216008,12
channel-122,667513,30215999,30216003,4
channel-6994,1322665,30216002,30216014,12
channel-0,4036239,30216002,30216013,11
channel-199,132503,30216003,30216032,29
channel-750,681111,30216007,30216012,5
channel-81016,261,30216008,30216022,14
channel-0,4036240,30216009,30216018,9
channel-750,681112,30216011,30216016,5
channel-181,13582,30216012,30216023,11
channel-6994,1322666,30216014,30216107,93
channel-85077,59116,30216018,30216026,8
channel-1429,140667,30216019,30216029,10
channel-208,1489336,30216027,30216037,10
channel-874,292337,30216033,30216038,5
channel-0,4036241,30216033,30216044,11
channel-251,85140,30216034,30216042,8
channel-75,844601,30216036,30216044,8
channel-1,408093,30216036,30216100,64
channel-1,408094,30216037,30216101,64
channel-0,4036242,30216040,30216049,9
channel-6994,1322667,30216049,30216059,10
channel-88,467029,30216051,30216125,74
channel-85077,59117,30216058,30216069,11
channel-0,4036243,30216059,30216070,11
channel-874,292338,30216059,30216065,6
channel-122,667514,30216063,30216066,3
channel-0,4036244,30216065,30216073,8
channel-326,537383,30216070,30216093,23
channel-6994,1322668,30216071,30216107,36
channel-122,667515,30216076,30216080,4
channel-89298,18559,30216097,30216105,8
channel-1429,140668,30216099,30216106,7
channel-874,292339,30216100,30216106,6
channel-181,13583,30216105,30216114,9
channel-6994,1322669,30216108,30216118,10
channel-750,681113,30216108,30216113,5
channel-42,1489834,30216111,30216118,7
channel-199,132504,30216111,30216118,7
channel-91017,2718,30216115,30216120,5
channel-1429,140669,30216115,30216124,9
channel-750,681114,30216118,30216137,19
channel-874,292340,30216122,30216129,7
channel-6787,166585,30216131,30216136,5
channel-0,4036245,30216131,30216142,11
channel-122,667516,30216132,30216135,3
channel-0,4036246,30216135,30216147,12
channel-0,4036247,30216139,30216152,13
channel-750,681115,30216142,30216151,9
channel-874,292341,30216149,30216155,6
channel-750,681116,30216151,30216161,10
channel-6994,1322670,30216157,30216169,12
channel-750,681117,30216159,30216164,5
channel-122,667517,30216164,30216168,4
channel-0,4036248,30216166,30216177,11
channel-208,1489337,30216167,30216178,11
channel-750,681118,30216168,30216173,5
channel-6994,1322671,30216168,30216178,10
channel-115,20330,30216180,30216191,11
channel-1429,140670,30216187,30216202,15
channel-320,119141,30216192,30216219,27
channel-122,667518,30216192,30216195,3
channel-1,408095,30216193,30216201,8
channel-0,4036249,30216197,30216205,8
channel-874,292342,30216213,30216228,15
channel-6994,1322672,30216215,30216228,13
channel-0,4036250,30216218,30216228,10
channel-750,681119,30216227,30216242,15
channel-89298,18560,30216234,30216244,10
channel-38946,124010,30216244,30216267,23
channel-6787,166586,30216249,30216255,6
channel-115,20331,30216249,30216258,9
channel-874,292343,30216251,30216257,6
channel-1,408096,30216263,30216305,42
channel-0,4036251,30216266,30216278,12
channel-6994,1322673,30216280,30216290,10
channel-874,292344,30216283,30216288,5
channel-38946,124011,30216302,30216331,29
channel-874,292345,30216312,30216317,5
channel-0,4036252,30216316,30216323,7
channel-89298,18561,30216317,30216325,8
channel-42,1489835,30216318,30216340,22
channel-1,408097,30216320,30216359,39
channel-6994,1322674,30216322,30216333,11
channel-19774,345718,30216324,30216332,8
channel-0,4036253,30216333,30216345,12
channel-216,94067,30216335,30216339,4
channel-88,467030,30216341,30216355,14
channel-874,292346,30216343,30216350,7
channel-89321,19315,30216349,30216359,10
channel-0,4036254,30216357,30216370,13
channel-0,4036255,30216366,30216378,12
channel-874,292347,30216367,30216372,5
channel-6994,1322675,30216368,30216381,13
channel-874,292348,30216372,30216381,9
channel-1429,140671,30216382,30216391,9
channel-95,331589,30216384,30216400,16
channel-0,4036256,30216391,30216403,12
channel-6994,1322676,30216401,30216411,10
channel-874,292349,30216409,30216419,10
channel-2188,43445,30216412,30216417,5
channel-6994,1322677,30216421,30216429,8
channel-0,4036257,30216433,30216445,12
channel-94814,3699,30216435,30216445,10
channel-208,1489338,30216437,30216446,9
channel-208,1489339,30216444,30216454,10
channel-874,292350,30216444,30216451,7
channel-208,1489340,30216446,30216454,8
channel-208,1489341,30216447,30216459,12
channel-6994,1322678,30216468,30216478,10
channel-874,292351,30216469,30216475,6
channel-326,537384,30216470,30216493,23
channel-750,681120,30216475,30216480,5
channel-42,1489836,30216488,30216512,24
channel-122,667519,30216490,30216494,4
channel-1,408098,30216494,30216507,13
channel-874,292352,30216501,30216508,7
channel-38946,124012,30216509,30216521,12
channel-6994,1322679,30216521,30216536,15
channel-75,844602,30216526,30216534,8
channel-97998,42,30216526,30216532,6
channel-874,292353,30216534,30216544,10
channel-340,3149,30216542,30216551,9
channel-0,4036258,30216563,30216571,8
channel-750,681121,30216564,30216575,11
channel-874,292354,30216567,30216574,7
channel-208,1489342,30216568,30216579,11
channel-0,4036259,30216572,30216596,24
channel-750,681122,30216585,30216593,8
channel-88,467031,30216595,30216608,13
channel-874,292355,30216600,30216611,11
channel-85077,59118,30216601,30216609,8
channel-0,4036260,30216616,30216629,13
channel-782,310025,30216619,30216630,11
channel-115,20332,30216624,30216632,8
channel-874,292356,30216632,30216637,5
channel-782,310026,30216635,30216640,5
channel-750,681123,30216635,30216640,5
channel-6994,1322680,30216656,30216682,26
channel-874,292357,30216664,30216681,17
channel-874,292358,30216664,30216669,5
channel-0,4036261,30216667,30216679,12
channel-1,408099,30216687,30216716,29
channel-4,166786,30216687,30216708,21
channel-0,4036262,30216692,30216704,12
channel-1,408100,30216692,30216716,24
channel-85077,59119,30216702,30216713,11
channel-75,844603,30216706,30216715,9
channel-2186,40742,30216714,30216722,8
channel-0,4036263,30216719,30216728,9
channel-750,681124,30216734,30216740,6
channel-251,85141,30216747,30216757,10
channel-0,4036264,30216764,30216774,10
channel-208,1489343,30216773,30216783,10
channel-0,4036265,30216775,30216784,9
channel-216,94068,30216782,30216787,5
channel-2188,43446,30216782,30216787,5
channel-0,4036266,30216818,30216828,10
channel-0,4036267,30216819,30216841,22
channel-6994,1322681,30216827,30216840,13
channel-0,4036268,30216835,30216846,11
channel-0,4036269,30216846,30216852,6
channel-6994,1322682,30216849,30216860,11
channel-85077,59120,30216859,30216866,7
channel-216,94069,30216864,30216869,5
channel-0,4036270,30216864,30216874,10
channel-0,4036271,30216864,30216874,10
channel-89321,19316,30216867,30216880,13
channel-0,4036272,30216876,30216888,12
channel-750,681125,30216883,30216904,21
channel-326,537385,30216884,30216901,17
channel-75,844604,30216887,30216895,8
channel-208,1489344,30216891,30216903,12
channel-0,4036273,30216895,30216903,8
channel-1,408101,30216896,30216907,11
channel-320,119142,30216900,30216930,30
channel-2188,43447,30216902,30216907,5
channel-75,844605,30216908,30216915,7
channel-750,681126,30216910,30216918,8
channel-0,4036274,30216916,30216928,12
channel-75,844606,30216933,30216941,8
channel-750,681127,30216933,30216947,14
channel-522,40407,30216934,30216947,13
channel-208,1489345,30216937,30216949,12
channel-0,4036275,30216951,30216963,12
channel-0,4036276,30216960,30216973,13
channel-75,844607,30216961,30216967,6
channel-19774,345719,30216962,30216978,16
channel-216,94070,30216967,30216971,4
channel-199,132505,30216973,30216998,25
channel-0,4036277,30216985,30216998,13
channel-75,844608,30216994,30216999,5
channel-19774,345720,30216994,30216999,5
channel-0,4036278,30216996,30217006,10
channel-199,132506,30217001,30217030,29
channel-4,166787,30217028,30217047,19
channel-782,310027,30217036,30217042,6
channel-75,844609,30217044,30217051,7
channel-6994,1322683,30217046,30217071,25
channel-75,844610,30217052,30217059,7
channel-0,4036279,30217056,30217078,22
channel-42,1489837,30217059,30217073,14
channel-208,1489346,30217062,30217071,9
channel-6787,166587,30217065,30217069,4
channel-208,1489347,30217066,30217076,10
channel-208,1489348,30217068,30217080,12
channel-0,4036280,30217084,30217094,10
channel-0,4036281,30217086,30217098,12
channel-75,844611,30217088,30217096,8
channel-0,4036282,30217091,30217107,16
channel-208,1489349,30217093,30217102,9
channel-42,1489838,30217094,30217104,10
channel-42,1489839,30217099,30217106,7
channel-42,1489840,30217104,30217125,21
channel-42,1489841,30217105,30217123,18
channel-0,4036283,30217106,30217116,10
channel-5,184192,30217107,30217120,13
channel-0,4036284,30217107,30217116,9
channel-42,1489842,30217122,30217129,7
channel-42,1489843,30217123,30217137,14
channel-85077,59121,30217123,30217133,10
channel-750,681128,30217125,30217137,12
channel-4,166788,30217125,30217153,28
channel-0,4036285,30217125,30217132,7
channel-42,1489844,30217127,30217151,24
channel-208,1489350,30217131,30217142,11
channel-208,1489351,30217133,30217142,9
channel-208,1489352,30217139,30217151,12
channel-42,1489845,30217140,30217152,12
channel-42,1489846,30217142,30217205,63
channel-208,1489353,30217142,30217151,9
channel-2,130565,30217146,30217154,8
channel-6994,1322684,30217154,30217166,12
channel-208,1489354,30217155,30217167,12
channel-42,1489847,30217157,30217170,13
channel-75,844612,30217163,30217170,7
channel-0,4036286,30217168,30217176,8
channel-42,1489848,30217170,30217180,10
channel-42,1489849,30217171,30217183,12
channel-750,681129,30217173,30217178,5
channel-2,130566,30217180,30217193,13
channel-75,844613,30217184,30217190,6
channel-42,1489850,30217191,30217198,7
channel-42,1489851,30217191,30217198,7
channel-326,537386,30217196,30217201,5
channel-216,94071,30217201,30217205,4
channel-208,1489355,30217201,30217211,10
channel-75,844614,30217204,30217212,8
channel-6994,1322685,30217204,30217212,8
channel-42,1489852,30217205,30217212,7
channel-0,4036287,30217207,30217214,7
channel-42,1489853,30217212,30217219,7
channel-42,1489854,30217213,30217227,14
channel-208,1489356,30217214,30217223,9
channel-0,4036288,30217214,30217223,9
channel-208,1489357,30217214,30217223,9
channel-42,1489855,30217215,30217227,12
channel-208,1489358,30217216,30217225,9
channel-6994,1322686,30217218,30217231,13
channel-42,1489856,30217230,30217236,6
channel-42,1489857,30217234,30217240,6
channel-0,4036289,30217240,30217253,13
channel-208,1489359,30217242,30217254,12
channel-208,1489360,30217242,30217254,12
channel-326,537387,30217250,30217284,34
channel-5,184193,30217255,30217378,123
channel-0,4036290,30217262,30217272,10
channel-42,1489858,30217263,30217276,13
channel-42,1489859,30217265,30217278,13
channel-208,1489361,30217272,30217284,12
channel-75,844615,30217275,30217286,11
channel-0,4036291,30217278,30217292,14
channel-750,681130,30217280,30217286,6
channel-216,94072,30217296,30217300,4
channel-0,4036292,30217300,30217312,12
channel-208,1489362,30217303,30217314,11
channel-208,1489363,30217304,30217314,10
channel-208,1489364,30217307,30217318,11
channel-0,4036293,30217311,30217320,9
channel-2494,31854,30217316,30217324,8
channel-208,1489365,30217321,30217330,9
channel-362,86674,30217332,30217341,9
channel-2,130567,30217332,30217343,11
channel-208,1489366,30217346,30217355,9
channel-208,1489367,30217347,30217360,13
channel-0,4036294,30217349,30217359,10
channel-0,4036295,30217361,30217372,11
channel-0,4036296,30217364,30217377,13
channel-750,681131,30217376,30217398,22
channel-208,1489368,30217377,30217386,9
channel-6787,166588,30217401,30217405,4
channel-750,681132,30217401,30217407,6
channel-6787,166589,30217403,30217407,4
channel-216,94073,30217405,30217410,5
channel-88,467032,30217405,30217424,19
channel-208,1489369,30217415,30217424,9
channel-750,681133,30217415,30217429,14
channel-0,4036297,30217416,30217427,11
channel-750,681134,30217418,30217427,9
channel-750,681135,30217421,30217427,6
channel-6994,1322687,30217425,30217438,13
channel-208,1489370,30217429,30217438,9
channel-199,132507,30217435,30217463,28
channel-75755,5526,30217440,30217449,9
channel-1,408102,30217443,30217452,9
channel-94814,3700,30217451,30217461,10
channel-0,4036298,30217453,30217464,11
channel-750,681136,30217455,30217469,14
channel-412,64419,30217460,30217471,11
channel-750,681137,30217472,30217494,22
channel-412,64420,30217476,30217485,9
channel-88,467033,30217477,30217492,15
channel-340,3150,30217488,30217497,9
channel-320,119143,30217491,30217514,23
channel-326,537388,30217502,30217507,5
channel-208,1489371,30217506,30217517,11
channel-0,4036299,30217507,30217518,11
channel-6994,1322688,30217508,30217521,13
channel-75,844616,30217515,30217523,8
channel-208,1489372,30217515,30217526,11
channel-1429,140672,30217516,30217529,13
channel-0,4036300,30217522,30217532,10
channel-208,1489373,30217532,30217544,12
channel-4,166789,30217543,30217564,21
channel-0,4036301,30217545,30217570,25
channel-5,184194,30217545,30217770,225
channel-0,4036302,30217547,30217560,13
channel-208,1489374,30217547,30217559,12
channel-165,71401,30217555,30217719,164
channel-783,104165,30217559,30217565,6
channel-874,292359,30217560,30217569,9
channel-5,184195,30217564,30217575,11
channel-88,467034,30217565,30217578,13
channel-85077,59122,30217565,30217573,8
channel-6994,1322689,30217565,30217596,31
channel-208,1489375,30217573,30217583,10
channel-6994,1322690,30217575,30217606,31
channel-208,1489376,30217582,30217595,13
channel-0,4036303,30217583,30217611,28
channel-6994,1322691,30217583,30217596,13
channel-75,844617,30217606,30217614,8
channel-216,94074,30217610,30217614,4
channel-208,1489377,30217611,30217622,11
channel-2188,43448,30217615,30217620,5
channel-326,537389,30217618,30217625,7
channel-783,104166,30217623,30217628,5
channel-750,681138,30217625,30217634,9
channel-6994,1322692,30217629,30217656,27
channel-208,1489378,30217629,30217644,15
channel-88,467035,30217631,30217648,17
channel-326,537390,30217631,30217653,22
channel-1,408103,30217635,30217667,32
channel-208,1489379,30217638,30217650,12
channel-208,1489380,30217646,30217658,12
channel-783,104167,30217652,30217659,7
channel-6994,1322693,30217652,30217661,9
channel-5,184196,30217656,30217666,10
channel-6994,1322694,30217661,30217671,10
channel-4,166790,30217666,30217688,22
channel-208,1489381,30217684,30217696,12
channel-4,166791,30217687,30217716,29
channel-6994,1322695,30217687,30217700,13
channel-208,1489382,30217689,30217698,9
channel-122,667520,30217697,30217700,3
channel-4,166792,30217710,30217744,34
channel-6994,1322696,30217716,30217730,14
channel-0,4036304,30217719,30217730,11
channel-229,54996,30217722,30217735,13
channel-6994,1322697,30217724,30217736,12
channel-208,1489383,30217725,30217735,10
channel-20082,9857,30217725,30217734,9
channel-216,94075,30217731,30217735,4
channel-6994,1322698,30217747,30217757,10
channel-0,4036305,30217760,30217781,21
channel-91017,2719,30217762,30217771,9
channel-412,64421,30217777,30217786,9
channel-122,667521,30217780,30217784,4
channel-216,94076,30217781,30217785,4
channel-5,184197,30217781,30217792,11
channel-89321,19317,30217793,30217803,10
channel-2,130568,30217798,30217810,12
channel-75,844618,30217811,30217824,13
channel-208,1489384,30217811,30217824,13
channel-75,844619,30217812,30217824,12
channel-6994,1322699,30217824,30217847,23
channel-0,4036306,30217827,30217851,24
channel-874,292360,30217828,30217834,6
channel-0,4036307,30217834,30217845,11
channel-6994,1322700,30217837,30217847,10
channel-1411,1987,30217845,30217851,6
channel-75,844620,30217847,30217853,6
channel-75,844621,30217851,30217859,8
channel-0,4036308,30217853,30217874,21
channel-85077,59123,30217853,30217861,8
channel-122,667522,30217854,30217858,4
channel-750,681139,30217863,30217867,4
channel-750,681140,30217872,30217886,14
channel-85077,59124,30217874,30217886,12
channel-85077,59125,30217875,30217890,15
channel-750,681141,30217883,30217893,10
channel-94814,3701,30217883,30217891,8
channel-85077,59126,30217885,30217898,13
channel-874,292361,30217889,30217894,5
channel-19774,345721,30217898,30217909,11
channel-750,681142,30217898,30217903,5
channel-42,1489860,30217899,30217912,13
channel-259,314154,30217901,30218002,101
channel-6994,1322701,30217908,30217931,23
channel-782,310028,30217908,30217916,8
channel-6994,1322702,30217914,30217939,25
channel-750,681143,30217914,30217929,15
channel-326,537391,30217921,30217931,10
channel-0,4036309,30217932,30217942,10
channel-88,467036,30217938,30217951,13
channel-42,1489861,30217940,30217954,14
channel-0,4036310,30217947,30217958,11
channel-122,667523,30217950,30217953,3
channel-85077,59127,30217953,30217961,8
channel-1429,140673,30217961,30217972,11
channel-6994,1322703,30217964,30217990,26
channel-216,94077,30217967,30217972,5
channel-1,408104,30217971,30218011,40
channel-750,681144,30217980,30217987,7
channel-204,670727,30217985,30217993,8
channel-259,314156,30217990,30217996,6
channel-6994,1322704,30217991,30218005,14
channel-2494,31855,30217995,30218005,10
channel-750,681145,30217995,30218000,5
channel-216,94078,30218006,30218010,4
channel-0,4036311,30218010,30218017,7
channel-0,4036312,30218011,30218022,11
channel-4,166793,30218015,30218041,26
channel-750,681146,30218019,30218023,4
channel-4,166794,30218021,30218065,44
channel-0,4036313,30218033,30218040,7
channel-874,292362,30218038,30218050,12
channel-204,670728,30218040,30233761,15721
channel-2,130569,30218068,30218080,12
channel-75,844622,30218074,30218082,8
channel-208,1489385,30218074,30218086,12
channel-143,128245,30218077,30218089,12
channel-97998,43,30218078,30218083,5
channel-75,844623,30218081,30218087,6
channel-326,537392,30218081,30218087,6
channel-6994,1322705,30218082,30218094,12
channel-0,4036314,30218089,30218114,25
channel-75,844624,30218109,30218116,7
channel-89321,19318,30218112,30218119,7
channel-75,844625,30218112,30218118,6
channel-5,184198,30218115,30218125,10
channel-75,844626,30218132,30218138,6
channel-781,11377,30218152,30218158,6
channel-216,94079,30218158,30218162,4
channel-75,844627,30218160,30218169,9
channel-750,681147,30218174,30218196,22
channel-340,3151,30218175,30218185,10
channel-75,844628,30218182,30218188,6
channel-5,184199,30218183,30218189,6
channel-216,94080,30218186,30218189,3
channel-88,467037,30218197,30218209,12
channel-0,4036315,30218205,30218227,22
channel-4,166795,30218210,30218240,30
channel-2494,31856,30218214,30218222,8
channel-0,4036316,30218221,30218250,29
channel-94814,3702,30218221,30218230,9
channel-143,128246,30218223,30218235,12
channel-750,681148,30218227,30218232,5
channel-412,64422,30218235,30218247,12
channel-326,537393,30218235,30218261,26
channel-216,94081,30218242,30218247,5
channel-0,4036317,30218250,30218271,21
channel-874,292363,30218256,30218260,4
channel-0,4036318,30218259,30218271,12
channel-199,132508,30218262,30218287,25
channel-88,467038,30218262,30218280,18
channel-122,667524,30218281,30218285,4
channel-85077,59128,30218291,30218301,10
channel-0,4036319,30218304,30218316,12
channel-0,4036320,30218312,30218331,19
channel-216,94082,30218317,30218321,4
channel-208,1489386,30218329,30218340,11
channel-216,94083,30218330,30218334,4
channel-0,4036321,30218336,30218346,10
channel-0,4036322,30218338,30218359,21
channel-85077,59129,30218342,30218356,14
channel-0,4036323,30218345,30218355,10
channel-216,94084,30218347,30218351,4
channel-216,94085,30218355,30218359,4
channel-216,94086,30218356,30218360,4
channel-782,310029,30218363,30218367,4
channel-85077,59130,30218367,30218388,21
channel-874,292364,30218368,30218388,20
channel-122,667525,30218400,30218406,6
channel-259,314157,30218404,30218410,6
channel-326,537394,30218409,30218418,9
channel-6994,1322706,30218433,30218446,13
channel-75,844629,30218434,30218441,7
channel-21113,25277,30218439,30218447,8
channel-0,4036324,30218441,30218803,362
channel-6994,1322707,30218446,30218458,12
channel-522,40408,30218447,30218455,8
channel-874,292365,30218449,30218464,15
channel-208,1489387,30218453,30218463,10
channel-0,4036325,30218460,30218471,11
channel-19774,345722,30218460,30218472,12
channel-750,681149,30218467,30218488,21
channel-122,667526,30218468,30218475,7
channel-750,681150,30218484,30218489,5
channel-0,4036326,30218498,30218507,9
channel-0,4036327,30218504,30218513,9
channel-0,4036328,30218529,30218536,7
channel-6994,1322708,30218530,30218538,8
channel-208,1489388,30218534,30218548,14
channel-320,119144,30218543,30218579,36
channel-42,1489862,30218551,30218561,10
channel-216,94087,30218554,30218558,4
channel-0,4036329,30218557,30218570,13
channel-216,94088,30218573,30218577,4
channel-122,667527,30218579,30218582,3
channel-0,4036330,30218592,30218602,10
channel-750,681151,30218597,30218602,5
channel-782,310030,30218607,30218613,6
channel-6994,1322709,30218611,30218632,21
channel-75,844630,30218617,30218622,5
channel-326,537395,30218619,30218626,7
channel-122,667528,30218619,30218621,2
channel-216,94089,30218620,30218625,5
channel-326,537396,30218632,30218648,16
channel-42,1489863,30218635,30218642,7
channel-122,667529,30218635,30218639,4
channel-4,166796,30218641,30218665,24
channel-122,667530,30218648,30218651,3
channel-259,314158,30218648,30218653,5
channel-75,844631,30218653,30218660,7
channel-208,1489389,30218658,30218673,15
channel-0,4036331,30218675,30218686,11
channel-0,4036332,30218678,30218693,15
channel-122,667531,30218681,30218685,4
channel-0,4036333,30218696,30218722,26
channel-6994,1322710,30218700,30218728,28
channel-122,667532,30218711,30218713,2
channel-6787,166590,30218713,30218718,5
channel-0,4036334,30218719,30218803,84
channel-2188,43449,30218722,30218726,4
channel-259,314159,30218722,30218726,4
channel-85077,59131,30218727,30218738,11
channel-0,4036335,30218747,30218760,13
channel-199,132509,30218760,30218772,12
channel-216,94090,30218764,30218768,4
channel-4,166797,30218768,30218791,23
channel-79703,4395,30218769,30218786,17
channel-6994,1322711,30218787,30218799,12
channel-2188,43450,30218794,30218799,5
channel-75,844632,30218798,30218807,9
channel-6994,1322712,30218806,30218816,10
channel-6787,166591,30218809,30218814,5
channel-75,844633,30218815,30218821,6
channel-208,1489390,30218816,30218826,10
channel-6787,166592,30218818,30218821,3
channel-122,667533,30218822,30218825,3
channel-0,4036336,30218832,30218843,11
channel-216,94091,30218842,30218846,4
channel-783,104168,30218866,30218874,8
channel-85077,59132,30218903,30218914,11
channel-216,94092,30218912,30218917,5
channel-143,128247,30218921,30218932,11
channel-750,681152,30218925,30218930,5
channel-216,94093,30218951,30218956,5
channel-0,4036337,30218978,30218988,10
channel-750,681153,30218983,30218994,11
channel-122,667534,30218985,30218989,4
channel-208,1489391,30218992,30219002,10
channel-208,1489392,30218996,30219007,11
channel-122,667535,30218999,30219002,3
channel-208,1489393,30219002,30219011,9
channel-0,4036338,30219003,30219012,9
channel-0,4036339,30219006,30219016,10
channel-0,4036340,30219008,30219016,8
channel-91017,2720,30219008,30219015,7
channel-0,4036341,30219021,30219031,10
channel-91017,2721,30219027,30219034,7
channel-0,4036342,30219029,30219036,7
channel-85077,59133,30219033,30219043,10
channel-0,4036343,30219033,30219042,9
channel-0,4036344,30219036,30219061,25
channel-2188,43451,30219039,30219043,4
channel-750,681154,30219055,30219066,11
channel-326,537397,30219063,30219082,19
channel-122,667536,30219069,30219073,4
channel-85077,59134,30219081,30219090,9
channel-208,1489394,30219090,30219102,12
channel-6994,1322713,30219107,30219153,46
channel-326,537398,30219108,30219116,8
channel-122,667537,30219109,30219113,4
channel-0,4036345,30219110,30219121,11
channel-0,4036346,30219113,30219126,13
channel-326,537399,30219125,30219134,9
channel-216,94094,30219142,30219146,4
channel-5,184200,30219142,30219330,188
channel-122,667538,30219146,30219149,3
channel-259,314160,30219146,30219152,6
channel-5,184201,30219154,30219162,8
channel-750,681155,30219160,30219173,13
channel-750,681156,30219161,30219167,6
channel-75,844634,30219162,30219171,9
channel-85077,59135,30219183,30219194,11
channel-85077,59136,30219184,30219197,13
channel-85077,59137,30219188,30219197,9
channel-2188,43452,30219200,30219205,5
channel-75,844635,30219200,30219208,8
channel-0,4036347,30219217,30219246,29
channel-122,667539,30219220,30219223,3
channel-216,94095,30219233,30219237,4
channel-208,1489395,30219288,30219301,13
channel-89298,18562,30219303,30219314,11
channel-6994,1322714,30219304,30219353,49
channel-75,844636,30219314,30219319,5
channel-216,94096,30219316,30219319,3
channel-0,4036348,30219319,30219329,10
channel-750,681157,30219339,30219350,11
channel-750,681158,30219340,30219353,13
channel-85077,59138,30219371,30219380,9
channel-216,94097,30219374,30219378,4
channel-0,4036349,30219377,30219389,12
channel-783,104169,30219389,30219397,8
channel-0,4036350,30219395,30219407,12
channel-113,301257,30219402,30219409,7
channel-0,4036351,30219418,30219427,9
channel-1,408105,30219431,30219458,27
channel-326,537400,30219436,30219443,7
channel-0,4036352,30219437,30219447,10
channel-326,537401,30219444,30219465,21
channel-0,4036353,30219451,30219462,11
channel-6994,1322715,30219466,30219494,28
channel-38946,124013,30219476,30219488,12
channel-4,166798,30219479,30219507,28
channel-0,4036354,30219490,30219499,9
channel-0,4036355,30219501,30219510,9
channel-0,4036356,30219510,30219518,8
channel-0,4036357,30219513,30219519,6
channel-251,85142,30219515,30219527,12
channel-75,844637,30219526,30219534,8
channel-783,104170,30219527,30219534,7
channel-208,1489396,30219532,30219541,9
channel-208,1489397,30219534,30219546,12
channel-259,314161,30219543,30219550,7
channel-0,4036358,30219570,30219580,10
channel-750,681159,30219571,30219582,11
channel-6994,1322716,30219580,30219599,19
channel-75,844638,30219585,30219592,7
channel-6994,1322717,30219600,30219617,17
channel-259,314162,30219606,30219611,5
channel-750,681160,30219617,30219626,9
channel-0,4036359,30219617,30219629,12
channel-0,4036360,30219641,30219653,12
channel-783,104171,30219644,30219652,8
channel-216,94098,30219652,30219657,5
channel-6994,1322718,30219653,30219665,12
channel-0,4036361,30219657,30219666,9
channel-750,681161,30219671,30219686,15
channel-412,64423,30219674,30219686,12
channel-122,667540,30219676,30219679,3
channel-42,1489864,30219677,30219685,8
channel-326,537402,30219678,30219691,13
channel-0,4036362,30219680,30219704,24
channel-0,4036363,30219685,30219709,24
channel-2188,43453,30219703,30219708,5
channel-0,4036364,30219708,30219719,11
channel-85077,59139,30219710,30219719,9
channel-89298,18563,30219716,30219726,10
channel-0,4036365,30219717,30219728,11
channel-0,4036366,30219718,30219742,24
channel-88,467039,30219722,30219936,214
channel-0,4036367,30219731,30219759,28
channel-0,4036368,30219737,30219759,22
channel-6994,1322719,30219742,30219783,41
channel-0,4036369,30219744,30219755,11
channel-251,85143,30219750,30219758,8
channel-750,681162,30219758,30219763,5
channel-94814,3703,30219764,30219773,9
channel-259,314163,30219765,30219772,7
channel-208,1489398,30219793,30219802,9
channel-6994,1322720,30219805,30219845,40
channel-326,537403,30219819,30219843,24
channel-38946,124014,30219825,30219838,13
channel-216,94099,30219831,30219835,4
channel-0,4036370,30219836,30219849,13
channel-326,537404,30219838,30219854,16
channel-143,128248,30219840,30219851,11
channel-85077,59140,30219855,30219864,9
channel-1,408106,30219859,30219868,9
channel-75,844639,30219860,30219868,8
channel-326,537405,30219862,30219891,29
channel-208,1489399,30219882,30219891,9
channel-4,166799,30219888,30219901,13
channel-340,3152,30219891,30219902,11
channel-0,4036371,30219904,30219914,10
channel-42,1489865,30219909,30219918,9
channel-6994,1322721,30219915,30219927,12
channel-188,190511,30219918,30219927,9
channel-0,4036372,30219937,30219942,5
channel-6994,1322722,30219949,30219972,23
channel-6994,1322723,30219955,30219963,8
channel-2494,31857,30219956,30219966,10
channel-6994,1322724,30219991,30220004,13
channel-6994,1322725,30220000,30220012,12
channel-0,4036373,30220003,30220011,8
channel-320,119145,30220011,30220036,25
channel-216,94100,30220018,30220023,5
channel-122,667541,30220043,30220047,4
channel-122,667542,30220062,30220066,4
channel-91017,2722,30220074,30220082,8
channel-750,681163,30220104,30220118,14
channel-122,667543,30220110,30220114,4
channel-122,667544,30220112,30220116,4
channel-522,40409,30220114,30220124,10
channel-115,20333,30220117,30220129,12
channel-42,1489866,30220118,30220126,8
channel-85077,59141,30220124,30220133,9
channel-259,314164,30220132,30220137,5
channel-0,4036374,30220142,30220156,14
channel-1,408107,30220144,30220187,43
channel-5,184202,30220150,30220160,10
channel-750,681164,30220159,30220174,15
channel-750,681165,30220164,30220180,16
channel-1,408108,30220186,30220200,14
channel-75755,5527,30220193,30220205,12
channel-5,184203,30220200,30220211,11
channel-204,670729,30220201,30220209,8
channel-216,94101,30220209,30220213,4
channel-750,681166,30220210,30220222,12
channel-1,408109,30220216,30220238,22
channel-750,681167,30220221,30220227,6
channel-6994,1322726,30220227,30220238,11
channel-75,844640,30220227,30220236,9
channel-1,408110,30220228,30220238,10
channel-88,467040,30220239,30220252,13
channel-0,4036375,30220245,30220258,13
channel-38946,124015,30220245,30220259,14
channel-750,681168,30220251,30220264,13
channel-5,184204,30220253,30220264,11
channel-1,408111,30220263,30220294,31
channel-208,1489400,30220265,30220275,10
channel-1,408112,30220274,30220294,20
channel-2188,43454,30220274,30220279,5
channel-0,4036376,30220283,30220292,9
channel-5,184205,30220294,30220304,10
channel-0,4036377,30220304,30220316,12
channel-85077,59142,30220326,30220336,10
channel-874,292366,30220355,30220365,10
channel-0,4036378,30220383,30220394,11
channel-750,681169,30220387,30220409,22
channel-340,3153,30220408,30220418,10
channel-89298,18564,30220409,30220421,12
channel-0,4036379,30220417,30220427,10
channel-326,537406,30220421,30220444,23
channel-115,20334,30220426,30220433,7
channel-0,4036380,30220427,30220436,9
channel-6994,1322727,30220436,30220444,8
channel-0,4036381,30220440,30220446,6
channel-184,137341,30220444,30220459,15
channel-85077,59143,30220456,30220464,8
channel-19774,345723,30220475,30220486,11
channel-122,667545,30220484,30220489,5
channel-75,844641,30220489,30220497,8
channel-750,681170,30220495,30220503,8
channel-6994,1322728,30220517,30220549,32
channel-6994,1322729,30220524,30220543,19
channel-38946,124016,30220524,30220539,15
channel-750,681171,30220526,30220537,11
channel-0,4036382,30220531,30220542,11
channel-113,301258,30220535,30220542,7
channel-0,4036383,30220551,30220576,25
channel-0,4036384,30220569,30220581,12
channel-122,667546,30220578,30220582,4
channel-0,4036385,30220583,30220595,12
channel-6994,1322730,30220590,30220614,24
channel-750,681172,30220591,30220596,5
channel-85077,59144,30220595,30220604,9
channel-750,681173,30220595,30220600,5
channel-75,844642,30220604,30220612,8
channel-94814,3704,30220612,30220622,10
channel-216,94102,30220634,30220638,4
channel-94814,3705,30220637,30220649,12
channel-85077,59145,30220643,30220658,15
channel-208,1489401,30220678,30220691,13
channel-0,4036386,30220683,30220693,10
channel-208,1489402,30220692,30220703,11
channel-6994,1322731,30220698,30220712,14
channel-208,1489403,30220701,30220712,11
channel-1429,140674,30220703,30220712,9
channel-6994,1322732,30220708,30220722,14
channel-94814,3706,30220719,30220729,10
channel-5,184206,30220727,30220738,11
channel-5,184207,30220748,30220758,10
channel-5,184208,30220757,30220765,8
channel-251,85144,30220759,30220769,10
channel-750,681174,30220766,30220770,4
channel-326,537407,30220766,30220771,5
channel-5,184209,30220770,30220780,10
channel-5,184210,30220776,30220784,8
channel-326,537408,30220784,30220789,5
channel-5,184211,30220802,30220903,101
channel-5,184212,30220810,30220818,8
channel-208,1489404,30220810,30220823,13
channel-326,537409,30220817,30220821,4
channel-94814,3707,30220818,30220832,14
channel-6994,1322733,30220822,30220847,25
channel-326,537410,30220837,30220859,22
channel-85077,59146,30220839,30220850,11
channel-0,4036387,30220842,30220854,12
channel-259,314165,30220852,30220859,7
channel-0,4036388,30220864,30220873,9
channel-208,1489405,30220872,30220879,7
channel-6994,1322734,30220878,30220900,22
channel-326,537411,30220884,30220897,13
channel-326,537412,30220884,30220897,13
channel-326,537413,30220884,30220897,13
channel-326,537414,30220884,30220897,13
channel-75,844643,30220887,30220895,8
channel-326,537415,30220887,30220897,10
channel-0,4036389,30220890,30220898,8
channel-6994,1322735,30220893,30220904,11
channel-412,64424,30220895,30220908,13
channel-1575,15171,30220904,30220916,12
channel-0,4036390,30220929,30220940,11
channel-91017,2723,30220929,30220938,9
channel-85077,59147,30220930,30220943,13
channel-6994,1322736,30220939,30220949,10
channel-208,1489406,30220947,30220960,13
channel-1,408113,30220952,30220961,9
channel-208,1489407,30220959,30220970,11
channel-750,681175,30220983,30220992,9
channel-6994,1322737,30220990,30221002,12
channel-75,844644,30221004,30221011,7
channel-6994,1322738,30221012,30221026,14
channel-750,681176,30221019,30221026,7
channel-6994,1322739,30221022,30221035,13
channel-72,516379,30221022,30221075,53
channel-97998,44,30221031,30221035,4
channel-0,4036391,30221032,30221042,10
channel-1,408114,30221034,30221049,15
channel-750,681177,30221039,30221049,10
channel-143,128249,30221039,30221051,12
channel-0,4036392,30221042,30221049,7
channel-42,1489867,30221049,30221059,10
channel-97998,45,30221081,30221086,5
channel-75,844645,30221081,30221089,8
channel-75,844646,30221082,30221091,9
channel-750,681178,30221083,30221088,5
channel-75,844647,30221112,30221121,9
channel-0,4036393,30221113,30221122,9
channel-75,844648,30221133,30221138,5
channel-750,681179,30221135,30221138,3
channel-6994,1322740,30221136,30221147,11
channel-208,1489408,30221137,30221146,9
channel-6994,1322741,30221148,30221180,32
channel-783,104172,30221151,30221157,6
channel-750,681180,30221157,30221168,11
channel-0,4036394,30221163,30221176,13
channel-75755,5528,30221176,30221187,11
channel-108,39826,30221183,30221497,314
channel-89298,18565,30221195,30221204,9
channel-6994,1322742,30221197,30221212,15
channel-326,537416,30221213,30221219,6
channel-0,4036395,30221220,30221229,9
channel-0,4036396,30221224,30221234,10
channel-143,128250,30221245,30221268,23
channel-94814,3708,30221255,30221264,9
channel-216,94103,30221257,30221260,3
channel-216,94104,30221264,30221267,3
channel-782,310032,30221266,30221273,7
channel-216,94105,30221270,30221275,5
channel-0,4036397,30221273,30221301,28
channel-72,516380,30221275,30221324,49
channel-750,681181,30221277,30221294,17
channel-85077,59148,30221301,30221310,9
channel-0,4036398,30221331,30221343,12
channel-0,4036399,30221342,30221351,9
channel-85077,59149,30221351,30221360,9
channel-208,1489409,30221360,30221369,9
channel-85077,59150,30221362,30221370,8
channel-85077,59151,30221371,30221382,11
channel-122,667547,30221378,30221381,3
channel-0,4036400,30221381,30221388,7
channel-750,681182,30221385,30221398,13
channel-782,310033,30221402,30221407,5
channel-326,537417,30221435,30221441,6
channel-0,4036401,30221449,30221463,14
channel-750,681183,30221455,30221467,12
channel-91017,2724,30221455,30221465,10
channel-89321,19319,30221467,30221472,5
channel-0,4036402,30221479,30221488,9
channel-76971,12210,30221479,30221500,21
channel-0,4036403,30221482,30221488,6
channel-750,681184,30221483,30221493,10
channel-1634,6714,30221487,30221517,30
channel-874,292367,30221488,30221495,7
channel-767,14345,30221488,30221497,9
channel-874,292368,30221489,30221495,6
channel-750,681185,30221495,30221500,5
channel-750,681186,30221500,30221514,14
channel-85077,59152,30221508,30221518,10
channel-75,844649,30221518,30221525,7
channel-0,4036404,30221524,30221549,25
channel-0,4036405,30221524,30221537,13
channel-75,844650,30221525,30221533,8
channel-85077,59153,30221531,30221543,12
channel-767,14346,30221532,30221543,11
channel-767,14347,30221554,30221565,11
channel-85077,59154,30221563,30221571,8
channel-75,844651,30221573,30221580,7
channel-0,4036406,30221579,30221591,12
channel-767,14348,30221584,30221596,12
channel-6994,1322743,30221589,30221616,27
channel-42,1489868,30221602,30221611,9
channel-42,1489869,30221623,30221629,6
channel-75,844652,30221632,30221638,6
channel-6994,1322744,30221668,30221680,12
channel-750,681187,30221673,30221680,7
channel-750,681188,30221676,30221680,4
channel-0,4036407,30221680,30221688,8
channel-6994,1322745,30221690,30221700,10
channel-0,4036408,30221691,30221720,29
channel-6994,1322746,30221694,30221707,13
channel-108,39828,30221723,30221952,229
channel-85077,59155,30221731,30221740,9
channel-326,537418,30221734,30221743,9
channel-2,130570,30221740,30221751,11
channel-6994,1322747,30221746,30221772,26
channel-6994,1322748,30221747,30221772,25
channel-6994,1322749,30221767,30221777,10
channel-0,4036409,30221777,30221784,7
channel-42,1489870,30221785,30221792,7
channel-1279,67104,30221792,30221813,21
channel-199,132510,30221796,30221806,10
channel-0,4036410,30221798,30221810,12
channel-750,681189,30221809,30221824,15
channel-75,844653,30221813,30221821,8
channel-412,64425,30221816,30221831,15
channel-6994,1322750,30221819,30221845,26
channel-0,4036411,30221820,30221831,11
channel-0,4036412,30221825,30221835,10
channel-85077,59156,30221840,30221848,8
channel-85077,59157,30221844,30221860,16
channel-0,4036413,30221846,30221860,14
channel-108,39829,30221848,30221952,104
channel-85077,59158,30221852,30221865,13
channel-0,4036414,30221865,30221875,10
channel-208,1489410,30221871,30221880,9
channel-85077,59159,30221892,30221904,12
channel-85077,59160,30221899,30221912,13
channel-85077,59161,30221901,30221920,19
channel-42,1489871,30221913,30221921,8
channel-75016,4556,30221919,30221941,22
channel-208,1489411,30221927,30221939,12
channel-0,4036415,30221931,30221956,25
channel-412,64426,30221937,30221947,10
channel-0,4036416,30221939,30221947,8
channel-326,537419,30221947,30221952,5
channel-85077,59162,30221949,30221958,9
channel-208,1489412,30221964,30221976,12
channel-874,292369,30221977,30221983,6
channel-208,1489413,30221979,30221985,6
channel-75,844654,30221998,30222004,6
channel-6994,1322751,30222002,30222039,37
channel-216,94106,30222003,30222006,3
channel-208,1489414,30222004,30222017,13
channel-1,408115,30222011,30222030,19
channel-82819,483,30222013,30222021,8
channel-750,681190,30222019,30222030,11
channel-412,64427,30222025,30222040,15
channel-42,1489872,30222028,30222037,9
channel-412,64428,30222032,30222053,21
channel-0,4036417,30222035,30222048,13
channel-1424,7329,30222040,30222052,12
channel-85077,59163,30222047,30222058,11
channel-750,681191,30222057,30222070,13
channel-2,130571,30222070,30222079,9
channel-6994,1322752,30222074,30222109,35
channel-122,667548,30222074,30222078,4
channel-750,681192,30222077,30222091,14
channel-750,681193,30222092,30222097,5
channel-208,1489415,30222094,30222104,10
channel-208,1489416,30222099,30222108,9
channel-750,681194,30222100,30222113,13
channel-85791,3722,30222102,30222108,6
channel-750,681195,30222133,30222137,4
channel-750,681196,30222138,30222151,13
channel-122,667549,30222141,30222144,3
channel-750,681197,30222164,30222176,12
channel-0,4036418,30222174,30222181,7
channel-750,681198,30222177,30222187,10
channel-6994,1322753,30222180,30222194,14
channel-6994,1322754,30222181,30222194,13
channel-75,844655,30222181,30222188,7
channel-75,844656,30222184,30222190,6
channel-750,681199,30222186,30222196,10
channel-4,166800,30222191,30222201,10
channel-75,844657,30222194,30222201,7
channel-1,408116,30222195,30222209,14
channel-6787,166593,30222197,30222202,5
channel-750,681200,30222200,30222205,5
channel-750,681201,30222208,30222220,12
channel-122,667550,30222212,30222216,4
channel-874,292370,30222219,30222225,6
channel-0,4036419,30222226,30222236,10
channel-750,681202,30222230,30222243,13
channel-0,4036420,30222233,30222246,13
channel-750,681203,30222233,30222237,4
channel-874,292371,30222252,30222259,7
channel-750,681204,30222255,30222265,10
channel-184,137342,30222257,30222270,13
channel-750,681205,30222259,30222262,3
channel-208,1489417,30222267,30222280,13
channel-750,681206,30222276,30222289,13
channel-874,292372,30222277,30222285,8
channel-750,681207,30222282,30222302,20
channel-85077,59164,30222283,30222292,9
channel-0,4036421,30222284,30222311,27
channel-85077,59165,30222284,30222292,8
channel-750,681208,30222286,30222290,4
channel-783,104173,30222288,30222294,6
channel-6994,1322755,30222289,30222302,13
channel-184,137343,30222292,30222303,11
channel-204,670730,30222293,30222302,9
channel-750,681209,30222302,30222315,13
channel-122,667551,30222304,30222308,4
channel-85077,59166,30222313,30222328,15
channel-750,681210,30222317,30222330,13
channel-6994,1322756,30222318,30222412,94
channel-750,681211,30222326,30222340,14
channel-6994,1322757,30222328,30222339,11
channel-874,292373,30222337,30222344,7
channel-122,667552,30222339,30222342,3
channel-85077,59167,30222346,30222354,8
channel-5,184213,30222351,30222361,10
channel-750,681212,30222351,30222366,15
channel-6897,5625,30222352,30222361,9
channel-750,681213,30222354,30222358,4
channel-85077,59168,30222356,30222369,13
channel-874,292374,30222362,30222368,6
channel-750,681214,30222376,30222387,11
channel-22172,2612,30222380,30222397,17
channel-750,681215,30222381,30222386,5
channel-204,670731,30222386,30222396,10
channel-208,1489418,30222388,30222406,18
channel-19774,345724,30222389,30222398,9
channel-75,844658,30222392,30222400,8
channel-750,681216,30222398,30222413,15
channel-1,408117,30222400,30222417,17
channel-874,292375,30222401,30222408,7
channel-184,137344,30222411,30222436,25
channel-750,681217,30222411,30222416,5
channel-0,4036422,30222415,30222425,10
channel-750,681218,30222420,30222434,14
channel-208,1489419,30222423,30222436,13
channel-522,40410,30222426,30222434,8
channel-85077,59169,30222428,30222437,9
channel-108,39830,30222435,30222853,418
channel-6994,1322758,30222436,30222449,13
channel-6994,1322759,30222436,30222449,13
channel-874,292376,30222437,30222442,5
channel-184,137345,30222437,30222446,9
channel-122,667553,30222439,30222443,4
channel-750,681219,30222440,30222445,5
channel-0,4036423,30222441,30222453,12
channel-750,681220,30222442,30222454,12
channel-38946,124017,30222454,30222463,9
channel-750,681221,30222458,30222467,9
channel-0,4036424,30222461,30222471,10
channel-750,681222,30222464,30222476,12
channel-184,137346,30222468,30222481,13
channel-750,681223,30222470,30222475,5
channel-0,4036425,30222470,30222481,11
channel-19774,345725,30222475,30222484,9
channel-208,1489420,30222483,30222497,14
channel-750,681224,30222485,30222499,14
channel-6994,1322760,30222492,30222504,12
channel-0,4036426,30222492,30222511,19
channel-184,137347,30222494,30222503,9
channel-88,467041,30222501,30222514,13
channel-750,681225,30222503,30222508,5
channel-0,4036427,30222506,30222517,11
channel-4,166801,30222506,30222528,22
channel-122,667554,30222509,30222512,3
channel-188,190512,30222509,30222529,20
channel-750,681226,30222509,30222521,12
channel-19774,345726,30222514,30222523,9
channel-38946,124018,30222518,30222533,15
channel-326,537420,30222526,30222541,15
channel-208,1489421,30222534,30222544,10
channel-750,681227,30222535,30222548,13
channel-184,137348,30222544,30222564,20
channel-208,1489422,30222549,30222558,9
channel-208,1489423,30222549,30222558,9
channel-6994,1322761,30222550,30222561,11
channel-208,1489424,30222556,30222566,10
channel-750,681228,30222558,30222569,11
channel-2188,43455,30222558,30222562,4
channel-750,681229,30222573,30222577,4
channel-184,137349,30222581,30222593,12
channel-750,681230,30222581,30222593,12
channel-85077,59170,30222595,30222607,12
channel-208,1489425,30222615,30222624,9
channel-75,844659,30222632,30222640,8
channel-85077,59171,30222633,30222643,10
channel-0,4036428,30222633,30222642,9
channel-75,844660,30222644,30222651,7
channel-6994,1322762,30222644,30222674,30
channel-750,681231,30222674,30222689,15
channel-122,667555,30222678,30222682,4
channel-0,4036429,30222680,30222703,23
channel-42,1489873,30222681,30222688,7
channel-750,681232,30222682,30222699,17
channel-750,681233,30222691,30222701,10
channel-42,1489874,30222696,30222705,9
channel-75,844661,30222700,30222705,5
channel-251,85145,30222703,30222713,10
channel-750,681234,30222728,30222739,11
channel-0,4036430,30222731,30222754,23
channel-326,537421,30222732,30222741,9
channel-0,4036431,30222739,30222749,10
channel-0,4036432,30222745,30222754,9
channel-79241,948,30222747,30222755,8
channel-91017,2725,30222773,30222781,8
channel-122,667556,30222779,30222782,3
channel-75,844662,30222780,30222783,3
channel-1,408118,30222784,30222813,29
channel-0,4036433,30222793,30222806,13
channel-85077,59172,30222799,30222809,10
channel-0,4036434,30222801,30222826,25
channel-199,132511,30222806,30222814,8
channel-750,681235,30222807,30222822,15
channel-251,85146,30222808,30222820,12
channel-750,681236,30222809,30222815,6
channel-199,132512,30222847,30222856,9
channel-412,64429,30222848,30222861,13
channel-2188,43456,30222854,30222858,4
channel-75,844663,30222858,30222864,6
channel-0,4036435,30222868,30222881,13
channel-122,667557,30222873,30222877,4
channel-199,132513,30222880,30222887,7
channel-38946,124019,30222892,30222918,26
channel-88,467042,30222922,30222936,14
channel-75,844664,30222923,30222931,8
channel-2188,43457,30222942,30222946,4
channel-0,4036436,30222951,30222957,6
channel-1,408119,30222953,30222962,9
channel-0,4036437,30222958,30222985,27
channel-782,310035,30222977,30222983,6
channel-85077,59173,30222994,30223003,9
channel-85077,59174,30223002,30223011,9
channel-0,4036438,30223003,30223015,12
channel-2188,43458,30223014,30223017,3
channel-38946,124020,30223023,30223039,16
channel-750,681237,30223043,30223062,19
channel-6994,1322763,30223053,30223081,28
channel-38946,124021,30223054,30223065,11
channel-208,1489426,30223072,30223084,12
channel-750,681238,30223079,30223084,5
channel-412,64430,30223080,30223088,8
channel-208,1489427,30223087,30223097,10
channel-38946,124022,30223090,30223103,13
channel-75,844665,30223112,30223121,9
channel-108,39831,30223120,30223307,187
channel-85077,59175,30223124,30223131,7
channel-72,516381,30223127,30223155,28
channel-326,537422,30223138,30223162,24
channel-0,4036439,30223142,30223151,9
channel-42,1489875,30223152,30223160,8
channel-0,4036440,30223162,30223172,10
channel-6994,1322764,30223165,30223176,11
channel-122,667558,30223165,30223168,3
channel-38946,124023,30223168,30223184,16
channel-208,1489428,30223172,30223184,12
channel-75,844666,30223177,30223184,7
channel-122,667559,30223178,30223182,4
channel-0,4036441,30223191,30223202,11
channel-251,85147,30223209,30223219,10
channel-75,844667,30223209,30223220,11
channel-108,39832,30223217,30223307,90
channel-0,4036442,30223233,30223242,9
channel-122,667560,30223239,30223242,3
channel-1,408120,30223263,30223276,13
channel-85077,59176,30223274,30223283,9
channel-6994,1322765,30223290,30223302,12
channel-0,4036443,30223295,30223305,10
channel-122,667561,30223297,30223301,4
channel-750,681239,30223298,30223319,21
channel-874,292377,30223302,30223307,5
channel-750,681240,30223307,30223313,6
channel-85077,59177,30223327,30223336,9
channel-148,16080,30223338,30223347,9
channel-6994,1322766,30223339,30223348,9
channel-208,1489429,30223339,30223347,8
channel-6994,1322767,30223346,30223359,13
channel-259,314166,30223354,30223359,5
channel-208,1489430,30223354,30223365,11
channel-208,1489431,30223359,30223370,11
channel-0,4036444,30223370,30223378,8
channel-750,681241,30223377,30223387,10
channel-0,4036445,30223380,30223391,11
channel-113,301259,30223385,30223397,12
channel-750,681242,30223387,30223398,11
channel-199,132514,30223391,30223401,10
channel-88,467043,30223400,30223410,10
channel-6994,1322768,30223409,30223439,30
channel-0,4036446,30223412,30223433,21
channel-0,4036447,30223424,30223433,9
channel-0,4036448,30223428,30223436,8
channel-88,467044,30223429,30223448,19
channel-199,132515,30223435,30223444,9
channel-0,4036449,30223439,30223448,9
channel-0,4036450,30223460,30223472,12
channel-88,467045,30223468,30223478,10
channel-0,4036451,30223470,30223475,5
channel-204,670732,30223475,30233770,10295
channel-0,4036452,30223491,30223503,12
channel-199,132516,30223505,30223532,27
channel-199,132517,30223508,30223532,24
channel-259,314167,30223519,30223526,7
channel-208,1489432,30223520,30223532,12
channel-199,132518,30223526,30223535,9
channel-0,4036453,30223526,30223536,10
channel-75,844668,30223526,30223536,10
channel-0,4036454,30223540,30223551,11
channel-0,4036455,30223541,30223551,10
channel-0,4036456,30223550,30223558,8
channel-6994,1322769,30223558,30223582,24
channel-0,4036457,30223558,30223568,10
channel-2188,43459,30223567,30223571,4
channel-2186,40743,30223595,30223607,12
channel-0,4036458,30223627,30223644,17
channel-0,4036459,30223635,30223644,9
channel-122,667562,30223639,30223642,3
channel-2494,31858,30223644,30223656,12
channel-89321,19320,30223655,30223666,11
channel-75,844669,30223658,30223663,5
channel-89321,19321,30223664,30223675,11
channel-2188,43460,30223667,30223672,5
channel-208,1489433,30223674,30223688,14
channel-75,844670,30223682,30223688,6
channel-782,310036,30223682,30223688,6
channel-326,537423,30223687,30223702,15
channel-0,4036460,30223692,30223702,10
channel-750,681243,30223715,30223735,20
channel-42,1489876,30223717,30223755,38
channel-2188,43461,30223721,30223725,4
channel-750,681244,30223731,30223742,11
channel-75,844671,30223736,30223744,8
channel-122,667563,30223736,30223741,5
channel-0,4036461,30223742,30223751,9
channel-122,667564,30223750,30223754,4
channel-0,4036462,30223753,30223765,12
channel-122,667565,30223763,30223767,4
channel-42,1489877,30223765,30223778,13
channel-75,844672,30223766,30223772,6
channel-75,844673,30223780,30223786,6
channel-0,4036463,30223790,30223801,11
channel-6994,1322770,30223805,30223822,17
channel-122,667566,30223807,30223811,4
channel-113,301260,30223813,30223823,10
channel-750,681245,30223820,30223835,15
channel-85077,59178,30223831,30223847,16
channel-88,467046,30223833,30223851,18
channel-782,310037,30223841,30223847,6
channel-85077,59179,30223859,30223877,18
channel-0,4036464,30223866,30223878,12
channel-88,467047,30223875,30223891,16
channel-6994,1322771,30223878,30223911,33
channel-2188,43462,30223897,30223902,5
channel-165,71402,30223909,30223918,9
channel-326,537424,30223914,30223935,21
channel-75,844674,30223919,30223926,7
channel-0,4036465,30223921,30223930,9
channel-75,844675,30223927,30223934,7
channel-1,408121,30223943,30223968,25
channel-259,314168,30223943,30223949,6
channel-188,190513,30223964,30223977,13
channel-38946,124024,30223967,30223985,18
channel-259,314169,30223972,30223978,6
channel-122,667567,30223974,30223979,5
channel-0,4036466,30223974,30223984,10
channel-88,467048,30223977,30223992,15
channel-259,314170,30223978,30223985,7
channel-1,408122,30223979,30223990,11
channel-750,681246,30223983,30224003,20
channel-6994,1322772,30223995,30224004,9
channel-259,314171,30224008,30224013,5
channel-0,4036467,30224017,30224026,9
channel-143,128251,30224029,30224045,16
channel-88,467049,30224033,30224043,10
channel-0,4036468,30224043,30224055,12
channel-782,310038,30224045,30224052,7
channel-782,310039,30224078,30224083,5
channel-81016,262,30224084,30224094,10
channel-750,681247,30224087,30224103,16
channel-750,681248,30224098,30224104,6
channel-0,4036469,30224121,30224133,12
channel-0,4036470,30224134,30224143,9
channel-0,4036471,30224148,30224171,23
channel-75,844676,30224150,30224157,7
channel-1,408123,30224151,30224163,12
channel-122,667568,30224159,30224163,4
channel-4,166802,30224166,30224183,17
channel-165,71403,30224181,30224192,11
channel-4,166803,30224181,30224200,19
channel-1,408124,30224192,30224199,7
channel-85077,59180,30224193,30224207,14
channel-412,64431,30224197,30224216,19
channel-2494,31859,30224197,30224205,8
channel-750,681249,30224200,30224214,14
channel-1,408125,30224200,30224214,14
channel-1,408126,30224200,30224214,14
channel-326,537425,30224202,30224223,21
channel-1,408127,30224202,30224214,12
channel-0,4036472,30224205,30224225,20
channel-0,4036473,30224208,30224234,26
channel-143,128252,30224211,30224223,12
channel-1,408128,30224211,30224232,21
channel-750,681250,30224223,30224233,10
channel-750,681251,30224226,30224238,12
channel-85077,59181,30224243,30224253,10
channel-1,408129,30224253,30224304,51
channel-1,408130,30224275,30224309,34
channel-750,681252,30224314,30224325,11
channel-1,408131,30224321,30224346,25
channel-750,681253,30224329,30224333,4
channel-42,1489878,30224338,30224343,5
channel-1,408132,30224355,30224403,48
channel-165,71404,30224366,30224375,9
channel-75,844677,30224387,30224395,8
channel-750,681254,30224387,30224398,11
channel-0,4036474,30224390,30224400,10
channel-259,314172,30224390,30224397,7
channel-1,408133,30224404,30224414,10
channel-75,844678,30224405,30224414,9
channel-0,4036475,30224414,30224424,10
channel-73755,5818,30224416,30224423,7
channel-0,4036476,30224429,30224453,24
channel-6994,1322773,30224429,30224441,12
channel-122,667569,30224439,30224442,3
channel-42,1489879,30224461,30224470,9
channel-122,667570,30224462,30224466,4
channel-522,40411,30224490,30224503,13
channel-122,667571,30224493,30224496,3
channel-94814,3709,30224495,30224505,10
channel-208,1489434,30224498,30224509,11
channel-75,844679,30224503,30224516,13
channel-85077,59182,30224503,30224512,9
channel-0,4036477,30224508,30224517,9
channel-19774,345727,30224513,30224522,9
channel-199,132519,30224533,30224541,8
channel-259,314173,30224576,30224582,6
channel-73755,5819,30224594,30224601,7
channel-42,1489880,30224599,30224605,6
channel-85077,59183,30224601,30224612,11
channel-6994,1322774,30224603,30224617,14
channel-782,310040,30224614,30224621,7
channel-6994,1322775,30224618,30224631,13
channel-0,4036478,30224623,30224632,9
channel-85077,59184,30224652,30224660,8
channel-750,681255,30224656,30224661,5
channel-42,1489881,30224668,30224676,8
channel-2188,43463,30224676,30224679,3
channel-6994,1322776,30224691,30224701,10
channel-42,1489882,30224711,30224718,7
channel-0,4036479,30224741,30224746,5
channel-750,681256,30224747,30224763,16
channel-6994,1322777,30224761,30224772,11
channel-0,4036480,30224784,30224797,13
channel-6994,1322778,30224789,30224799,10
channel-251,85148,30224804,30224815,11
channel-199,132520,30224809,30224819,10
channel-75,844680,30224810,30224826,16
channel-88,467050,30224814,30224835,21
channel-0,4036481,30224823,30224832,9
channel-88,467051,30224832,30224844,12
channel-85077,59185,30224845,30224857,12
channel-165,71405,30224847,30224856,9
channel-85077,59186,30224869,30224875,6
channel-1,408134,30224869,30224886,17
channel-199,132521,30224874,30224886,12
channel-6994,1322779,30224875,30224887,12
channel-42,1489883,30224881,30224888,7
channel-4,166804,30224909,30224937,28
channel-6787,166594,30224928,30224933,5
channel-42,1489884,30224947,30224953,6
channel-750,681257,30224951,30224965,14
channel-75,844681,30224954,30224972,18
channel-42,1489885,30224956,30224967,11
channel-75,844682,30224960,30224970,10
channel-20082,9858,30224963,30225165,202
channel-42,1489886,30224965,30224973,8
channel-2186,40744,30224966,30224992,26
channel-42,1489887,30224977,30224985,8
channel-750,681258,30224986,30225001,15
channel-750,681259,30224992,30224996,4
channel-0,4036482,30225006,30225015,9
channel-42,1489888,30225008,30225017,9
channel-184,137350,30225019,30225030,11
channel-750,681260,30225021,30225033,12
channel-6994,1322780,30225030,30225041,11
channel-1,408135,30225046,30225067,21
channel-42,1489889,30225087,30225095,8
channel-75,844683,30225127,30225133,6
channel-122,667572,30225161,30225164,3
channel-326,537426,30225204,30225210,6
channel-47,198630,30225209,30225223,14
channel-73755,5820,30225232,30225241,9
channel-47,198631,30225237,30225254,17
channel-85077,59187,30225243,30225252,9
channel-75,844684,30225312,30225319,7
channel-2694,3277,30225323,30225353,30
channel-642,126477,30225332,30225370,38
channel-232,49182,30225334,30225347,13
channel-73755,5821,30225339,30225347,8
channel-79703,4400,30225344,30225358,14
channel-1,408136,30225348,30225418,70
channel-143,128253,30225373,30225380,7
channel-108,39833,30225392,30225554,162
channel-85077,59188,30225392,30225400,8
channel-6994,1322781,30225403,30225425,22
channel-199,132522,30225420,30225429,9
channel-72,516382,30225447,30225494,47
channel-47,198632,30225457,30225468,11
channel-2494,31860,30225462,30225468,6
channel-1,408137,30225464,30225477,13
channel-85077,59189,30225502,30225509,7
channel-232,49183,30225509,30225521,12
channel-75,844685,30225518,30225526,8
channel-0,4036483,30225525,30225537,12
channel-5,184214,30225567,30225574,7
channel-122,667573,30225585,30225589,4
channel-72,516383,30225593,30225628,35
channel-72,516384,30225606,30225648,42
channel-232,49184,30225621,30225631,10
channel-208,1489435,30225673,30225684,11
channel-0,4036484,30225677,30225691,14
channel-0,4036485,30225706,30225718,12
channel-115,20335,30225727,30225740,13
channel-326,537427,30225757,30225762,5
channel-750,681261,30225773,30225784,11
channel-6994,1322782,30225779,30225792,13
channel-88,467052,30225784,30225797,13
channel-75,844686,30225830,30225841,11
channel-199,132523,30225831,30225840,9
channel-85077,59190,30225833,30225843,10
channel-21113,25278,30225834,30225840,6
channel-199,132524,30225836,30225844,8
channel-6994,1322783,30225874,30225883,9
channel-208,1489436,30225890,30225897,7
channel-20082,9859,30225926,30226074,148
channel-42,1489890,30225930,30225935,5
channel-85077,59191,30225937,30225948,11
channel-6787,166595,30225961,30225965,4
channel-1279,67105,30225967,30226136,169
channel-0,4036486,30225997,30226006,9
channel-750,681262,30226001,30226006,5
channel-2188,43464,30226005,30226010,5
channel-750,681263,30226007,30226014,7
channel-115,20336,30226012,30226019,7
channel-750,681264,30226012,30226025,13
channel-750,681265,30226018,30226025,7
channel-122,667574,30226033,30226036,3
channel-750,681266,30226033,30226039,6
channel-750,681267,30226041,30226057,16
channel-0,4036487,30226046,30226053,7
channel-750,681268,30226050,30226054,4
channel-750,681269,30226056,30226066,10
channel-782,310041,30226058,30226064,6
channel-1,408138,30226058,30226067,9
channel-750,681270,30226071,30226078,7
channel-251,85149,30226083,30226093,10
channel-750,681271,30226086,30226091,5
channel-750,681272,30226099,30226105,6
channel-79241,949,30226139,30226146,7
channel-21113,25279,30226160,30226169,9
channel-199,132525,30226181,30226191,10
channel-208,1489437,30226189,30226199,10
channel-42,1489891,30226199,30226209,10
channel-85077,59192,30226292,30226299,7
channel-326,537428,30226323,30226329,6
channel-750,681273,30226366,30226380,14
channel-750,681274,30226381,30226385,4
channel-0,4036488,30226399,30226413,14
channel-0,4036489,30226402,30226413,11
channel-42,1489892,30226411,30226418,7
channel-122,667575,30226417,30226421,4
channel-91017,2726,30226420,30226430,10
channel-1,408139,30226424,30226464,40
channel-750,681275,30226424,30226436,12
channel-2,130572,30226436,30226449,13
channel-2188,43465,30226450,30226455,5
channel-199,132526,30226464,30226473,9
channel-0,4036490,30226468,30226477,9
channel-0,4036491,30226471,30226480,9
channel-42,1489893,30226481,30226489,8
channel-38946,124025,30226492,30226510,18
channel-0,4036492,30226540,30226549,9
channel-75,844687,30226549,30226556,7
channel-0,4036493,30226561,30226570,9
channel-85077,59193,30226570,30226580,10
channel-122,667576,30226586,30226590,4
channel-199,132527,30226609,30226621,12
channel-72,516385,30226649,30226676,27
channel-115,20337,30226669,30226678,9
channel-6994,1322784,30226701,30226726,25
channel-6994,1322785,30226715,30226726,11
channel-208,1489438,30226721,30226733,12
channel-0,4036494,30226762,30226771,9
channel-0,4036495,30226787,30226798,11
channel-750,681276,30226790,30226796,6
channel-2188,43466,30226796,30226801,5
channel-88,467053,30226799,30226810,11
channel-0,4036496,30226806,30226815,9
channel-216,94107,30226811,30226815,4
channel-79092,1386,30226820,30226845,25
channel-0,4036497,30226826,30226842,16
channel-75,844688,30226828,30226835,7
channel-750,681277,30226833,30226857,24
channel-208,1489439,30226850,30226868,18
channel-874,292378,30226859,30226875,16
channel-19774,345728,30226889,30226898,9
channel-91017,2727,30226894,30226900,6
channel-0,4036498,30226914,30226922,8
channel-85077,59194,30226976,30226985,9
channel-750,681278,30226996,30227002,6
channel-204,670733,30227009,30227017,8
channel-75,844689,30227032,30227041,9
channel-122,667577,30227065,30227069,4
channel-85077,59195,30227071,30227087,16
channel-251,85150,30227075,30227088,13
channel-1575,15172,30227090,30227099,9
channel-75,844690,30227092,30227098,6
channel-208,1489440,30227113,30227128,15
channel-0,4036499,30227119,30227133,14
channel-557,52042,30227171,30227177,6
channel-85077,59196,30227175,30227185,10
channel-750,681279,30227214,30227228,14
channel-85077,59197,30227227,30227238,11
channel-208,1489441,30227235,30227243,8
channel-0,4036500,30227248,30227259,11
channel-6994,1322786,30227290,30227310,20
channel-0,4036501,30227309,30227330,21
channel-122,667578,30227316,30227320,4
channel-85077,59198,30227323,30227332,9
channel-0,4036502,30227362,30227371,9
channel-874,292379,30227377,30227384,7
channel-0,4036503,30227386,30227402,16
channel-750,681280,30227393,30227405,12
channel-0,4036504,30227393,30227406,13
channel-89298,18566,30227422,30227434,12
channel-6994,1322787,30227427,30227448,21
channel-0,4036505,30227442,30227449,7
channel-0,4036506,30227443,30227460,17
channel-750,681281,30227444,30227455,11
channel-750,681282,30227460,30227481,21
channel-85077,59199,30227467,30227476,9
channel-113,301261,30227480,30227503,23
channel-750,681283,30227497,30227516,19
channel-6994,1322788,30227514,30227527,13
channel-6994,1322789,30227533,30227557,24
channel-75,844691,30227533,30227541,8
channel-6994,1322790,30227552,30227563,11
channel-750,681284,30227569,30227586,17
channel-1,408140,30227584,30227606,22
channel-750,681285,30227598,30227609,11
channel-122,667579,30227598,30227602,4
channel-199,132528,30227608,30227623,15
channel-750,681286,30227610,30227615,5
channel-208,1489442,30227614,30227623,9
channel-208,1489443,30227619,30227625,6
channel-642,126478,30227630,30227749,119
channel-0,4036507,30227631,30227642,11
channel-412,64432,30227631,30227642,11
channel-4,166805,30227656,30227686,30
channel-0,4036508,30227661,30227671,10
channel-0,4036509,30227672,30227680,8
channel-326,537429,30227680,30227686,6
channel-750,681287,30227706,30227718,12
channel-188,190514,30227710,30227718,8
channel-4,166806,30227734,30227741,7
channel-0,4036510,30227766,30227777,11
channel-0,4036511,30227771,30227782,11
channel-42,1489894,30227781,30227787,6
channel-76971,12211,30227783,30227798,15
channel-75,844692,30227786,30227792,6
channel-251,85151,30227804,30227818,14
channel-42,1489895,30227804,30227811,7
channel-4,166807,30227817,30227839,22
channel-0,4036512,30227820,30227840,20
channel-143,128254,30227822,30227832,10
channel-188,190515,30227826,30227837,11
channel-4,166808,30227834,30227865,31
channel-6994,1322791,30227835,30227844,9
channel-0,4036513,30227842,30227868,26
channel-73755,5822,30227843,30227860,17
channel-0,4036514,30227868,30227889,21
channel-75,844693,30227886,30227894,8
channel-208,1489444,30227891,30227902,11
channel-85077,59200,30227894,30227907,13
channel-2,130573,30227904,30227914,10
channel-750,681288,30227911,30227922,11
channel-0,4036515,30227936,30227945,9
channel-0,4036516,30227960,30227970,10
channel-0,4036517,30227968,30227988,20
channel-0,4036518,30227980,30227993,13
channel-75,844694,30228017,30228025,8
channel-750,681289,30228020,30228025,5
channel-85077,59201,30228023,30228033,10
channel-75,844695,30228028,30228035,7
channel-85077,59202,30228031,30228042,11
channel-85077,59203,30228034,30228050,16
channel-42,1489896,30228059,30228065,6
channel-42,1489897,30228065,30228075,10
channel-0,4036519,30228071,30228081,10
channel-19774,345729,30228078,30228085,7
channel-2,130574,30228083,30228095,12
channel-38946,124026,30228087,30228098,11
channel-0,4036520,30228105,30228115,10
channel-750,681290,30228111,30228118,7
channel-0,4036521,30228111,30228120,9
channel-0,4036522,30228121,30228134,13
channel-750,681291,30228127,30228132,5
channel-6994,1322792,30228134,30228147,13
channel-122,667580,30228144,30228148,4
channel-0,4036523,30228159,30228170,11
channel-42,1489898,30228166,30228172,6
channel-85077,59204,30228171,30228180,9
channel-199,132529,30228172,30228185,13
channel-0,4036524,30228185,30228196,11
channel-6787,166596,30228189,30228194,5
channel-208,1489445,30228198,30228208,10
channel-259,314174,30228204,30228210,6
channel-122,667581,30228205,30228209,4
channel-259,314175,30228208,30228257,49
channel-0,4036525,30228212,30228218,6
channel-122,667582,30228214,30228223,9
channel-0,4036526,30228215,30228228,13
channel-750,681292,30228238,30228243,5
channel-122,667583,30228252,30228256,4
channel-750,681293,30228260,30228275,15
channel-6994,1322793,30228270,30228280,10
channel-208,1489446,30228283,30228294,11
channel-85077,59205,30228295,30228303,8
channel-0,4036527,30228302,30228312,10
channel-6994,1322794,30228326,30228354,28
channel-208,1489447,30228356,30228367,11
channel-199,132530,30228385,30228396,11
channel-6897,5626,30228386,30228395,9
channel-750,681294,30228392,30228399,7
channel-0,4036528,30228401,30228412,11
channel-0,4036529,30228404,30228422,18
channel-0,4036530,30228406,30228422,16
channel-0,4036531,30228429,30228439,10
channel-0,4036532,30228437,30228456,19
channel-38946,124027,30228471,30228489,18
channel-0,4036533,30228478,30228505,27
channel-199,132531,30228497,30228501,4
channel-750,681295,30228505,30228519,14
channel-42,1489899,30228505,30228540,35
channel-199,132532,30228509,30228520,11
channel-1,408141,30228525,30228537,12
channel-750,681296,30228531,30228540,9
channel-6994,1322795,30228538,30228547,9
channel-6994,1322796,30228541,30228552,11
channel-0,4036534,30228543,30228556,13
channel-750,681297,30228553,30228561,8
channel-0,4036535,30228561,30228571,10
channel-326,537430,30228568,30228576,8
channel-75,844696,30228571,30228580,9
channel-326,537431,30228580,30228588,8
channel-199,132533,30228586,30228595,9
channel-1,408142,30228587,30228602,15
channel-75,844697,30228594,30228601,7
channel-750,681298,30228609,30228618,9
channel-199,132534,30228624,30228650,26
channel-1,408143,30228630,30228651,21
channel-188,190516,30228632,30228644,12
channel-1,408144,30228657,30228676,19
channel-750,681299,30228659,30228663,4
channel-6787,166597,30228664,30228668,4
channel-1,408145,30228667,30228676,9
channel-874,292380,30228671,30228677,6
channel-874,292381,30228680,30228685,5
channel-1,408146,30228697,30228736,39
channel-184,137351,30228698,30228714,16
channel-326,537432,30228700,30228708,8
channel-874,292382,30228702,30228707,5
channel-874,292383,30228702,30228707,5
channel-6897,5627,30228719,30228727,8
channel-199,132535,30228728,30228739,11
channel-750,681300,30228744,30228750,6
channel-75,844698,30228744,30228752,8
channel-0,4036536,30228746,30228753,7
channel-88,467054,30228752,30228773,21
channel-874,292384,30228753,30228757,4
channel-874,292385,30228761,30228766,5
channel-2188,43467,30228762,30228766,4
channel-750,681301,30228772,30228782,10
channel-122,667584,30228774,30228778,4
channel-874,292386,30228795,30228801,6
channel-874,292387,30228799,30228803,4
channel-874,292388,30228806,30228811,5
channel-19774,345730,30228808,30228816,8
channel-2188,43468,30228820,30228824,4
channel-0,4036537,30228827,30228834,7
channel-199,132536,30228832,30228842,10
channel-0,4036538,30228836,30228861,25
channel-98081,23,30228840,30229026,186
channel-874,292389,30228841,30228846,5
channel-75016,4557,30228846,30228865,19
channel-85077,59206,30228852,30228863,11
channel-6994,1322797,30228858,30228871,13
channel-750,681302,30228861,30228867,6
channel-0,4036539,30228902,30228914,12
channel-4,166809,30228917,30228927,10
channel-0,4036540,30228923,30228934,11
channel-2188,43469,30228934,30228939,5
channel-2188,43470,30228934,30228939,5
channel-0,4036541,30228939,30228949,10
channel-113,301262,30228941,30228951,10
channel-259,314176,30228949,30228954,5
channel-874,292390,30228958,30228968,10
channel-146,20023,30228959,30228968,9
channel-73,51328,30228967,30228980,13
channel-75,844699,30228982,30228989,7
channel-6994,1322798,30228984,30228996,12
channel-874,292391,30229008,30229015,7
channel-6994,1322799,30229018,30229029,11
channel-122,667585,30229024,30229027,3
channel-38946,124028,30229026,30229038,12
channel-113,301263,30229030,30229039,9
channel-0,4036542,30229037,30229046,9
channel-4,166810,30229074,30229093,19
channel-113,301264,30229074,30229092,18
channel-42,1489900,30229080,30229086,6
channel-144,86669,30229090,30229100,10
channel-89321,19322,30229103,30229114,11
channel-259,314177,30229108,30229114,6
channel-113,301265,30229109,30229121,12
channel-0,4036543,30229112,30229133,21
channel-2694,3278,30229119,30229140,21
channel-0,4036544,30229129,30229138,9
channel-188,190517,30229136,30229161,25
channel-0,4036545,30229138,30229148,10
channel-259,314178,30229142,30229148,6
channel-251,85152,30229145,30229155,10
channel-259,314179,30229152,30229160,8
channel-0,4036546,30229155,30229168,13
channel-88,467055,30229167,30229177,10
channel-204,670734,30229175,30229181,6
channel-4,166811,30229178,30229199,21
channel-143,128255,30229182,30229191,9
channel-2188,43471,30229183,30229188,5
channel-188,190518,30229185,30229224,39
channel-874,292392,30229203,30229208,5
channel-2188,43472,30229207,30229212,5
channel-874,292393,30229217,30229234,17
channel-85077,59207,30229231,30229238,7
channel-874,292394,30229232,30229238,6
channel-42,1489901,30229232,30229244,12
channel-0,4036547,30229233,30229252,19
channel-783,104174,30229274,30229286,12
channel-0,4036548,30229276,30229288,12
channel-522,40412,30229277,30229287,10
channel-874,292395,30229282,30229291,9
channel-0,4036549,30229283,30229291,8
channel-75,844700,30229287,30229306,19
channel-642,126479,30229302,30229358,56
channel-874,292396,30229320,30229324,4
channel-0,4036550,30229320,30229328,8
channel-6994,1322800,30229350,30229360,10
channel-750,681303,30229365,30229374,9
channel-0,4036551,30229367,30229392,25
channel-122,667586,30229388,30229392,4
channel-0,4036552,30229406,30229425,19
channel-874,292397,30229410,30229417,7
channel-184,137352,30229426,30229438,12
channel-6897,5628,30229439,30229444,5
channel-0,4036553,30229442,30229450,8
channel-750,681304,30229447,30229452,5
channel-874,292398,30229447,30229453,6
channel-750,681305,30229449,30229459,10
channel-208,1489448,30229449,30229458,9
channel-874,292399,30229453,30229459,6
channel-874,292400,30229461,30229465,4
channel-874,292401,30229465,30229471,6
channel-767,14349,30229467,30229480,13
channel-874,292402,30229472,30229481,9
channel-874,292403,30229488,30229494,6
channel-874,292404,30229492,30229498,6
channel-874,292405,30229498,30229503,5
channel-783,104175,30229500,30229508,8
channel-1,408147,30229509,30229563,54
channel-874,292406,30229509,30229515,6
channel-216,94108,30229510,30229515,5
channel-2188,43473,30229533,30229537,4
channel-874,292407,30229535,30229542,7
channel-122,667587,30229543,30229547,4
channel-0,4036554,30229549,30229559,10
channel-113,301266,30229560,30229570,10
channel-208,1489449,30229572,30229582,10
channel-88,467056,30229575,30229604,29
channel-2188,43474,30229607,30229612,5
channel-72,516386,30229637,30229677,40
channel-2188,43475,30229638,30229642,4
channel-199,132537,30229656,30229673,17
channel-0,4036555,30229669,30229680,11
channel-88,467057,30229670,30229682,12
channel-19774,345731,30229672,30229686,14
channel-0,4036556,30229689,30229696,7
channel-208,1489450,30229696,30229703,7
channel-143,128256,30229702,30229712,10
channel-326,537433,30229703,30229709,6
channel-0,4036557,30229703,30229714,11
channel-750,681306,30229727,30229737,10
channel-73755,5823,30229727,30229736,9
channel-412,64433,30229732,30229744,12
channel-4,166812,30229733,30229760,27
channel-85077,59208,30229738,30229750,12
channel-122,667588,30229738,30229743,5
channel-6787,166598,30229742,30229747,5
channel-0,4036558,30229753,30229763,10
channel-0,4036559,30229768,30229776,8
channel-75,844701,30229776,30229783,7
channel-1429,140675,30229787,30229797,10
channel-6994,1322801,30229790,30229801,11
channel-208,1489451,30229795,30229805,10
channel-750,681307,30229822,30229833,11
channel-75,844702,30229838,30229845,7
channel-259,314180,30229853,30229860,7
channel-165,71406,30229862,30229872,10
channel-82,18940,30229863,30229895,32
channel-0,4036560,30229864,30229872,8
channel-88,467058,30229868,30229879,11
channel-2188,43476,30229891,30229895,4
channel-0,4036561,30229899,30229908,9
channel-259,314181,30229913,30229923,10
channel-77,50251,30229916,30229928,12
channel-412,64434,30229927,30229933,6
channel-1279,67106,30229930,30229946,16
channel-85077,59209,30229951,30229960,9
channel-229,54997,30229952,30229964,12
channel-0,4036562,30229955,30229964,9
channel-85077,59210,30229957,30229964,7
channel-229,54998,30229964,30229975,11
channel-85077,59211,30229966,30229979,13
channel-750,681308,30229980,30229984,4
channel-320,119146,30229984,30230019,35
channel-0,4036563,30229987,30230000,13
channel-522,40413,30229994,30230002,8
channel-750,681309,30229998,30230008,10
channel-0,4036564,30230003,30230015,12
channel-1,408148,30230011,30230027,16
channel-229,54999,30230030,30230038,8
channel-750,681310,30230032,30230041,9
channel-874,292408,30230034,30230039,5
channel-874,292409,30230041,30230046,5
channel-188,190519,30230041,30230056,15
channel-42,1489902,30230043,30230050,7
channel-6994,1322802,30230044,30230069,25
channel-0,4036565,30230044,30230067,23
channel-75,844703,30230044,30230050,6
channel-6994,1322803,30230045,30230058,13
channel-642,126480,30230048,30230084,36
channel-2494,31861,30230050,30230057,7
channel-2188,43477,30230056,30230061,5
channel-341,3385,30230061,30230070,9
channel-85077,59212,30230062,30230084,22
channel-874,292410,30230070,30230078,8
channel-874,292411,30230070,30230078,8
channel-326,537434,30230071,30230089,18
channel-522,40414,30230076,30230084,8
channel-199,132538,30230078,30230092,14
channel-0,4036566,30230082,30230100,18
channel-42,1489903,30230086,30230092,6
channel-91017,2728,30230090,30230099,9
channel-0,4036567,30230102,30230115,13
channel-6994,1322804,30230108,30230210,102
channel-750,681311,30230111,30230121,10
channel-0,4036568,30230111,30230121,10
channel-122,667589,30230111,30230115,4
channel-8,43447,30230113,30230147,34
channel-94814,3710,30230132,30230143,11
channel-2188,43478,30230138,30230142,4
channel-6994,1322805,30230138,30230149,11
channel-0,4036569,30230153,30230164,11
channel-874,292412,30230155,30230164,9
channel-259,314182,30230160,30230168,8
channel-75,844704,30230161,30230169,8
channel-42,1489904,30230161,30230169,8
channel-750,681312,30230162,30230172,10
channel-522,40415,30230169,30230183,14
channel-750,681313,30230172,30230176,4
channel-750,681314,30230186,30230196,10
channel-2188,43479,30230212,30230217,5
channel-208,1489452,30230212,30230223,11
channel-750,681315,30230219,30230224,5
channel-2188,43480,30230235,30230239,4
channel-184,137353,30230246,30230254,8
channel-874,292413,30230258,30230267,9
channel-874,292414,30230267,30230282,15
channel-0,4036570,30230270,30230279,9
channel-208,1489453,30230282,30230294,12
channel-113,301267,30230284,30230297,13
channel-0,4036571,30230303,30230311,8
channel-122,667590,30230314,30230318,4
channel-874,292415,30230336,30230345,9
channel-874,292416,30230336,30230345,9
channel-216,94109,30230336,30230341,5
channel-874,292417,30230348,30230357,9
channel-874,292418,30230354,30230363,9
channel-688,33493,30230357,30230371,14
channel-874,292419,30230368,30230374,6
channel-874,292420,30230381,30230385,4
channel-874,292421,30230381,30230385,4
channel-0,4036572,30230386,30230396,10
channel-1,408149,30230386,30230414,28
channel-874,292422,30230386,30230391,5
channel-688,33494,30230396,30230407,11
channel-75755,5529,30230439,30230446,7
channel-874,292423,30230440,30230445,5
channel-6994,1322806,30230443,30230484,41
channel-874,292424,30230464,30230469,5
channel-0,4036573,30230480,30230490,10
channel-412,64435,30230482,30230493,11
channel-0,4036574,30230491,30230497,6
channel-750,681316,30230494,30230496,2
channel-750,681317,30230496,30230516,20
channel-85077,59213,30230496,30230505,9
channel-115,20338,30230497,30230509,12
channel-122,667591,30230497,30230501,4
channel-1,408150,30230499,30230524,25
channel-874,292425,30230501,30230507,6
channel-85077,59214,30230501,30230510,9
channel-0,4036575,30230503,30230514,11
channel-6994,1322807,30230504,30230541,37
channel-874,292426,30230506,30230511,5
channel-412,64436,30230510,30230519,9
channel-75016,4558,30230544,30230565,21
channel-199,132539,30230552,30230578,26
channel-0,4036576,30230555,30230576,21
channel-0,4036577,30230557,30230566,9
channel-2188,43481,30230558,30230563,5
channel-0,4036578,30230560,30230578,18
channel-6994,1322808,30230565,30230602,37
channel-688,33495,30230566,30230572,6
channel-75016,4559,30230568,30230586,18
channel-750,681318,30230575,30230591,16
channel-2188,43482,30230589,30230593,4
channel-750,681319,30230599,30230603,4
channel-6994,1322809,30230599,30230611,12
channel-874,292427,30230605,30230611,6
channel-874,292428,30230607,30230611,4
channel-122,667592,30230609,30230611,2
channel-6994,1322810,30230609,30230618,9
channel-750,681320,30230614,30230623,9
channel-184,137354,30230617,30230627,10
channel-874,292429,30230621,30230627,6
channel-6994,1322811,30230622,30230660,38
channel-874,292430,30230625,30230633,8
channel-874,292431,30230644,30230652,8
channel-0,4036579,30230653,30230661,8
channel-874,292432,30230656,30230661,5
channel-750,681321,30230665,30230671,6
channel-874,292433,30230665,30230670,5
channel-6994,1322812,30230677,30230714,37
channel-874,292434,30230686,30230692,6
channel-688,33496,30230693,30230703,10
channel-2,130575,30230710,30230721,11
channel-81016,263,30230721,30230732,11
channel-750,681322,30230725,30230734,9
channel-0,4036580,30230726,30230737,11
channel-91017,2729,30230735,30230743,8
channel-232,49185,30230740,30230751,11
channel-6994,1322813,30230742,30230778,36
channel-229,55000,30230749,30230758,9
channel-113,301268,30230755,30230764,9
channel-750,681323,30230783,30230791,8
channel-874,292435,30230791,30230796,5
channel-0,4036581,30230791,30230813,22
channel-0,4036582,30230791,30230802,11
channel-143,128257,30230807,30230833,26
channel-6994,1322814,30230808,30230848,40
channel-76971,12212,30230811,30230820,9
channel-199,132540,30230834,30230842,8
channel-688,33497,30230836,30230846,10
channel-2694,3279,30230860,30230874,14
channel-874,292436,30230863,30230869,6
channel-750,681324,30230865,30230871,6
channel-6994,1322815,30230867,30230909,42
channel-42,1489905,30230871,30230881,10
channel-0,4036583,30230877,30230909,32
channel-259,314183,30230877,30230882,5
channel-72,516387,30230885,30230932,47
channel-320,119147,30230890,30230918,28
channel-0,4036584,30230899,30230924,25
channel-0,4036585,30230900,30230921,21
channel-113,301269,30230902,30230916,14
channel-0,4036586,30230902,30230930,28
channel-0,4036587,30230922,30230933,11
channel-6994,1322816,30230928,30230963,35
channel-0,4036588,30230948,30230956,8
channel-115,20339,30230952,30230959,7
channel-0,4036589,30230953,30230970,17
channel-0,4036590,30230966,30230975,9
channel-874,292437,30230967,30230973,6
channel-688,33498,30230970,30230981,11
channel-6994,1322817,30230984,30231027,43
channel-0,4036591,30230995,30231006,11
channel-874,292438,30231009,30231017,8
channel-874,292439,30231009,30231017,8
channel-0,4036592,30231014,30231024,10
channel-42,1489906,30231021,30231029,8
channel-874,292440,30231021,30231030,9
channel-874,292441,30231023,30231033,10
channel-113,301270,30231024,30231040,16
channel-0,4036593,30231026,30231039,13
channel-874,292442,30231029,30231035,6
channel-0,4036594,30231033,30231042,9
channel-0,4036595,30231036,30231048,12
channel-199,132541,30231039,30231051,12
channel-874,292443,30231042,30231051,9
channel-0,4036596,30231042,30231052,10
channel-6994,1322818,30231046,30231084,38
channel-412,64437,30231046,30231056,10
channel-750,681325,30231052,30231065,13
channel-750,681326,30231052,30231072,20
channel-0,4036597,30231052,30231076,24
channel-874,292444,30231057,30231061,4
channel-874,292445,30231057,30231061,4
channel-874,292446,30231065,30231069,4
channel-75,844705,30231069,30231073,4
channel-2188,43483,30231075,30231080,5
channel-0,4036598,30231075,30231089,14
channel-874,292447,30231075,30231081,6
channel-0,4036599,30231075,30231089,14
channel-874,292448,30231086,30231094,8
channel-688,33499,30231089,30231098,9
channel-0,4036600,30231102,30231113,11
channel-874,292449,30231102,30231108,6
channel-874,292450,30231102,30231108,6
channel-6994,1322819,30231109,30231151,42
channel-874,292451,30231121,30231132,11
channel-874,292452,30231121,30231132,11
channel-874,292453,30231131,30231135,4
channel-0,4036601,30231132,30231142,10
channel-874,292454,30231150,30231156,6
channel-750,681327,30231158,30231169,11
channel-115,20340,30231166,30231180,14
channel-874,292455,30231170,30231174,4
channel-6994,1322820,30231197,30231210,13
channel-85077,59215,30231199,30231207,8
channel-874,292456,30231203,30231209,6
channel-688,33500,30231213,30231224,11
channel-874,292457,30231217,30231223,6
channel-874,292458,30231243,30231250,7
channel-2188,43484,30231277,30231281,4
channel-874,292459,30231278,30231283,5
channel-0,4036602,30231283,30231292,9
channel-115,20341,30231285,30231294,9
channel-0,4036603,30231290,30231300,10
channel-750,681328,30231300,30231305,5
channel-874,292460,30231311,30231317,6
channel-874,292461,30231324,30231329,5
channel-688,33501,30231336,30231345,9
channel-143,128258,30231339,30231351,12
channel-874,292462,30231343,30231349,6
channel-89321,19323,30231347,30231352,5
channel-115,20342,30231355,30231366,11
channel-38946,124029,30231358,30231370,12
channel-874,292463,30231385,30231390,5
channel-6994,1322821,30231387,30231399,12
channel-6994,1322822,30231394,30231412,18
channel-874,292464,30231395,30231401,6
channel-75016,4560,30231411,30231433,22
channel-874,292465,30231423,30231433,10
channel-38946,124030,30231424,30231439,15
channel-750,681329,30231435,30231442,7
channel-115,20343,30231442,30231453,11
channel-0,4036604,30231449,30231461,12
channel-75016,4561,30231451,30231476,25
channel-750,681330,30231451,30231462,11
channel-874,292466,30231452,30231459,7
channel-0,4036605,30231454,30231485,31
channel-0,4036606,30231455,30231481,26
channel-0,4036607,30231458,30231485,27
channel-75016,4562,30231461,30231486,25
channel-0,4036608,30231468,30231481,13
channel-688,33502,30231471,30231480,9
channel-75016,4563,30231475,30231501,26
channel-85077,59216,30231479,30231486,7
channel-0,4036609,30231486,30231512,26
channel-0,4036610,30231488,30231498,10
channel-874,292467,30231493,30231500,7
channel-874,292468,30231506,30231513,7
channel-75016,4564,30231517,30231531,14
channel-0,4036611,30231525,30231532,7
channel-874,292469,30231530,30231536,6
channel-75016,4565,30231533,30231553,20
channel-143,128259,30231537,30231569,32
channel-0,4036612,30231543,30231555,12
channel-19774,345732,30231553,30231563,10
channel-874,292470,30231567,30231572,5
channel-874,292471,30231568,30231573,5
channel-6994,1322823,30231572,30231582,10
channel-688,33503,30231573,30231581,8
channel-208,1489454,30231575,30231586,11
channel-199,132542,30231581,30231591,10
channel-75016,4566,30231581,30231598,17
channel-75016,4567,30231582,30231608,26
channel-326,537435,30231600,30231608,8
channel-326,537436,30231600,30231608,8
channel-326,537437,30231600,30231608,8
channel-326,537438,30231600,30231608,8
channel-326,537439,30231600,30231608,8
channel-326,537440,30231600,30231608,8
channel-326,537441,30231600,30231608,8
channel-0,4036613,30231603,30231614,11
channel-75016,4568,30231605,30231626,21
channel-6994,1322824,30231610,30231618,8
channel-75016,4569,30231626,30231644,18
channel-75016,4570,30231627,30231644,17
channel-874,292472,30231638,30231645,7
channel-0,4036614,30231639,30231647,8
channel-326,537442,30231643,30231651,8
channel-874,292473,30231648,30231654,6
channel-874,292474,30231648,30231654,6
channel-75016,4571,30231649,30231668,19
channel-874,292475,30231656,30231666,10
channel-874,292476,30231659,30231672,13
channel-874,292477,30231664,30231673,9
channel-115,20344,30231668,30231678,10
channel-874,292478,30231676,30231681,5
channel-2188,43486,30231678,30231682,4
channel-874,292479,30231680,30231686,6
channel-85077,59217,30231684,30231693,9
channel-874,292480,30231685,30231691,6
channel-0,4036615,30231691,30231700,9
channel-85077,59218,30231694,30231700,6
channel-874,292481,30231695,30231701,6
channel-874,292482,30231699,30231708,9
channel-874,292483,30231708,30231713,5
channel-6994,1322825,30231712,30231724,12
channel-688,33504,30231712,30231724,12
channel-750,681331,30231722,30231730,8
channel-874,292484,30231725,30231731,6
channel-874,292485,30231730,30231736,6
channel-38946,124031,30231732,30231746,14
channel-143,128260,30231739,30231748,9
channel-5,184215,30231739,30231751,12
channel-6994,1322826,30231740,30231788,48
channel-874,292486,30231743,30231748,5
channel-750,681332,30231748,30231755,7
channel-874,292487,30231761,30231767,6
channel-0,4036616,30231769,30231779,10
channel-0,4036617,30231776,30231788,12
channel-874,292488,30231799,30231805,6
channel-874,292489,30231831,30231837,6
channel-874,292490,30231833,30231843,10
channel-222,3827,30231835,30231843,8
channel-688,33505,30231835,30231847,12
channel-0,4036618,30231844,30231854,10
channel-874,292491,30231848,30231855,7
channel-874,292492,30231857,30231867,10
channel-874,292493,30231869,30231876,7
channel-874,292494,30231878,30231887,9
channel-19774,345733,30231881,30231899,18
channel-4,166813,30231891,30231913,22
channel-874,292495,30231897,30231902,5
channel-222,3828,30231898,30231907,9
channel-750,681333,30231898,30231915,17
channel-874,292496,30231916,30231920,4
channel-5485,1700,30231916,30231928,12
channel-0,4036619,30231928,30231939,11
channel-326,537443,30231937,30231943,6
channel-874,292497,30231950,30231959,9
channel-222,3829,30231951,30231960,9
channel-326,537444,30231986,30231992,6
channel-47,198633,30231991,30232003,12
channel-874,292498,30231994,30232001,7
channel-222,3830,30232009,30232018,9
channel-782,310042,30232014,30232020,6
channel-326,537445,30232018,30232024,6
channel-82,18941,30232019,30232035,16
channel-47,198634,30232025,30232037,12
channel-874,292499,30232029,30232034,5
channel-6994,1322827,30232057,30232065,8
channel-874,292500,30232065,30232073,8
channel-0,4036620,30232068,30232076,8
channel-0,4036621,30232083,30232094,11
channel-6994,1322828,30232088,30232116,28
channel-750,681334,30232095,30232127,32
channel-5,184216,30232104,30232118,14
channel-874,292501,30232106,30232113,7
channel-874,292502,30232144,30232151,7
channel-874,292503,30232144,30232151,7
channel-326,537446,30232150,30232159,9
channel-874,292504,30232159,30232165,6
channel-88,467059,30232173,30232187,14
channel-326,537447,30232181,30232196,15
channel-874,292505,30232186,30232191,5
channel-688,33506,30232208,30232219,11
channel-188,190520,30232219,30232224,5
channel-0,4036622,30232220,30232223,3
channel-874,292506,30232222,30232225,3
channel-85077,59219,30232242,30232250,8
channel-89298,18567,30232245,30232254,9
channel-75,844706,30232245,30232254,9
channel-5485,1701,30232250,30232260,10
channel-874,292507,30232255,30232261,6
channel-0,4036623,30232261,30232269,8
channel-750,681335,30232278,30232286,8
channel-0,4036624,30232291,30232300,9
channel-874,292508,30232292,30232299,7
channel-42,1489907,30232299,30232304,5
channel-75,844707,30232301,30232309,8
channel-874,292509,30232309,30232314,5
channel-0,4036625,30232323,30232331,8
channel-21113,25280,30232328,30232338,10
channel-0,4036626,30232334,30232345,11
channel-0,4036627,30232347,30232358,11
channel-0,4036628,30232353,30232362,9
channel-874,292510,30232362,30232366,4
channel-0,4036629,30232364,30232373,9
channel-688,33507,30232365,30232375,10
channel-750,681336,30232368,30232393,25
channel-85077,59220,30232370,30232381,11
channel-85077,59221,30232374,30232383,9
channel-85077,59222,30232382,30232391,9
channel-85077,59223,30232386,30232393,7
channel-783,104176,30232392,30232400,8
channel-76971,12213,30232393,30232409,16
channel-750,681337,30232408,30232426,18
channel-326,537448,30232410,30232436,26
channel-216,94110,30232420,30232424,4
channel-188,190521,30232426,30232435,9
channel-21113,25281,30232448,30232455,7
channel-874,292511,30232452,30232458,6
channel-874,292512,30232453,30232459,6
channel-874,292513,30232461,30232467,6
channel-94814,3711,30232466,30232476,10
channel-75,844708,30232486,30232495,9
channel-85077,59224,30232486,30232495,9
channel-874,292514,30232487,30232495,8
channel-874,292515,30232489,30232497,8
channel-0,4036630,30232502,30232511,9
channel-208,1489455,30232502,30232512,10
channel-0,4036631,30232507,30232515,8
channel-85077,59225,30232523,30232534,11
channel-874,292516,30232523,30232532,9
channel-2186,40745,30232537,30232552,15
channel-0,4036632,30232543,30232566,23
channel-750,681338,30232556,30232569,13
channel-688,33508,30232557,30232566,9
channel-874,292517,30232564,30232567,3
channel-6994,1322829,30232564,30232571,7
channel-874,292518,30232568,30232573,5
channel-0,4036633,30232579,30232589,10
channel-0,4036634,30232584,30232594,10
channel-874,292519,30232588,30232594,6
channel-165,71407,30232594,30232634,40
channel-122,667593,30232596,30232599,3
channel-874,292520,30232597,30232601,4
channel-122,667594,30232614,30232618,4
channel-0,4036635,30232625,30232630,5
channel-874,292521,30232630,30232648,18
channel-874,292522,30232631,30232639,8
channel-750,681339,30232632,30232640,8
channel-6994,1322830,30232642,30232681,39
channel-122,667595,30232659,30232662,3
channel-0,4036636,30232661,30232671,10
channel-874,292523,30232670,30232679,9
channel-874,292524,30232674,30232679,5
channel-42,1489908,30232678,30232686,8
channel-0,4036637,30232681,30232694,13
channel-1575,15173,30232690,30232699,9
channel-42,1489909,30232690,30232697,7
channel-0,4036638,30232694,30232703,9
channel-0,4036639,30232697,30232708,11
channel-874,292525,30232707,30232713,6
channel-0,4036640,30232733,30232741,8
channel-0,4036641,30232736,30232746,10
channel-874,292526,30232743,30232749,6
channel-0,4036642,30232751,30232760,9
channel-89298,18568,30232752,30232762,10
channel-874,292527,30232776,30232780,4
channel-874,292528,30232782,30232788,6
channel-122,667596,30232789,30232792,3
channel-874,292529,30232815,30232820,5
channel-4,166814,30232820,30232849,29
channel-148,16081,30232837,30232844,7
channel-750,681340,30232847,30232861,14
channel-0,4036643,30232848,30232861,13
channel-874,292530,30232849,30232858,9
channel-874,292531,30232854,30232859,5
channel-85077,59226,30232860,30232868,8
channel-113,301271,30232865,30232875,10
channel-0,4036644,30232870,30232879,9
channel-85077,59227,30232884,30232893,9
channel-874,292532,30232887,30232893,6
channel-0,4036645,30232895,30232915,20
channel-98611,3,30232905,30232921,16
channel-85077,59228,30232905,30232914,9
channel-143,128261,30232922,30232957,35
channel-874,292533,30232923,30232931,8
channel-0,4036646,30232934,30232956,22
channel-208,1489456,30232953,30232962,9
channel-72,516388,30232954,30233005,51
channel-0,4036647,30232980,30232998,18
channel-874,292534,30232986,30232989,3
channel-0,4036648,30233012,30233023,11
channel-229,55001,30233016,30233023,7
channel-0,4036649,30233017,30233027,10
channel-874,292535,30233018,30233023,5
channel-6994,1322831,30233036,30233046,10
channel-0,4036650,30233040,30233049,9
channel-0,4036651,30233058,30233069,11
channel-874,292536,30233062,30233067,5
channel-208,1489457,30233078,30233086,8
channel-94814,3712,30233098,30233108,10
channel-874,292537,30233098,30233104,6
channel-144,86670,30233109,30233119,10
channel-874,292538,30233133,30233138,5
channel-783,104177,30233143,30233149,6
channel-0,4036652,30233145,30233154,9
channel-82,18942,30233159,30233215,56
channel-2694,3280,30233167,30233185,18
channel-144,86671,30233168,30233177,9
channel-874,292539,30233169,30233177,8
channel-874,292540,30233187,30233192,5
channel-874,292541,30233203,30233209,6
channel-38946,124032,30233222,30233236,14
channel-208,1489458,30233267,30233277,10
channel-82,18943,30233278,30233311,33
channel-750,681341,30233281,30233292,11
channel-0,4036653,30233297,30233306,9
channel-199,132543,30233302,30233313,11
channel-144,86672,30233303,30233313,10
channel-75,844709,30233306,30233313,7
channel-750,681342,30233323,30233329,6
channel-2494,31862,30233325,30233338,13
channel-122,667597,30233326,30233329,3
channel-750,681343,30233326,30233340,14
channel-874,292542,30233342,30233347,5
channel-0,4036654,30233361,30233370,9
channel-750,681344,30233362,30233377,15
channel-95,331590,30233362,30233381,19
channel-874,292543,30233369,30233376,7
channel-208,1489459,30233370,30233381,11
channel-199,132544,30233374,30233386,12
channel-874,292544,30233409,30233419,10
channel-8945,17736,30233421,30233430,9
channel-6994,1322832,30233425,30233436,11
channel-0,4036655,30233426,30233434,8
channel-143,128262,30233432,30233454,22
channel-0,4036656,30233452,30233463,11
channel-0,4036657,30233456,30233463,7
channel-874,292545,30233460,30233466,6
channel-0,4036658,30233498,30233510,12
channel-874,292546,30233500,30233507,7
channel-874,292547,30233510,30233516,6
channel-0,4036659,30233515,30233523,8
channel-75755,5530,30233519,30233528,9
channel-122,667598,30233529,30233536,7
channel-874,292548,30233533,30233538,5
channel-326,537449,30233544,30233552,8
channel-874,292549,30233546,30233552,6
channel-874,292550,30233570,30233577,7
channel-72,516389,30233570,30233620,50
channel-874,292551,30233585,30233592,7
channel-85077,59229,30233597,30233623,26
channel-0,4036660,30233600,30233611,11
channel-122,667599,30233611,30233615,4
channel-874,292552,30233614,30233625,11
channel-874,292553,30233626,30233632,6
channel-259,314184,30233645,30233651,6
channel-0,4036661,30233648,30233658,10
channel-874,292554,30233657,30233661,4
channel-874,292555,30233665,30233672,7
channel-0,4036662,30233677,30233685,8
channel-750,681345,30233683,30233697,14
channel-208,1489460,30233696,30233705,9
channel-874,292556,30233701,30233712,11
channel-874,292557,30233705,30233712,7
channel-85077,59230,30233712,30233723,11
channel-6994,1322833,30233720,30233730,10
channel-874,292558,30233744,30233750,6
channel-122,667600,30233762,30233771,9
channel-0,4036663,30233775,30233786,11
channel-0,4036664,30233779,30233791,12
channel-874,292559,30233782,30233792,10
channel-216,94111,30233815,30233819,4
channel-874,292560,30233824,30233833,9
channel-75,844710,30233828,30233835,7
channel-0,4036665,30233832,30233844,12
channel-188,190522,30233852,30233871,19
channel-2716,2663,30233859,30233873,14
channel-874,292561,30233863,30233868,5
channel-6994,1322834,30233863,30233873,10
channel-122,667601,30233864,30233868,4
channel-750,681346,30233877,30233888,11
channel-874,292562,30233898,30233906,8
channel-0,4036666,30233906,30233919,13
channel-0,4036667,30233916,30233929,13
channel-0,4036668,30233920,30233929,9
channel-0,4036669,30233936,30233943,7
channel-874,292563,30233936,30233939,3
channel-42,1489910,30233943,30233953,10
channel-6994,1322835,30233950,30233960,10
channel-750,681347,30233951,30233955,4
channel-0,4036670,30233956,30233967,11
channel-326,537450,30233964,30233988,24
channel-2,130576,30233967,30233978,11
channel-874,292564,30233968,30233974,6
channel-6994,1322836,30233973,30234011,38
channel-0,4036671,30233975,30233986,11
channel-85077,59231,30233976,30234004,28
channel-750,681348,30233984,30233993,9
channel-6994,1322837,30233992,30234001,9
channel-85077,59232,30233995,30234007,12
channel-2494,31863,30234010,30234019,9
channel-2,130577,30234015,30234024,9
channel-122,667602,30234047,30234051,4
channel-750,681349,30234074,30234079,5
channel-2494,31864,30234087,30234097,10
channel-75,844711,30234088,30234097,9
channel-0,4036672,30234096,30234107,11
channel-2694,3281,30234101,30234116,15
channel-89298,18569,30234102,30234113,11
channel-0,4036673,30234128,30234158,30
channel-750,681350,30234151,30234156,5
channel-85077,59233,30234165,30234173,8
channel-143,128263,30234170,30234202,32
channel-0,4036674,30234189,30234211,22
channel-5485,1702,30234190,30234199,9
channel-85077,59234,30234193,30234201,8
channel-85077,59235,30234198,30234210,12
channel-6,66629,30234199,30234212,13
channel-0,4036675,30234200,30234211,11
channel-42,1489911,30234202,30234210,8
channel-0,4036676,30234203,30234221,18
channel-5,184217,30234210,30234221,11
channel-85077,59236,30234211,30234221,10
channel-75030,1172,30234212,30234224,12
channel-208,1489461,30234236,30234245,9
channel-0,4036677,30234239,30234249,10
channel-85077,59237,30234244,30234258,14
channel-85077,59238,30234248,30234258,10
channel-750,681351,30234259,30234268,9
channel-6994,1322838,30234274,30234283,9
channel-874,292565,30234274,30234282,8
channel-874,292566,30234280,30234290,10
channel-6787,166599,30234283,30234287,4
channel-0,4036678,30234288,30234295,7
channel-750,681352,30234290,30234292,2
channel-557,52043,30234291,30234301,10
channel-6994,1322839,30234303,30234317,14
channel-6787,166600,30234303,30234307,4
channel-0,4036679,30234305,30234316,11
channel-0,4036680,30234310,30234321,11
channel-874,292567,30234310,30234316,6
channel-0,4036681,30234312,30234321,9
channel-874,292568,30234316,30234322,6
channel-0,4036682,30234316,30234336,20
channel-72,516390,30234316,30234357,41
channel-5,184218,30234325,30234335,10
channel-5,184219,30234351,30234360,9
channel-874,292569,30234353,30234360,7
channel-0,4036683,30234357,30234381,24
channel-750,681353,30234365,30234369,4
channel-0,4036684,30234385,30234397,12
channel-199,132545,30234386,30234398,12
channel-874,292570,30234394,30234400,6
channel-0,4036685,30234396,30234405,9
channel-874,292571,30234430,30234435,5
channel-122,667603,30234453,30234457,4
channel-2494,31865,30234464,30234475,11
channel-874,292572,30234468,30234473,5
channel-143,128264,30234472,30234512,40
channel-2494,31866,30234484,30234495,11
channel-6994,1322840,30234488,30234496,8
channel-122,667604,30234489,30234498,9
channel-2494,31867,30234507,30234518,11
channel-75,844712,30234518,30234526,8
channel-143,128265,30234526,30234552,26
channel-0,4036686,30234526,30234553,27
channel-750,681354,30234527,30234531,4
channel-2494,31868,30234534,30234547,13
channel-874,292573,30234543,30234550,7
channel-0,4036687,30234549,30234557,8
channel-0,4036688,30234555,30234566,11
channel-89298,18570,30234566,30234575,9
channel-122,667605,30234575,30234579,4
channel-874,292574,30234577,30234585,8
channel-0,4036689,30234578,30234588,10
channel-0,4036690,30234608,30234618,10
channel-874,292575,30234622,30234626,4
channel-874,292576,30234634,30234643,9
channel-0,4036691,30234636,30234646,10
channel-874,292577,30234656,30234663,7
channel-874,292578,30234658,30234665,7
channel-6897,5629,30234677,30234682,5
channel-0,4036692,30234685,30234696,11
channel-0,4036693,30234690,30234710,20
channel-208,1489462,30234693,30234703,10
channel-6994,1322841,30234694,30234720,26
channel-874,292579,30234703,30234708,5
channel-0,4036694,30234705,30234714,9
channel-6994,1322842,30234729,30234759,30
channel-199,132546,30234737,30234749,12
channel-874,292580,30234740,30234746,6
channel-4,166815,30234740,30234749,9
channel-199,132547,30234764,30234773,9
channel-85077,59239,30234775,30234785,10
channel-874,292581,30234775,30234781,6
channel-320,119148,30234814,30234824,10
channel-874,292582,30234819,30234824,5
channel-94814,3713,30234837,30234848,11
channel-0,4036695,30234837,30234849,12
channel-874,292583,30234840,30234850,10
channel-783,104178,30234856,30234862,6
channel-1,408151,30234862,30234896,34
channel-874,292584,30234862,30234866,4
channel-320,119149,30234865,30234881,16
channel-783,104179,30234867,30234878,11
channel-326,537451,30234870,30234876,6
channel-5,184220,30234874,30234884,10
channel-82,18944,30234881,30234920,39
channel-320,119150,30234882,30234901,19
channel-320,119151,30234896,30234911,15
channel-874,292585,30234903,30234909,6
channel-0,4036696,30234903,30234912,9
channel-750,681355,30234923,30234932,9
channel-0,4036697,30234929,30234937,8
channel-874,292586,30234939,30234945,6
channel-750,681356,30234945,30234957,12
channel-750,681357,30234954,30234959,5
channel-6787,166601,30234957,30234962,5
channel-115,20345,30234958,30234965,7
channel-750,681358,30234962,30234974,12
channel-6994,1322843,30234967,30234978,11
channel-874,292587,30234977,30234986,9
channel-6994,1322844,30234997,30235009,12
channel-874,292588,30235008,30235013,5
channel-0,4036698,30235016,30235045,29
channel-750,681359,30235019,30235036,17
channel-783,104180,30235033,30235044,11
channel-0,4036699,30235037,30235049,12
channel-42,1489912,30235043,30235058,15
channel-21113,25282,30235043,30235049,6
channel-874,292589,30235044,30235049,5
channel-750,681360,30235045,30235050,5
channel-874,292590,30235050,30235059,9
channel-326,537452,30235058,30235074,16
channel-750,681361,30235059,30235063,4
channel-188,190523,30235060,30235097,37
channel-750,681362,30235061,30235070,9
channel-115,20346,30235063,30235070,7
channel-0,4036700,30235068,30235075,7
channel-750,681363,30235071,30235085,14
channel-874,292591,30235075,30235081,6
channel-783,104181,30235076,30235085,9
channel-750,681364,30235079,30235090,11
channel-2188,43487,30235081,30235086,5
channel-0,4036701,30235095,30235105,10
channel-208,1489463,30235098,30235108,10
channel-6994,1322845,30235105,30235119,14
channel-188,190524,30235107,30235119,12
channel-750,681365,30235111,30235116,5
channel-874,292592,30235113,30235119,6
channel-326,537453,30235124,30235137,13
channel-188,190525,30235129,30235140,11
channel-85077,59240,30235130,30235140,10
channel-208,1489464,30235130,30235141,11
channel-6994,1322846,30235132,30235158,26
channel-750,681366,30235134,30235152,18
channel-75,844713,30235138,30235148,10
channel-85077,59241,30235141,30235150,9
channel-412,64438,30235145,30235153,8
channel-0,4036702,30235146,30235156,10
channel-6994,1322847,30235148,30235181,33
channel-2188,43488,30235148,30235153,5
channel-642,126481,30235148,30235211,63
channel-2186,40746,30235148,30235177,29
channel-85077,59242,30235149,30235157,8
channel-6994,1322848,30235150,30235186,36
channel-874,292593,30235153,30235158,5
channel-184,137355,30235155,30235164,9
channel-6787,166602,30235156,30235159,3
channel-42,1489913,30235158,30235165,7
channel-0,4036703,30235161,30235187,26
channel-188,190526,30235163,30235172,9
channel-0,4036704,30235163,30235172,9
channel-122,667606,30235164,30235168,4
channel-6994,1322849,30235165,30235190,25
channel-6994,1322850,30235165,30235194,29
channel-750,681367,30235167,30235172,5
channel-0,4036705,30235168,30235196,28
channel-750,681368,30235168,30235185,17
channel-0,4036706,30235169,30235183,14
channel-874,292594,30235176,30235181,5
channel-85077,59243,30235177,30235186,9
channel-750,681369,30235186,30235194,8
channel-75,844714,30235186,30235192,6
channel-85077,59244,30235187,30235196,9
channel-188,190527,30235192,30235202,10
channel-874,292595,30235193,30235199,6
channel-750,681370,30235202,30235215,13
channel-0,4036707,30235204,30235211,7
channel-5485,1703,30235204,30235214,10
channel-0,4036708,30235206,30235211,5
channel-0,4036709,30235207,30235237,30
channel-6994,1322851,30235207,30235231,24
channel-6994,1322852,30235209,30235231,22
channel-6994,1322853,30235210,30235252,42
channel-82,18945,30235210,30235221,11
channel-122,667607,30235211,30235215,4
channel-19774,345734,30235211,30235222,11
channel-6994,1322854,30235218,30235231,13
channel-188,190528,30235223,30235234,11
channel-874,292596,30235229,30235239,10
channel-750,681371,30235231,30235235,4
channel-750,681372,30235231,30235235,4
channel-874,292597,30235246,30235252,6
channel-0,4036710,30235256,30235282,26
channel-72,516391,30235259,30235274,15
channel-6994,1322855,30235265,30235297,32
channel-750,681373,30235279,30235283,4
channel-0,4036711,30235280,30235292,12
channel-75016,4572,30235280,30235299,19
channel-94814,3714,30235293,30235304,11
channel-0,4036712,30235297,30235309,12
channel-208,1489465,30235310,30235319,9
channel-0,4036713,30235312,30235320,8
channel-208,1489466,30235313,30235319,6
channel-0,4036714,30235317,30235334,17
channel-0,4036715,30235317,30235325,8
channel-0,4036716,30235319,30235330,11
channel-22172,2613,30235320,30235329,9
channel-6994,1322856,30235322,30235370,48
channel-0,4036717,30235331,30235344,13
channel-75,844715,30235337,30235344,7
channel-208,1489467,30235344,30235356,12
channel-6994,1322857,30235344,30235388,44
channel-85077,59245,30235350,30235359,9
channel-874,292598,30235353,30235358,5
channel-750,681374,30235354,30235364,10
channel-75,844716,30235356,30235362,6
channel-874,292599,30235365,30235374,9
channel-2188,43489,30235365,30235370,5
channel-6994,1322858,30235366,30235378,12
channel-0,4036718,30235371,30235394,23
channel-20082,9860,30235376,30235388,12
channel-1,408152,30235377,30235385,8
channel-6994,1322859,30235383,30235422,39
channel-0,4036719,30235398,30235410,12
channel-89298,18571,30235403,30235413,10
channel-874,292600,30235404,30235410,6
channel-77,50252,30235411,30235420,9
channel-232,49186,30235416,30235434,18
channel-208,1489468,30235418,30235427,9
channel-0,4036720,30235420,30235437,17
channel-4,166816,30235421,30235436,15
channel-2494,31869,30235421,30235432,11
channel-874,292601,30235422,30235434,12
channel-0,4036721,30235423,30235460,37
channel-750,681375,30235424,30235438,14
channel-144,86673,30235425,30235436,11
channel-0,4036722,30235432,30235440,8
channel-19774,345735,30235441,30235447,6
channel-6994,1322860,30235452,30235490,38
channel-122,667608,30235453,30235456,3
channel-0,4036723,30235460,30235472,12
channel-0,4036724,30235462,30235472,10
channel-750,681376,30235463,30235469,6
channel-750,681377,30235480,30235490,10
channel-750,681378,30235483,30235488,5
channel-750,681379,30235505,30235510,5
channel-750,681380,30235505,30235510,5
channel-2,130578,30235506,30235519,13
channel-750,681381,30235506,30235512,6
channel-6994,1322861,30235508,30235546,38
channel-750,681382,30235514,30235521,7
channel-874,292602,30235521,30235528,7
channel-0,4036725,30235529,30235538,9
channel-5,184221,30235534,30235542,8
channel-85077,59246,30235538,30235546,8
channel-874,292603,30235538,30235543,5
channel-6994,1322862,30235545,30235569,24
channel-326,537454,30235553,30235569,16
channel-85077,59247,30235557,30235566,9
channel-122,667609,30235562,30235566,4
channel-6994,1322863,30235567,30235603,36
channel-20082,9861,30235567,30235577,10
channel-0,4036726,30235569,30235580,11
channel-113,301272,30235571,30235580,9
channel-94814,3715,30235572,30235588,16
channel-75,844717,30235579,30235587,8
channel-6994,1322864,30235582,30235608,26
channel-326,537455,30235585,30235589,4
channel-75,844718,30235589,30235595,6
channel-874,292604,30235591,30235598,7
channel-204,670735,30235592,30235601,9
channel-2,130579,30235593,30235604,11
channel-0,4036727,30235594,30235606,12
channel-208,1489469,30235619,30235633,14
channel-0,4036728,30235623,30235632,9
channel-412,64439,30235624,30235634,10
channel-6994,1322865,30235625,30235665,40
channel-874,292605,30235628,30235633,5
channel-19774,345736,30235640,30235652,12
channel-6994,1322866,30235646,30235669,23
channel-874,292606,30235654,30235661,7
channel-1634,6715,30235663,30235682,19
channel-75,844719,30235668,30235676,8
channel-6994,1322867,30235689,30235733,44
channel-259,314185,30235690,30235697,7
channel-874,292607,30235691,30235696,5
channel-874,292608,30235694,30235699,5
channel-874,292609,30235723,30235729,6
channel-874,292610,30235737,30235743,6
channel-89321,19324,30235747,30235760,13
channel-6994,1322868,30235752,30235785,33
channel-72,516392,30235756,30235781,25
channel-874,292611,30235772,30235777,5
channel-89321,19325,30235808,30235820,12
channel-6994,1322869,30235809,30235848,39
channel-0,4036729,30235841,30235851,10
channel-113,301273,30235844,30235854,10
channel-184,137356,30235857,30235868,11
channel-89321,19326,30235865,30235878,13
channel-208,1489470,30235868,30235880,12
channel-6994,1322870,30235871,30235902,31
channel-874,292612,30235881,30235890,9
channel-89321,19327,30235890,30235897,7
channel-91017,2730,30235890,30235897,7
channel-750,681383,30235892,30235900,8
channel-750,681384,30235894,30235897,3
channel-874,292613,30235894,30235898,4
channel-750,681385,30235899,30235913,14
channel-874,292614,30235913,30235918,5
channel-94814,3716,30235919,30235929,10
channel-750,681386,30235922,30235926,4
channel-0,4036730,30235924,30235934,10
channel-91017,2731,30235929,30235938,9
channel-874,292615,30235932,30235936,4
channel-6994,1322871,30235934,30235947,13
channel-874,292616,30235950,30235955,5
channel-113,301274,30235955,30235972,17
channel-91017,2732,30235966,30235975,9
channel-874,292617,30235967,30235972,5
channel-216,94112,30235970,30235973,3
channel-19774,345737,30235975,30235989,14
channel-19774,345738,30235979,30236010,31
channel-0,4036731,30235983,30235997,14
channel-6994,1322872,30236002,30236037,35
channel-874,292618,30236007,30236011,4
channel-113,301275,30236009,30236021,12
channel-750,681387,30236009,30236018,9
channel-89321,19328,30236009,30236018,9
channel-91017,2733,30236027,30236035,8
channel-874,292619,30236040,30236046,6
channel-122,667610,30236041,30236050,9
channel-19774,345739,30236044,30236055,11
channel-750,681388,30236048,30236062,14
channel-89321,19329,30236050,30236059,9
channel-0,4036732,30236051,30236060,9
channel-6994,1322873,30236056,30236094,38
channel-874,292620,30236062,30236067,5
channel-91017,2734,30236063,30236069,6
channel-113,301276,30236064,30236071,7
channel-19774,345740,30236065,30236074,9
channel-874,292621,30236076,30236082,6
channel-0,4036733,30236085,30236095,10
channel-208,1489471,30236089,30236099,10
channel-188,190529,30236105,30236113,8
channel-85077,59248,30236113,30236122,9
channel-6994,1322874,30236114,30236150,36
channel-874,292622,30236115,30236121,6
channel-874,292623,30236157,30236163,6
channel-6994,1322875,30236173,30236214,41
channel-874,292624,30236202,30236209,7
channel-199,132548,30236207,30236216,9
channel-20082,9862,30236232,30236308,76
channel-208,1489472,30236235,30236242,7
channel-6994,1322876,30236237,30236279,42
channel-874,292625,30236242,30236248,6
channel-208,1489473,30236245,30236254,9
channel-0,4036734,30236260,30236268,8
channel-6994,1322877,30236267,30236279,12
channel-874,292626,30236284,30236293,9
channel-6994,1322878,30236294,30236333,39
channel-874,292627,30236325,30236330,5
channel-79703,4404,30236334,30236351,17
channel-0,4036735,30236334,30236344,10
channel-0,4036736,30236350,30236374,24
channel-6994,1322879,30236355,30236393,38
channel-874,292628,30236361,30236370,9
channel-0,4036737,30236361,30236374,13
channel-19774,345741,30236365,30236375,10
channel-4,166817,30236370,30236400,30
channel-94814,3717,30236379,30236386,7
channel-750,681389,30236380,30236394,14
channel-0,4036738,30236380,30236390,10
channel-326,537456,30236397,30236404,7
channel-4,166818,30236403,30236422,19
channel-874,292629,30236405,30236410,5
channel-1,408153,30236413,30236429,16
channel-6994,1322880,30236415,30236458,43
channel-75,844720,30236425,30236433,8
channel-19774,345742,30236426,30236439,13
channel-21113,25283,30236432,30236445,13
channel-0,4036739,30236439,30236450,11
channel-874,292630,30236442,30236447,5
channel-208,1489474,30236457,30236467,10
channel-199,132549,30236463,30236471,8
channel-0,4036740,30236467,30236479,12
channel-75,844721,30236469,30236476,7
channel-89298,18572,30236470,30236482,12
channel-6994,1322881,30236471,30236514,43
channel-19774,345743,30236475,30236485,10
channel-6994,1322882,30236479,30236490,11
channel-874,292631,30236482,30236492,10
channel-0,4036741,30236499,30236508,9
channel-199,132550,30236503,30236511,8
channel-6994,1322883,30236506,30236669,163
channel-0,4036742,30236508,30236513,5
channel-874,292632,30236521,30236529,8
channel-0,4036743,30236527,30236539,12
channel-6994,1322884,30236528,30236537,9
channel-874,292633,30236533,30236539,6
channel-6994,1322885,30236534,30236574,40
channel-113,301277,30236538,30236546,8
channel-19774,345744,30236540,30236545,5
channel-874,292634,30236540,30236552,12
channel-326,537457,30236541,30236556,15
channel-0,4036744,30236542,30236555,13
channel-0,4036745,30236545,30236555,10
channel-6,66630,30236547,30236558,11
channel-0,4036746,30236549,30236558,9
channel-0,4036747,30236552,30236560,8
channel-874,292635,30236555,30236562,7
channel-326,537458,30236573,30236614,41
channel-326,537459,30236573,30236614,41
channel-326,537460,30236573,30236599,26
channel-326,537461,30236573,30236614,41
channel-326,537462,30236573,30236614,41
channel-326,537463,30236573,30236614,41
channel-19774,345745,30236575,30236586,11
channel-767,14350,30236581,30236589,8
channel-199,132551,30236581,30236589,8
channel-4,166819,30236586,30236603,17
channel-6994,1322886,30236595,30236637,42
channel-750,681390,30236604,30236610,6
channel-0,4036748,30236605,30236616,11
channel-21113,25284,30236610,30236618,8
channel-750,681391,30236617,30236623,6
channel-320,119152,30236618,30236634,16
channel-6994,1322887,30236619,30236631,12
channel-2188,43490,30236626,30236631,5
channel-6994,1322888,30236629,30236651,22
channel-2188,43491,30236631,30236636,5
channel-19774,345746,30236632,30236639,7
channel-412,64440,30236635,30236650,15
channel-874,292636,30236637,30236642,5
channel-6994,1322889,30236638,30236664,26
channel-0,4036749,30236638,30236656,18
channel-75,844722,30236650,30236658,8
channel-750,681392,30236653,30236658,5
channel-0,4036750,30236654,30236665,11
channel-6994,1322890,30236654,30236694,40
channel-0,4036751,30236654,30236665,11
channel-0,4036752,30236658,30236670,12
channel-412,64441,30236660,30236668,8
channel-0,4036753,30236660,30236685,25
channel-0,4036754,30236660,30236670,10
channel-326,537464,30236660,30236665,5
channel-75,844723,30236664,30236671,7
channel-6994,1322891,30236665,30236680,15
channel-0,4036755,30236669,30236689,20
channel-326,537465,30236671,30236687,16
channel-0,4036756,30236672,30236685,13
channel-0,4036757,30236676,30236689,13
channel-143,128266,30236678,30236700,22
channel-2694,3282,30236687,30236699,12
channel-94814,3718,30236688,30236702,14
channel-362,86675,30236690,30236702,12
channel-874,292637,30236697,30236702,5
channel-0,4036758,30236705,30236714,9
channel-4,166820,30236705,30236723,18
channel-21113,25285,30236707,30236713,6
channel-6994,1322892,30236709,30236752,43
channel-874,292638,30236718,30236722,4
channel-874,292639,30236723,30236728,5
channel-0,4036759,30236726,30236738,12
channel-122,667611,30236729,30236732,3
channel-750,681393,30236736,30236741,5
channel-0,4036760,30236743,30236752,9
channel-0,4036761,30236759,30236771,12
channel-874,292640,30236761,30236769,8
channel-0,4036762,30236764,30236776,12
channel-6994,1322893,30236771,30236812,41
channel-75755,5531,30236784,30236794,10
channel-326,537466,30236784,30236795,11
channel-326,537467,30236784,30236795,11
channel-326,537468,30236784,30236795,11
channel-326,537469,30236784,30236795,11
channel-326,537470,30236784,30236795,11
channel-326,537471,30236784,30236795,11
channel-326,537472,30236784,30236795,11
channel-326,537473,30236784,30236795,11
channel-2188,43492,30236791,30236795,4
channel-89321,19330,30236794,30236820,26
channel-874,292641,30236802,30236809,7
channel-874,292642,30236823,30236828,5
channel-5,184222,30236828,30236838,10
channel-6994,1322894,30236835,30236881,46
channel-874,292643,30236839,30236844,5
channel-0,4036763,30236839,30236849,10
channel-0,4036764,30236841,30236849,8
channel-42,1489914,30236842,30236849,7
channel-0,4036765,30236843,30236873,30
channel-5,184223,30236843,30236855,12
channel-184,137357,30236844,30236853,9
channel-1,408154,30236848,30236857,9
channel-0,4036766,30236851,30236881,30
channel-0,4036767,30236852,30236862,10
channel-750,681394,30236860,30236874,14
channel-767,14351,30236862,30236873,11
channel-0,4036768,30236867,30236896,29
channel-750,681395,30236869,30236888,19
channel-143,128267,30236871,30236881,10
channel-874,292644,30236876,30236881,5
channel-19774,345747,30236880,30236892,12
channel-0,4036769,30236882,30236908,26
channel-750,681396,30236884,30236891,7
channel-874,292645,30236888,30236894,6
channel-4,166821,30236891,30236922,31
channel-6994,1322895,30236897,30236941,44
channel-251,85153,30236908,30236919,11
channel-874,292646,30236909,30236918,9
channel-6994,1322896,30236912,30236922,10
channel-259,314186,30236920,30236923,3
channel-874,292647,30236941,30236947,6
channel-750,681397,30236944,30236949,5
channel-6994,1322897,30236951,30236984,33
channel-4,166822,30236961,30236981,20
channel-1575,15174,30236976,30236982,6
channel-874,292648,30236981,30236987,6
channel-874,292649,30236989,30236996,7
channel-6994,1322898,30237005,30237043,38
channel-874,292650,30237022,30237027,5
channel-750,681398,30237040,30237050,10
channel-19774,345748,30237044,30237057,13
channel-204,670736,30237045,30237054,9
channel-874,292651,30237059,30237067,8
channel-6994,1322899,30237068,30237101,33
channel-750,681399,30237074,30237084,10
channel-874,292652,30237099,30237108,9
channel-0,4036770,30237102,30237140,38
channel-122,667612,30237109,30237113,4
channel-750,681400,30237112,30237135,23
channel-19774,345749,30237122,30237131,9
channel-874,292653,30237123,30237128,5
channel-6994,1322900,30237129,30237165,36
channel-85077,59249,30237130,30237141,11
channel-0,4036771,30237131,30237140,9
channel-4,166823,30237135,30237159,24
channel-4,166824,30237141,30237159,18
channel-122,667613,30237141,30237143,2
channel-874,292654,30237143,30237148,5
channel-88,467060,30237144,30237160,16
channel-874,292655,30237180,30237186,6
channel-6994,1322901,30237182,30237220,38
channel-85077,59250,30237183,30237190,7
channel-208,1489475,30237201,30237212,11
channel-6994,1322902,30237208,30237221,13
channel-38946,124033,30237211,30237231,20
channel-75,844724,30237217,30237224,7
channel-4,166825,30237237,30237259,22
channel-6994,1322903,30237246,30237290,44
channel-122,667614,30237291,30237301,10
channel-750,681401,30237302,30237306,4
channel-79703,4405,30237305,30237315,10
channel-6994,1322904,30237309,30237343,34
channel-75,844725,30237339,30237343,4
channel-89321,19331,30237339,30237351,12
channel-0,4036772,30237343,30237367,24
channel-1429,140676,30237361,30237373,12
channel-750,681402,30237362,30237374,12
channel-1575,15175,30237363,30237375,12
channel-0,4036773,30237365,30237380,15
channel-78488,242,30237365,30237401,36
channel-6994,1322905,30237368,30237409,41
channel-0,4036774,30237370,30237380,10
channel-750,681403,30237372,30237386,14
channel-0,4036775,30237374,30237384,10
channel-89321,19332,30237375,30237382,7
channel-85077,59251,30237376,30237384,8
channel-750,681404,30237383,30237391,8
channel-0,4036776,30237384,30237409,25
channel-326,537474,30237394,30237400,6
channel-85077,59252,30237410,30237430,20
channel-85077,59253,30237414,30237424,10
channel-85077,59254,30237422,30237440,18
channel-85077,59255,30237424,30237436,12
channel-6994,1322906,30237424,30237479,55
channel-6994,1322907,30237432,30237442,10
channel-75016,4573,30237435,30237458,23
channel-0,4036777,30237453,30237478,25
channel-85077,59256,30237470,30237487,17
channel-874,292656,30237471,30237476,5
channel-874,292657,30237476,30237482,6
channel-6994,1322908,30237481,30237495,14
channel-874,292658,30237492,30237515,23
channel-6994,1322909,30237498,30237537,39
channel-6994,1322910,30237532,30237542,10
channel-94814,3719,30237532,30237542,10
channel-0,4036778,30237535,30237546,11
channel-188,190530,30237555,30237564,9
channel-320,119153,30237556,30237564,8
channel-85077,59257,30237561,30237570,9
channel-6994,1322911,30237562,30237599,37
channel-91017,2735,30237562,30237570,8
channel-0,4036779,30237570,30237599,29
channel-6994,1322912,30237574,30237584,10
channel-208,1489476,30237578,30237589,11
channel-259,314187,30237583,30237588,5
channel-85077,59258,30237586,30237595,9
channel-0,4036780,30237588,30237599,11
channel-6994,1322913,30237622,30237668,46
channel-0,4036781,30237625,30237654,29
channel-85077,59259,30237633,30237655,22
channel-4,166826,30237634,30237657,23
channel-320,119154,30237634,30237644,10
channel-85077,59260,30237642,30237660,18
channel-6994,1322914,30237642,30237654,12
channel-259,314188,30237648,30237653,5
channel-208,1489477,30237656,30237668,12
channel-87,182887,30237672,30237686,14
channel-85077,59261,30237675,30237686,11
channel-122,667615,30237676,30237680,4
channel-0,4036782,30237676,30237688,12
channel-259,314189,30237676,30237682,6
channel-6994,1322915,30237677,30237686,9
channel-0,4036783,30237678,30237700,22
channel-85077,59262,30237679,30237690,11
channel-38946,124034,30237682,30237698,16
channel-122,667616,30237684,30237693,9
channel-6994,1322916,30237684,30237724,40
channel-85077,59263,30237688,30237700,12
channel-85077,59264,30237703,30237712,9
channel-0,4036784,30237719,30237742,23
channel-2186,40747,30237727,30237752,25
channel-320,119155,30237730,30237738,8
channel-320,119156,30237732,30237742,10
channel-85077,59265,30237734,30237743,9
channel-85077,59266,30237741,30237754,13
channel-6994,1322917,30237742,30237754,12
channel-6994,1322918,30237745,30237765,20
channel-6994,1322919,30237747,30237812,65
channel-6994,1322920,30237750,30237794,44
channel-89321,19333,30237751,30237759,8
channel-85077,59267,30237760,30237773,13
channel-85077,59268,30237765,30237779,14
channel-216,94113,30237769,30237775,6
channel-320,119157,30237778,30237794,16
channel-85077,59269,30237789,30237799,10
channel-320,119158,30237791,30237803,12
channel-6994,1322921,30237802,30237812,10
channel-75,844726,30237805,30237813,8
channel-320,119159,30237809,30237820,11
channel-6994,1322922,30237813,30237853,40
channel-85077,59270,30237819,30237828,9
channel-6994,1322923,30237823,30237835,12
channel-320,119160,30237830,30237839,9
channel-208,1489478,30237845,30237858,13
channel-1,408155,30237865,30237876,11
channel-6994,1322924,30237875,30237915,40
channel-0,4036785,30237888,30237897,9
channel-85077,59271,30237902,30237912,10
channel-85077,59272,30237904,30237912,8
channel-750,681405,30237908,30237928,20
channel-216,94114,30237916,30237921,5
channel-412,64442,30237919,30237929,10
channel-0,4036786,30237930,30237938,8
channel-320,119161,30237930,30237951,21
channel-6994,1322925,30237937,30237974,37
channel-85077,59273,30237944,30237953,9
channel-85077,59274,30237951,30237965,14
channel-115,20347,30237952,30237964,12
channel-85077,59275,30237953,30237980,27
channel-0,4036787,30237954,30237980,26
channel-874,292659,30237957,30237963,6
channel-412,64443,30237958,30237968,10
channel-15464,2648,30237958,30237969,11
channel-188,190531,30237959,30237975,16
channel-750,681406,30237959,30237964,5
channel-2186,40748,30237964,30237994,30
channel-874,292660,30237967,30237986,19
channel-750,681407,30237973,30237976,3
channel-0,4036788,30237974,30237984,10
channel-874,292661,30237975,30237984,9
channel-208,1489479,30237983,30237995,12
channel-412,64444,30237991,30238001,10
channel-6994,1322926,30237997,30238034,37
channel-143,128268,30237997,30238014,17
channel-208,1489480,30238014,30238023,9
channel-783,104182,30238015,30238023,8
channel-412,64445,30238019,30238030,11
channel-165,71408,30238019,30238030,11
channel-75016,4574,30238028,30238049,21
channel-750,681408,30238029,30238039,10
channel-0,4036789,30238029,30238054,25
channel-6994,1322927,30238030,30238054,24
channel-2188,43493,30238030,30238035,5
channel-208,1489481,30238030,30238042,12
channel-767,14352,30238035,30238048,13
channel-188,190532,30238035,30238060,25
channel-750,681409,30238035,30238050,15
channel-85077,59276,30238037,30238058,21
channel-2188,43494,30238055,30238060,5
channel-122,667617,30238055,30238059,4
channel-208,1489482,30238055,30238064,9
channel-259,314190,30238055,30238060,5
channel-2186,40749,30238055,30238084,29
channel-750,681410,30238058,30238068,10
channel-6994,1322928,30238059,30238097,38
channel-188,190533,30238066,30238092,26
channel-208,1489483,30238066,30238076,10
channel-208,1489484,30238068,30238076,8
channel-122,667618,30238076,30238080,4
channel-115,20348,30238082,30238094,12
channel-85077,59277,30238083,30238093,10
channel-122,667619,30238103,30238106,3
channel-6994,1322929,30238118,30238156,38
channel-208,1489485,30238124,30238133,9
channel-122,667620,30238131,30238136,5
channel-21113,25286,30238149,30238165,16
channel-750,681411,30238152,30238157,5
channel-6994,1322930,30238153,30238176,23
channel-8,43448,30238156,30238193,37
channel-259,314191,30238172,30238176,4
channel-6994,1322931,30238181,30238222,41
channel-42,1489915,30238182,30238193,11
channel-122,667621,30238190,30238194,4
channel-0,4036790,30238194,30238199,5
channel-6994,1322932,30238195,30238222,27
channel-6994,1322933,30238199,30238261,62
channel-750,681412,30238200,30238211,11
channel-326,537475,30238202,30238212,10
channel-326,537476,30238202,30238212,10
channel-326,537477,30238202,30238212,10
channel-326,537478,30238202,30238212,10
channel-326,537479,30238202,30238212,10
channel-326,537480,30238202,30238212,10
channel-22172,2614,30238206,30238214,8
channel-874,292662,30238215,30238221,6
channel-0,4036791,30238217,30238229,12
channel-6994,1322934,30238231,30238251,20
channel-122,667622,30238237,30238241,4
channel-750,681413,30238240,30238245,5
channel-750,681414,30238243,30238258,15
channel-6994,1322935,30238245,30238280,35
channel-874,292663,30238252,30238258,6
channel-216,94115,30238254,30238261,7
channel-188,190534,30238255,30238310,55
channel-0,4036792,30238257,30238268,11
channel-750,681415,30238259,30238264,5
channel-15464,2649,30238259,30238273,14
channel-208,1489486,30238274,30238284,10
channel-91017,2736,30238284,30238293,9
channel-6994,1322936,30238293,30238309,16
channel-122,667623,30238304,30238308,4
channel-6994,1322937,30238307,30238346,39
channel-122,667624,30238330,30238334,4
channel-0,4036793,30238331,30238341,10
channel-874,292664,30238333,30238339,6
channel-750,681416,30238340,30238350,10
channel-0,4036794,30238345,30238355,10
channel-750,681417,30238347,30238352,5
channel-208,1489487,30238352,30238362,10
channel-85077,59278,30238365,30238374,9
channel-1,408156,30238366,30238404,38
channel-6994,1322938,30238370,30238403,33
channel-750,681418,30238376,30238384,8
channel-874,292665,30238377,30238382,5
channel-88,467061,30238378,30238387,9
channel-750,681419,30238383,30238387,4
channel-750,681420,30238395,30238406,11
channel-750,681421,30238405,30238413,8
channel-143,128269,30238410,30238425,15
channel-326,537481,30238411,30238417,6
channel-874,292666,30238413,30238419,6
channel-20082,9864,30238417,30238429,12
channel-6994,1322939,30238422,30238460,38
channel-874,292667,30238435,30238442,7
channel-0,4036795,30238440,30238448,8
channel-199,132552,30238447,30238458,11
channel-874,292668,30238450,30238455,5
channel-874,292669,30238473,30238480,7
channel-6994,1322940,30238478,30238524,46
channel-874,292670,30238485,30238495,10
channel-6994,1322941,30238486,30238497,11
channel-15464,2650,30238499,30238505,6
channel-782,310044,30238509,30238516,7
channel-782,310045,30238516,30238522,6
channel-874,292671,30238525,30238530,5
channel-6994,1322942,30238527,30238538,11
channel-750,681422,30238528,30238533,5
channel-19774,345750,30238529,30238539,10
channel-782,310046,30238533,30238539,6
channel-6994,1322943,30238543,30238580,37
channel-0,4036796,30238550,30238559,9
channel-874,292672,30238559,30238564,5
channel-4,166827,30238560,30238568,8
channel-326,537482,30238573,30238578,5
channel-208,1489488,30238584,30238594,10
channel-5,184224,30238597,30238608,11
channel-6994,1322944,30238599,30238640,41
channel-874,292673,30238599,30238605,6
channel-750,681423,30238600,30238610,10
channel-184,137358,30238608,30238618,10
channel-76971,12214,30238614,30238632,18
channel-21113,25287,30238626,30238631,5
channel-89321,19334,30238628,30238637,9
channel-0,4036797,30238630,30238643,13
channel-0,4036798,30238637,30238648,11
channel-113,301278,30238640,30238649,9
channel-19774,345751,30238643,30238654,11
channel-85077,59279,30238647,30238658,11
channel-0,4036799,30238654,30238663,9
channel-874,292674,30238655,30238662,7
channel-6994,1322945,30238663,30238705,42
channel-122,667625,30238670,30238675,5
channel-0,4036800,30238671,30238680,9
channel-113,301279,30238680,30238693,13
channel-874,292675,30238695,30238700,5
channel-0,4036801,30238706,30238715,9
channel-750,681424,30238719,30238729,10
channel-6994,1322946,30238726,30238766,40
channel-874,292676,30238734,30238739,5
channel-874,292677,30238749,30238755,6
channel-89321,19335,30238754,30238767,13
channel-208,1489489,30238770,30238780,10
channel-874,292678,30238773,30238780,7
channel-750,681425,30238783,30238798,15
channel-6994,1322947,30238789,30238820,31
channel-874,292679,30238806,30238811,5
channel-5,184225,30238807,30238817,10
channel-38946,124035,30238812,30238823,11
channel-0,4036802,30238816,30238823,7
channel-1,408157,30238823,30238868,45
channel-6994,1322948,30238843,30238881,38
channel-874,292680,30238852,30238858,6
channel-6994,1322949,30238864,30238903,39
channel-0,4036803,30238868,30238877,9
channel-750,681426,30238877,30238890,13
channel-113,301280,30238895,30238906,11
channel-6994,1322950,30238905,30238944,39
channel-208,1489490,30238906,30238919,13
channel-113,301281,30238921,30238942,21
channel-0,4036804,30238941,30238953,12
channel-750,681427,30238943,30238948,5
channel-6994,1322951,30238961,30239002,41
channel-750,681428,30238965,30238968,3
channel-6994,1322952,30238966,30239005,39
channel-113,301282,30238970,30238983,13
channel-85077,59280,30238972,30238999,27
channel-6994,1322953,30238979,30239002,23
channel-750,681429,30238981,30238999,18
channel-0,4036805,30238990,30239001,11
channel-113,301283,30239002,30239010,8
channel-1429,140677,30239012,30239022,10
channel-85077,59281,30239013,30239024,11
channel-0,4036806,30239016,30239024,8
channel-113,301284,30239019,30239030,11
channel-85077,59282,30239020,30239030,10
channel-6994,1322954,30239022,30239059,37
channel-85077,59283,30239030,30239038,8
channel-208,1489491,30239039,30239049,10
channel-0,4036807,30239055,30239064,9
channel-122,667626,30239062,30239065,3
channel-75,844727,30239075,30239083,8
channel-6994,1322955,30239079,30239130,51
channel-85077,59284,30239087,30239100,13
channel-5,184226,30239088,30239096,8
channel-259,314192,30239091,30239097,6
channel-85077,59285,30239094,30239103,9
channel-85077,59286,30239118,30239127,9
channel-85077,59287,30239123,30239135,12
channel-0,4036808,30239123,30239134,11
channel-208,1489492,30239131,30239142,11
channel-122,667627,30239131,30239134,3
channel-85077,59288,30239133,30239145,12
channel-0,4036809,30239136,30239149,13
channel-6994,1322956,30239140,30239177,37
channel-85077,59289,30239153,30239161,8
channel-750,681430,30239157,30239170,13
channel-85077,59290,30239165,30239174,9
channel-85077,59291,30239172,30239190,18
channel-122,667628,30239186,30239190,4
channel-85077,59292,30239186,30239196,10
channel-199,132553,30239200,30239209,9
channel-6994,1322957,30239202,30239237,35
channel-208,1489493,30239204,30239210,6
channel-6994,1322958,30239231,30239242,11
channel-122,667629,30239232,30239235,3
channel-782,310047,30239238,30239246,8
channel-199,132554,30239246,30239257,11
channel-85077,59293,30239253,30239264,11
channel-208,1489494,30239254,30239265,11
channel-6994,1322959,30239254,30239295,41
channel-113,301285,30239259,30239271,12
channel-750,681431,30239266,30239274,8
channel-259,314193,30239266,30239272,6
channel-199,132555,30239275,30239284,9
channel-113,301286,30239280,30239291,11
channel-750,681432,30239294,30239299,5
channel-2,130580,30239297,30239308,11
channel-21113,25288,30239316,30239323,7
channel-6994,1322960,30239325,30239366,41
channel-782,310048,30239361,30239369,8
channel-208,1489495,30239378,30239389,11
channel-6994,1322961,30239385,30239424,39
channel-2494,31870,30239405,30239414,9
channel-208,1489496,30239421,30239433,12
channel-6994,1322962,30239439,30239492,53
channel-113,301287,30239442,30239452,10
channel-782,310049,30239445,30239451,6
channel-259,314194,30239457,30239462,5
channel-750,681433,30239460,30239465,5
channel-320,119162,30239484,30239495,11
channel-113,301288,30239485,30239494,9
channel-6994,1322963,30239503,30239546,43
channel-113,301289,30239505,30239518,13
channel-2,130581,30239506,30239521,15
channel-1,408158,30239506,30239525,19
channel-4,166828,30239506,30239545,39
channel-4,166829,30239520,30239558,38
channel-0,4036810,30239520,30239529,9
channel-2188,43495,30239522,30239526,4
channel-0,4036811,30239522,30239534,12
channel-208,1489497,30239529,30239541,12
channel-1424,7330,30239539,30239548,9
channel-750,681434,30239545,30239561,16
channel-0,4036812,30239551,30239561,10
channel-6994,1322964,30239563,30239601,38
channel-42,1489916,30239564,30239574,10
channel-6994,1322965,30239564,30239601,37
channel-4,166830,30239567,30239616,49
channel-750,681435,30239574,30239588,14
channel-4,166831,30239591,30239616,25
channel-208,1489498,30239613,30239623,10
channel-0,4036813,30239616,30239624,8
channel-782,310050,30239616,30239619,3
channel-6994,1322966,30239622,30239658,36
channel-750,681436,30239643,30239656,13
channel-208,1489499,30239656,30239665,9
channel-0,4036814,30239663,30239676,13
channel-122,667630,30239670,30239673,3
channel-216,94116,30239676,30239681,5
channel-6994,1322967,30239677,30239718,41
channel-557,52044,30239683,30239692,9
channel-208,1489500,30239692,30239705,13
channel-6994,1322968,30239703,30239718,15
channel-0,4036815,30239713,30239722,9
channel-122,667631,30239718,30239722,4
channel-874,292681,30239731,30239737,6
channel-6994,1322969,30239731,30239742,11
channel-6994,1322970,30239738,30239781,43
channel-0,4036816,30239745,30239751,6
channel-6994,1322971,30239757,30239770,13
channel-6994,1322972,30239803,30239845,42
channel-85077,59294,30239804,30239815,11
channel-91017,2737,30239817,30239827,10
channel-91017,2738,30239860,30239869,9
channel-122,667632,30239860,30239864,4
channel-6994,1322973,30239863,30239906,43
channel-0,4036817,30239867,30239873,6
channel-208,1489501,30239870,30239883,13
channel-0,4036818,30239889,30239898,9
channel-6994,1322974,30239889,30239901,12
channel-91017,2739,30239914,30239922,8
channel-6994,1322975,30239922,30239961,39
channel-146,20024,30239926,30239942,16
channel-113,301290,30239979,30239987,8
channel-91017,2740,30239980,30239989,9
channel-6994,1322976,30239984,30240026,42
channel-204,670737,30239996,30240005,9
channel-113,301291,30239997,30240006,9
channel-0,4036819,30240016,30240027,11
channel-146,20025,30240018,30240053,35
channel-0,4036820,30240022,30240029,7
channel-0,4036821,30240038,30240050,12
channel-6994,1322977,30240040,30240091,51
channel-95,331591,30240050,30240066,16
channel-38946,124036,30240055,30240076,21
channel-782,310051,30240055,30240061,6
channel-42,1489917,30240064,30240073,9
channel-750,681437,30240067,30240072,5
channel-0,4036822,30240086,30240095,9
channel-0,4036823,30240093,30240103,10
channel-1429,140678,30240095,30240107,12
channel-6994,1322978,30240101,30240149,48
channel-0,4036824,30240112,30240140,28
channel-750,681438,30240115,30240128,13
channel-1429,140679,30240128,30240138,10
channel-750,681439,30240128,30240148,20
channel-208,1489502,30240133,30240143,10
channel-184,137359,30240146,30240171,25
channel-208,1489503,30240158,30240168,10
channel-750,681440,30240160,30240170,10
channel-6994,1322979,30240171,30240225,54
channel-21113,25289,30240181,30240189,8
channel-91017,2741,30240184,30240192,8
channel-184,137360,30240193,30240202,9
channel-6994,1322980,30240208,30240216,8
channel-6994,1322981,30240230,30240273,43
channel-750,681441,30240237,30240257,20
channel-750,681442,30240243,30240247,4
channel-208,1489504,30240271,30240284,13
channel-6994,1322982,30240273,30240283,10
channel-4,166832,30240278,30240301,23
channel-6994,1322983,30240287,30240329,42
channel-874,292682,30240310,30240315,5
channel-750,681443,30240316,30240331,15
channel-85077,59295,30240332,30240345,13
channel-6994,1322984,30240343,30240357,14
channel-6994,1322985,30240353,30240398,45
channel-6994,1322986,30240360,30240369,9
channel-4,166833,30240362,30240391,29
channel-5,184227,30240373,30240384,11
channel-4,166834,30240383,30240423,40
channel-1,408159,30240390,30240402,12
channel-782,310052,30240394,30240399,5
channel-199,132556,30240407,30240415,8
channel-4,166835,30240410,30240459,49
channel-6994,1322987,30240415,30240447,32
channel-1,408160,30240415,30240434,19
channel-0,4036825,30240443,30240455,12
channel-6994,1322988,30240444,30240458,14
channel-5,184228,30240454,30240621,167
channel-0,4036826,30240461,30240475,14
channel-6994,1322989,30240472,30240512,40
channel-6994,1322990,30240475,30240488,13
channel-750,681444,30240506,30240521,15
channel-0,4036827,30240522,30240542,20
channel-6994,1322991,30240530,30240570,40
channel-5,184229,30240537,30240549,12
channel-85077,59296,30240538,30240551,13
channel-750,681445,30240547,30240552,5
channel-0,4036828,30240552,30240569,17
channel-6994,1322992,30240556,30240566,10
channel-2188,43496,30240585,30240591,6
channel-6994,1322993,30240599,30240635,36
channel-0,4036829,30240611,30240634,23
channel-874,292683,30240618,30240624,6
channel-75,844728,30240643,30240651,8
channel-0,4036830,30240646,30240658,12
channel-0,4036831,30240650,30240666,16
channel-750,681446,30240650,30240669,19
channel-6994,1322994,30240657,30240700,43
channel-2186,40750,30240668,30240680,12
channel-6994,1322995,30240674,30240690,16
channel-75,844729,30240674,30240681,7
channel-4,166836,30240676,30240684,8
channel-0,4036832,30240680,30240700,20
channel-75,844730,30240683,30240691,8
channel-19774,345752,30240686,30240698,12
channel-6994,1322996,30240695,30240700,5
channel-42,1489918,30240695,30240704,9
channel-4,166837,30240698,30240735,37
channel-0,4036833,30240711,30240719,8
channel-6994,1322997,30240712,30240753,41
channel-122,667633,30240713,30240717,4
channel-6994,1322998,30240721,30240758,37
channel-85791,3723,30240729,30240735,6
channel-0,4036834,30240730,30240752,22
channel-0,4036835,30240733,30240743,10
channel-750,681447,30240744,30240759,15
channel-750,681448,30240744,30240754,10
channel-0,4036836,30240746,30240755,9
channel-204,670739,30240752,30240764,12
channel-874,292684,30240755,30240762,7
channel-750,681449,30240755,30240767,12
channel-122,667634,30240756,30240760,4
channel-0,4036837,30240768,30240787,19
channel-6994,1322999,30240770,30240806,36
channel-208,1489505,30240771,30240779,8
channel-0,4036838,30240776,30240781,5
channel-251,85154,30240778,30240787,9
channel-85791,3724,30240779,30240785,6
channel-251,85155,30240789,30240800,11
channel-4,166838,30240790,30240830,40
channel-750,681450,30240794,30240800,6
channel-6994,1323000,30240795,30240811,16
channel-0,4036839,30240799,30240817,18
channel-0,4036840,30240806,30240817,11
channel-122,667635,30240806,30240810,4
channel-251,85156,30240810,30240817,7
channel-750,681451,30240813,30240827,14
channel-0,4036841,30240813,30240822,9
channel-89298,18573,30240815,30240826,11
channel-1,408161,30240819,30240831,12
channel-89321,19336,30240821,30240855,34
channel-122,667636,30240822,30240826,4
channel-6994,1323001,30240827,30240881,54
channel-122,667637,30240829,30240838,9
channel-0,4036842,30240833,30240842,9
channel-0,4036843,30240834,30240847,13
channel-1,408162,30240834,30240870,36
channel-216,94117,30240841,30240846,5
channel-0,4036844,30240841,30240852,11
channel-750,681452,30240842,30240853,11
channel-122,667638,30240871,30240876,5
channel-91017,2742,30240874,30240881,7
channel-19774,345753,30240874,30240878,4
channel-6994,1323002,30240883,30240933,50
channel-2186,40751,30240891,30240904,13
channel-6994,1323003,30240903,30240916,13
channel-0,4036845,30240904,30240917,13
channel-0,4036846,30240910,30240933,23
channel-0,4036847,30240911,30240937,26
channel-750,681453,30240925,30240937,12
channel-0,4036848,30240942,30240961,19
channel-5,184230,30240948,30240956,8
channel-94814,3720,30240957,30240966,9
channel-750,681454,30240966,30240981,15
channel-6994,1323004,30240974,30241010,36
channel-522,40416,30240997,30241011,14
channel-0,4036849,30241005,30241018,13
channel-1,408163,30241007,30241026,19
channel-115,20349,30241015,30241026,11
channel-85077,59297,30241016,30241025,9
channel-0,4036850,30241019,30241029,10
channel-750,681455,30241022,30241026,4
channel-6994,1323005,30241031,30241244,213
channel-85077,59298,30241033,30241042,9
channel-6994,1323006,30241034,30241071,37
channel-0,4036851,30241037,30241059,22
channel-85077,59299,30241043,30241052,9
channel-0,4036852,30241069,30241075,6
channel-750,681456,30241071,30241075,4
channel-0,4036853,30241072,30241083,11
channel-0,4036854,30241080,30241092,12
channel-85077,59300,30241081,30241091,10
channel-122,667639,30241082,30241086,4
channel-0,4036855,30241088,30241112,24
channel-6994,1323007,30241093,30241129,36
channel-2188,43497,30241094,30241099,5
channel-0,4036856,30241096,30241107,11
channel-208,1489506,30241099,30241108,9
channel-85077,59301,30241109,30241119,10
channel-750,681457,30241112,30241126,14
channel-72,516393,30241125,30241152,27
channel-85077,59302,30241133,30241144,11
channel-122,667640,30241141,30241150,9
channel-750,681458,30241144,30241159,15
channel-6994,1323008,30241151,30241192,41
channel-216,94118,30241170,30241175,5
channel-0,4036857,30241176,30241186,10
channel-208,1489507,30241188,30241198,10
channel-326,537483,30241189,30241194,5
channel-0,4036858,30241205,30241214,9
channel-85077,59303,30241209,30241220,11
channel-750,681459,30241217,30241227,10
channel-75,844731,30241237,30241243,6
channel-208,1489508,30241242,30241257,15
channel-0,4036859,30241242,30241254,12
channel-782,310053,30241254,30241259,5
channel-85077,59304,30241254,30241262,8
channel-6994,1323009,30241265,30241310,45
channel-2,130582,30241269,30241278,9
channel-1429,140680,30241271,30241280,9
channel-122,667641,30241272,30241276,4
channel-750,681460,30241273,30241281,8
channel-750,681461,30241274,30241285,11
channel-750,681462,30241276,30241292,16
channel-782,310054,30241279,30241284,5
channel-38946,124037,30241281,30241300,19
channel-85077,59305,30241287,30241297,10
channel-782,310055,30241290,30241294,4
channel-0,4036860,30241297,30241307,10
channel-1429,140681,30241321,30241331,10
channel-782,310056,30241321,30241326,5
channel-6787,166603,30241336,30241340,4
channel-750,681463,30241349,30241360,11
channel-782,310057,30241352,30241355,3
channel-750,681464,30241353,30241357,4
channel-0,4036861,30241356,30241367,11
channel-85077,59306,30241357,30241365,8
channel-642,126482,30241357,30241437,80
channel-1,408164,30241359,30241392,33
channel-208,1489509,30241360,30241373,13
channel-85077,59307,30241366,30241376,10
channel-783,104183,30241368,30241373,5
channel-122,667642,30241370,30241374,4
channel-72,516394,30241383,30241421,38
channel-326,537484,30241394,30241402,8
channel-75,844732,30241418,30241427,9
channel-750,681465,30241419,30241433,14
channel-750,681466,30241420,30241432,12
channel-412,64446,30241422,30241433,11
channel-85077,59308,30241424,30241432,8
channel-0,4036862,30241440,30241450,10
channel-75,844733,30241450,30241459,9
channel-19774,345754,30241462,30241475,13
channel-0,4036863,30241477,30241502,25
channel-750,681467,30241490,30241500,10
channel-6994,1323010,30241500,30241510,10
channel-0,4036864,30241519,30241530,11
channel-0,4036865,30241524,30241538,14
channel-75,844734,30241538,30241544,6
channel-874,292685,30241560,30241574,14
channel-85077,59309,30241562,30241568,6
channel-94814,3721,30241563,30241569,6
channel-750,681468,30241563,30241574,11
channel-0,4036866,30241566,30241578,12
channel-6994,1323011,30241566,30241576,10
channel-85077,59310,30241568,30241574,6
channel-199,132557,30241582,30241594,12
channel-208,1489510,30241595,30241608,13
channel-6994,1323012,30241598,30241613,15
channel-2188,43498,30241600,30241605,5
channel-2494,31871,30241602,30241611,9
channel-85077,59311,30241608,30241618,10
channel-94814,3722,30241624,30241638,14
channel-1,408165,30241627,30241642,15
channel-165,71409,30241647,30241656,9
channel-75,844735,30241647,30241657,10
channel-6994,1323013,30241669,30241684,15
channel-0,4036867,30241669,30241680,11
channel-75,844736,30241673,30241687,14
channel-1,408166,30241689,30241722,33
channel-750,681469,30241693,30241699,6
channel-85077,59312,30241706,30241715,9
channel-85077,59313,30241712,30241721,9
channel-0,4036868,30241728,30241737,9
channel-0,4036869,30241754,30241766,12
channel-97998,46,30241758,30241763,5
channel-199,132558,30241760,30241771,11
channel-6994,1323014,30241793,30241809,16
channel-75,844737,30241801,30241807,6
channel-2188,43499,30241817,30241822,5
channel-0,4036870,30241827,30241835,8
channel-6994,1323015,30241850,30241861,11
channel-122,667643,30241861,30241864,3
channel-0,4036871,30241895,30241906,11
channel-6787,166604,30241903,30241905,2
channel-0,4036872,30241905,30241928,23
channel-2188,43500,30241906,30241911,5
channel-4,166839,30241917,30241954,37
channel-85077,59314,30241920,30241929,9
channel-6994,1323016,30241925,30241937,12
channel-0,4036873,30241936,30241948,12
channel-6994,1323017,30241948,30241958,10
channel-19774,345755,30241984,30241996,12
channel-75,844738,30242001,30242007,6
channel-6787,166605,30242002,30242005,3
channel-750,681470,30242003,30242007,4
channel-85077,59315,30242006,30242032,26
channel-750,681471,30242006,30242010,4
channel-6994,1323018,30242007,30242021,14
channel-259,314195,30242009,30242015,6
channel-6994,1323019,30242025,30242036,11
channel-0,4036874,30242029,30242039,10
channel-2188,43501,30242029,30242034,5
channel-6994,1323020,30242032,30242049,17
channel-19774,345756,30242036,30242046,10
channel-0,4036875,30242038,30242049,11
channel-782,310059,30242043,30242049,6
channel-199,132559,30242047,30242057,10
channel-2186,40752,30242061,30242074,13
channel-6787,166606,30242064,30242069,5
channel-85077,59316,30242064,30242075,11
channel-208,1489511,30242065,30242075,10
channel-85077,59317,30242077,30242087,10
channel-6994,1323021,30242080,30242090,10
channel-6787,166607,30242086,30242090,4
channel-73755,5824,30242098,30242107,9
channel-6994,1323022,30242130,30242141,11
channel-208,1489512,30242134,30242144,10
channel-89298,18574,30242135,30242147,12
channel-750,681472,30242137,30242143,6
channel-874,292686,30242167,30242172,5
channel-122,667644,30242181,30242185,4
channel-38946,124038,30242227,30242239,12
channel-6994,1323023,30242252,30242264,12
channel-0,4036876,30242261,30242272,11
channel-0,4036877,30242278,30242292,14
channel-0,4036878,30242305,30242317,12
channel-8945,17737,30242317,30242344,27
channel-75,844739,30242322,30242328,6
channel-0,4036879,30242343,30242352,9
channel-42,1489919,30242361,30242372,11
channel-750,681473,30242364,30242368,4
channel-4,166840,30242365,30242389,24
channel-2,130583,30242387,30242396,9
channel-208,1489513,30242389,30242401,12
channel-79703,4406,30242396,30242409,13
channel-122,667645,30242413,30242416,3
channel-5,184231,30242416,30242427,11
channel-6994,1323024,30242423,30242432,9
channel-0,4036880,30242425,30242432,7
channel-0,4036881,30242431,30242442,11
channel-492,20107,30242432,30242444,12
channel-19774,345757,30242436,30242448,12
channel-1575,15176,30242440,30242448,8
channel-143,128270,30242445,30242460,15
channel-0,4036882,30242463,30242476,13
channel-326,537485,30242483,30242489,6
channel-750,681474,30242496,30242512,16
channel-0,4036883,30242498,30242507,9
channel-782,310061,30242501,30242507,6
channel-8945,17738,30242525,30242535,10
channel-85077,59318,30242562,30242571,9
channel-6994,1323025,30242566,30242578,12
channel-6787,166608,30242575,30242580,5
channel-874,292687,30242577,30242584,7
channel-165,71410,30242609,30242618,9
channel-85077,59319,30242618,30242626,8
channel-6994,1323026,30242620,30242645,25
channel-0,4036884,30242625,30242633,8
channel-750,681475,30242627,30242633,6
channel-122,667646,30242666,30242669,3
channel-0,4036885,30242667,30242678,11
channel-89321,19337,30242667,30242690,23
channel-85077,59320,30242671,30242684,13
channel-91017,2743,30242675,30242682,7
channel-0,4036886,30242681,30242691,10
channel-6994,1323027,30242686,30242698,12
channel-750,681476,30242687,30242691,4
channel-750,681477,30242695,30242700,5
channel-6994,1323028,30242712,30242749,37
channel-6994,1323029,30242713,30242722,9
channel-94814,3723,30242737,30242745,8
channel-0,4036887,30242743,30242754,11
channel-750,681478,30242753,30242766,13
channel-412,64447,30242786,30242797,11
channel-6994,1323030,30242794,30242832,38
channel-6994,1323031,30242803,30242813,10
channel-0,4036888,30242805,30242813,8
channel-750,681479,30242821,30242826,5
channel-5,184232,30242822,30242834,12
channel-0,4036889,30242822,30242831,9
channel-251,85157,30242836,30242847,11
channel-874,292688,30242842,30242848,6
channel-208,1489514,30242843,30242854,11
channel-0,4036890,30242848,30242858,10
channel-94814,3724,30242849,30242857,8
channel-6994,1323032,30242857,30242890,33
channel-208,1489515,30242861,30242870,9
channel-750,681480,30242863,30242871,8
channel-5,184233,30242867,30242879,12
channel-85077,59321,30242874,30242882,8
channel-199,132560,30242898,30242908,10
channel-199,132561,30242904,30242912,8
channel-0,4036891,30242915,30242926,11
channel-6994,1323033,30242918,30242957,39
channel-0,4036892,30242927,30242938,11
channel-750,681481,30242939,30242944,5
channel-750,681482,30242956,30242978,22
channel-47,198635,30242968,30242981,13
channel-94814,3725,30242968,30242981,13
channel-2494,31872,30242971,30242981,10
channel-85077,59322,30242977,30242987,10
channel-85077,59323,30242979,30242993,14
channel-143,128271,30242983,30243022,39
channel-85077,59324,30242985,30242993,8
channel-750,681483,30242998,30243002,4
channel-0,4036893,30243005,30243017,12
channel-782,310062,30243014,30243020,6
channel-6994,1323034,30243016,30243029,13
channel-0,4036894,30243018,30243025,7
channel-188,190535,30243024,30243036,12
channel-0,4036895,30243040,30243051,11
channel-781,11378,30243044,30243051,7
channel-85077,59325,30243045,30243071,26
channel-0,4036896,30243048,30243063,15
channel-208,1489516,30243054,30243065,11
channel-783,104184,30243054,30243060,6
channel-750,681484,30243057,30243064,7
channel-522,40417,30243064,30243073,9
channel-251,85158,30243066,30243075,9
channel-85077,59326,30243067,30243076,9
channel-0,4036897,30243069,30243079,10
channel-208,1489517,30243072,30243083,11
channel-0,4036898,30243075,30243084,9
channel-6994,1323035,30243081,30243095,14
channel-6994,1323036,30243091,30243138,47
channel-0,4036899,30243094,30243104,10
channel-85791,3725,30243109,30243119,10
channel-94814,3726,30243119,30243127,8
channel-0,4036900,30243119,30243127,8
channel-122,667649,30243121,30243124,3
channel-0,4036901,30243128,30243139,11
channel-6994,1323037,30243132,30243143,11
channel-91017,2744,30243137,30243145,8
channel-6994,1323038,30243164,30243184,20
channel-85791,3726,30243175,30243185,10
channel-6994,1323039,30243178,30243188,10
channel-6897,5630,30243191,30243200,9
channel-5,184234,30243205,30243363,158
channel-6994,1323040,30243205,30243233,28
channel-85077,59327,30243209,30243217,8
channel-5,184235,30243225,30243237,12
channel-1,408167,30243225,30243245,20
channel-79703,4407,30243239,30243254,15
channel-122,667650,30243245,30243249,4
channel-0,4036902,30243253,30243265,12
channel-750,681485,30243253,30243258,5
channel-6994,1323041,30243258,30243274,16
channel-122,667651,30243266,30243270,4
channel-6994,1323042,30243285,30243299,14
channel-85077,59328,30243309,30243318,9
channel-782,310063,30243309,30243315,6
channel-5,184236,30243321,30243329,8
channel-0,4036903,30243323,30243332,9
channel-0,4036904,30243328,30243337,9
channel-750,681486,30243339,30243352,13
channel-75,844740,30243350,30243359,9
channel-0,4036905,30243357,30243361,4
channel-0,4036906,30243361,30243372,11
channel-143,128272,30243368,30243377,9
channel-750,681487,30243393,30243405,12
channel-85077,59329,30243405,30243418,13
channel-85077,59330,30243409,30243431,22
channel-6994,1323043,30243410,30243436,26
channel-85077,59331,30243410,30243421,11
channel-0,4036907,30243421,30243436,15
channel-0,4036908,30243432,30243440,8
channel-1,408168,30243436,30243463,27
channel-326,537486,30243447,30243462,15
channel-1,408169,30243483,30243499,16
channel-208,1489518,30243484,30243493,9
channel-91017,2745,30243490,30243499,9
channel-115,20350,30243490,30243500,10
channel-0,4036909,30243493,30243503,10
channel-750,681488,30243493,30243503,10
channel-0,4036910,30243524,30243534,10
channel-89298,18575,30243541,30243552,11
channel-19774,345758,30243546,30243555,9
channel-0,4036911,30243557,30243566,9
channel-6994,1323044,30243560,30243571,11
channel-0,4036912,30243563,30243574,11
channel-0,4036913,30243591,30243604,13
channel-0,4036914,30243612,30243623,11
channel-115,20351,30243619,30243628,9
channel-20082,9865,30243638,30243645,7
channel-492,20108,30243649,30243656,7
channel-750,681489,30243657,30243672,15
channel-750,681490,30243668,30243673,5
channel-0,4036915,30243669,30243680,11
channel-208,1489519,30243703,30243716,13
channel-0,4036916,30243703,30243712,9
channel-0,4036917,30243715,30243728,13
channel-208,1489520,30243728,30243738,10
channel-122,667652,30243740,30243743,3
channel-115,20352,30243743,30243754,11
channel-5,184237,30243790,30243801,11
channel-750,681491,30243797,30243817,20
channel-750,681492,30243818,30243837,19
channel-0,4036918,30243819,30243828,9
channel-522,40418,30243828,30243839,11
channel-750,681493,30243866,30243904,38
channel-0,4036919,30243872,30243883,11
channel-750,681494,30243883,30243903,20
channel-750,681495,30243897,30243903,6
channel-85186,854,30243907,30243915,8
channel-0,4036920,30243910,30243921,11
channel-0,4036921,30243910,30243921,11
channel-0,4036922,30243925,30243934,9
channel-6994,1323045,30243927,30243961,34
channel-0,4036923,30243945,30243957,12
channel-6994,1323046,30243950,30243961,11
channel-874,292689,30243963,30243968,5
channel-208,1489521,30243982,30243992,10
channel-767,14353,30243992,30244003,11
channel-767,14354,30244008,30244021,13
channel-0,4036924,30244016,30244028,12
channel-94814,3727,30244041,30244052,11
channel-6994,1323047,30244063,30244076,13
channel-0,4036925,30244074,30244083,9
channel-1424,7331,30244097,30244106,9
channel-113,301292,30244124,30244136,12
channel-6994,1323048,30244126,30244140,14
channel-208,1489522,30244127,30244136,9
channel-0,4036926,30244149,30244162,13
channel-75,844741,30244160,30244167,7
channel-0,4036927,30244163,30244172,9
channel-208,1489523,30244175,30244185,10
channel-1424,7332,30244191,30244201,10
channel-85077,59332,30244193,30244203,10
channel-208,1489524,30244196,30244205,9
channel-208,1489525,30244198,30244210,12
channel-750,681496,30244221,30244233,12
channel-94814,3728,30244227,30244243,16
channel-6994,1323049,30244234,30244253,19
channel-4,166841,30244248,30244277,29
channel-6994,1323050,30244273,30244287,14
channel-642,126483,30244285,30244392,107
channel-6994,1323051,30244287,30244303,16
channel-0,4036928,30244312,30244321,9
channel-6994,1323052,30244319,30244330,11
channel-0,4036929,30244333,30244342,9
channel-874,292690,30244336,30244346,10
channel-0,4036930,30244338,30244353,15
channel-782,310064,30244338,30244346,8
channel-19774,345759,30244356,30244365,9
channel-0,4036931,30244366,30244378,12
channel-2188,43502,30244380,30244385,5
channel-208,1489526,30244401,30244415,14
channel-75,844742,30244422,30244428,6
channel-0,4036932,30244424,30244436,12
channel-0,4036933,30244427,30244437,10
channel-113,301293,30244429,30244438,9
channel-382,632,30244436,30244450,14
channel-2188,43503,30244439,30244443,4
channel-85791,3727,30244450,30244459,9
channel-0,4036934,30244467,30244479,12
channel-1,408170,30244471,30244490,19
channel-750,681497,30244475,30244484,9
channel-6994,1323053,30244513,30244521,8
channel-229,55002,30244513,30244517,4
channel-208,1489527,30244522,30244531,9
channel-1424,7333,30244543,30244554,11
channel-199,132562,30244552,30244562,10
channel-6994,1323054,30244575,30244588,13
channel-122,667653,30244591,30244594,3
channel-0,4036935,30244607,30244617,10
channel-122,667654,30244608,30244611,3
channel-0,4036936,30244632,30244639,7
channel-0,4036937,30244637,30244648,11
channel-85791,3728,30244648,30244654,6
channel-94814,3729,30244689,30244698,9
channel-6994,1323055,30244697,30244711,14
channel-0,4036938,30244697,30244708,11
channel-874,292691,30244719,30244729,10
channel-750,681498,30244741,30244745,4
channel-97998,47,30244742,30244747,5
channel-6787,166609,30244743,30244747,4
channel-750,681499,30244745,30244749,4
channel-782,310065,30244746,30244751,5
channel-874,292692,30244749,30244758,9
channel-340,3154,30244766,30244774,8
channel-113,301294,30244770,30244790,20
channel-326,537487,30244773,30244785,12
channel-19774,345760,30244800,30244810,10
channel-750,681500,30244806,30244816,10
channel-5,184238,30244809,30244817,8
channel-783,104185,30244811,30244817,6
channel-0,4036939,30244816,30244825,9
channel-750,681501,30244816,30244821,5
channel-85791,3729,30244821,30244827,6
channel-82,18946,30244822,30244843,21
channel-0,4036940,30244827,30244840,13
channel-122,667655,30244829,30244833,4
channel-85077,59333,30244831,30244840,9
channel-750,681502,30244831,30244850,19
channel-0,4036941,30244840,30244850,10
channel-85077,59334,30244856,30244870,14
channel-85077,59335,30244856,30244868,12
channel-0,4036942,30244863,30244874,11
channel-340,3155,30244872,30244882,10
channel-85077,59336,30244876,30244885,9
channel-0,4036943,30244880,30244889,9
channel-188,190536,30244882,30244898,16
channel-6994,1323056,30244896,30244908,12
channel-0,4036944,30244900,30244909,9
channel-85077,59337,30244903,30244919,16
channel-326,537488,30244903,30244920,17
channel-0,4036945,30244908,30244919,11
channel-113,301295,30244908,30244925,17
channel-783,104186,30244924,30244932,8
channel-6994,1323057,30244924,30244944,20
channel-85077,59338,30244932,30244943,11
channel-6994,1323058,30244934,30244942,8
channel-165,71411,30244936,30244943,7
channel-0,4036946,30244939,30244948,9
channel-85791,3730,30244942,30244947,5
channel-0,4036947,30244954,30244966,12
channel-783,104187,30244957,30245006,49
channel-0,4036948,30244975,30244986,11
channel-340,3156,30244991,30245000,9
channel-2494,31873,30245012,30245021,9
channel-750,681503,30245013,30245025,12
channel-6994,1323059,30245014,30245022,8
channel-750,681504,30245023,30245035,12
channel-85791,3731,30245041,30245049,8
channel-874,292693,30245053,30245059,6
channel-85077,59339,30245060,30245069,9
channel-340,3157,30245068,30245077,9
channel-6994,1323060,30245071,30245081,10
channel-208,1489528,30245072,30245083,11
channel-85077,59340,30245077,30245086,9
channel-232,49187,30245084,30245093,9
channel-0,4036949,30245092,30245102,10
channel-89298,18576,30245095,30245106,11
channel-0,4036950,30245098,30245119,21
channel-1,408171,30245099,30245123,24
channel-750,681505,30245103,30245122,19
channel-113,301296,30245111,30245119,8
channel-0,4036951,30245112,30245122,10
channel-165,71412,30245112,30245147,35
channel-750,681506,30245125,30245136,11
channel-89321,19338,30245127,30245139,12
channel-0,4036952,30245129,30245139,10
channel-874,292694,30245152,30245162,10
channel-199,132563,30245159,30245168,9
channel-122,667656,30245160,30245164,4
channel-2188,43504,30245196,30245200,4
channel-1424,7334,30245209,30245221,12
channel-21113,25290,30245211,30245225,14
channel-122,667657,30245214,30245217,3
channel-750,681507,30245216,30245230,14
channel-232,49188,30245255,30245268,13
channel-0,4036953,30245259,30245272,13
channel-6994,1323061,30245264,30245281,17
channel-750,681508,30245273,30245289,16
channel-75,844743,30245278,30245285,7
channel-750,681509,30245282,30245287,5
channel-750,681510,30245292,30245315,23
channel-115,20353,30245301,30245310,9
channel-874,292695,30245311,30245322,11
channel-750,681511,30245314,30245329,15
channel-0,4036954,30245317,30245325,8
channel-0,4036955,30245352,30245362,10
channel-750,681512,30245355,30245363,8
channel-2188,43505,30245427,30245433,6
channel-85077,59341,30245427,30245436,9
channel-0,4036956,30245432,30245439,7
channel-6994,1323062,30245439,30245451,12
channel-0,4036957,30245440,30245451,11
channel-208,1489529,30245443,30245454,11
channel-750,681513,30245453,30245458,5
channel-0,4036958,30245496,30245505,9
channel-0,4036959,30245503,30245515,12
channel-143,128273,30245510,30245524,14
channel-208,1489530,30245512,30245523,11
channel-750,681514,30245517,30245522,5
channel-6994,1323063,30245529,30245543,14
channel-85077,59342,30245538,30245548,10
channel-85077,59343,30245540,30245550,10
channel-750,681515,30245549,30245553,4
channel-750,681516,30245551,30245565,14
channel-85077,59344,30245557,30245566,9
channel-1,408172,30245565,30245587,22
channel-750,681517,30245565,30245581,16
channel-38946,124039,30245568,30245579,11
channel-216,94119,30245582,30245586,4
channel-0,4036960,30245588,30245600,12
channel-750,681518,30245591,30245597,6
channel-1,408173,30245613,30245643,30
channel-208,1489531,30245618,30245629,11
channel-73755,5825,30245636,30245643,7
channel-1,408174,30245642,30245651,9
channel-750,681519,30245642,30245647,5
channel-6994,1323064,30245647,30245660,13
channel-0,4036961,30245672,30245680,8
channel-89321,19339,30245695,30245703,8
channel-750,681520,30245723,30245738,15
channel-6994,1323065,30245768,30245778,10
channel-750,681521,30245780,30245799,19
channel-6994,1323066,30245789,30245800,11
channel-6994,1323067,30245790,30245800,10
channel-89321,19340,30245800,30245808,8
channel-208,1489532,30245803,30245813,10
channel-251,85159,30245805,30245816,11
channel-208,1489533,30245806,30245819,13
channel-6994,1323068,30245813,30245825,12
channel-251,85160,30245814,30245824,10
channel-6994,1323069,30245817,30245835,18
channel-89321,19341,30245821,30245833,12
channel-208,1489534,30245837,30245849,12
channel-208,1489535,30245863,30245871,8
channel-6994,1323070,30245864,30245873,9
channel-89321,19342,30245871,30245883,12
channel-251,85161,30245883,30245894,11
channel-0,4036962,30245934,30245944,10
channel-750,681522,30245935,30245950,15
channel-750,681523,30245935,30245950,15
channel-0,4036963,30245942,30245955,13
channel-4,166842,30245950,30245970,20
channel-6994,1323071,30245953,30245974,21
channel-0,4036964,30245993,30246002,9
channel-5,184239,30245997,30246138,141
channel-5,184240,30246016,30246024,8
channel-6994,1323072,30246017,30246025,8
channel-5,184241,30246029,30246036,7
channel-94814,3730,30246035,30246046,11
channel-6994,1323073,30246061,30246071,10
channel-5,184242,30246066,30246073,7
channel-750,681524,30246080,30246093,13
channel-5,184243,30246090,30246098,8
channel-208,1489536,30246105,30246116,11
channel-5,184244,30246107,30246116,9
channel-75755,5532,30246123,30246136,13
channel-5,184245,30246155,30246164,9
channel-0,4036965,30246170,30246178,8
channel-208,1489537,30246184,30246196,12
channel-0,4036966,30246260,30246270,10
channel-38946,124040,30246271,30246286,15
channel-75,844744,30246285,30246291,6
channel-0,4036967,30246286,30246295,9
channel-750,681525,30246298,30246309,11
channel-0,4036968,30246309,30246318,9
channel-750,681526,30246315,30246320,5
channel-75,844745,30246325,30246331,6
channel-6994,1323074,30246330,30246344,14
channel-6994,1323075,30246332,30246344,12
channel-208,1489538,30246347,30246357,10
channel-750,681527,30246371,30246375,4
channel-5,184246,30246371,30246382,11
channel-6787,166610,30246375,30246380,5
channel-6994,1323076,30246377,30246389,12
channel-0,4036969,30246386,30246398,12
channel-75,844746,30246398,30246404,6
channel-1,408175,30246412,30246425,13
channel-88,467062,30246429,30246441,12
channel-522,40419,30246444,30246456,12
channel-208,1489539,30246452,30246464,12
channel-874,292696,30246461,30246466,5
channel-208,1489540,30246488,30246498,10
channel-750,681528,30246501,30246507,6
channel-6994,1323077,30246502,30246530,28
channel-6994,1323078,30246503,30246515,12
channel-874,292697,30246517,30246524,7
channel-208,1489541,30246519,30246533,14
channel-122,667658,30246533,30246537,4
channel-122,667659,30246537,30246541,4
channel-6994,1323079,30246546,30246560,14
channel-204,670740,30246550,30246562,12
channel-75,844747,30246558,30246565,7
channel-750,681529,30246560,30246564,4
channel-0,4036970,30246564,30246576,12
channel-6994,1323080,30246582,30246594,12
channel-89321,19343,30246583,30246594,11
channel-874,292698,30246602,30246611,9
channel-85077,59345,30246612,30246621,9
channel-0,4036971,30246642,30246655,13
channel-6994,1323081,30246642,30246656,14
channel-874,292699,30246647,30246653,6
channel-1,408176,30246648,30246682,34
channel-75,844748,30246653,30246661,8
channel-0,4036972,30246666,30246676,10
channel-199,132564,30246669,30246676,7
channel-6994,1323082,30246672,30246682,10
channel-0,4036973,30246681,30246691,10
channel-199,132565,30246682,30246690,8
channel-85077,59346,30246683,30246691,8
channel-216,94120,30246685,30246689,4
channel-75,844749,30246690,30246697,7
channel-874,292700,30246696,30246707,11
channel-874,292701,30246702,30246708,6
channel-85077,59347,30246707,30246719,12
channel-91017,2746,30246717,30246725,8
channel-216,94121,30246719,30246723,4
channel-88,467063,30246727,30246742,15
channel-750,681530,30246730,30246742,12
channel-874,292702,30246745,30246750,5
channel-6787,166611,30246748,30246752,4
channel-6994,1323083,30246753,30246770,17
channel-89321,19344,30246754,30246763,9
channel-216,94122,30246758,30246762,4
channel-89321,19345,30246769,30246783,14
channel-85791,3732,30246781,30246791,10
channel-6994,1323084,30246781,30246790,9
channel-85077,59348,30246781,30246791,10
channel-85791,3733,30246803,30246809,6
channel-251,85162,30246814,30246828,14
channel-89321,19346,30246817,30246825,8
channel-0,4036974,30246839,30246851,12
channel-216,94123,30246839,30246846,7
channel-208,1489542,30246870,30246881,11
channel-0,4036975,30246871,30246877,6
channel-0,4036976,30246917,30246929,12
channel-6994,1323085,30246921,30246933,12
channel-122,667660,30246935,30246938,3
channel-216,94124,30246980,30246984,4
channel-0,4036977,30246982,30246994,12
channel-6994,1323086,30247010,30247024,14
channel-0,4036978,30247010,30247021,11
channel-208,1489543,30247014,30247026,12
channel-6994,1323087,30247029,30247039,10
channel-0,4036979,30247032,30247042,10
channel-750,681531,30247036,30247061,25
channel-340,3158,30247039,30247048,9
channel-782,310066,30247066,30247071,5
channel-0,4036980,30247072,30247096,24
channel-0,4036981,30247072,30247085,13
channel-0,4036982,30247077,30247091,14
channel-91017,2747,30247082,30247091,9
channel-750,681532,30247083,30247096,13
channel-42,1489920,30247088,30247096,8
channel-6994,1323088,30247099,30247114,15
channel-0,4036983,30247123,30247134,11
channel-75,844750,30247128,30247139,11
channel-85077,59349,30247140,30247150,10
channel-208,1489544,30247140,30247151,11
channel-75,844751,30247149,30247155,6
channel-0,4036984,30247154,30247164,10
channel-19774,345761,30247155,30247168,13
channel-750,681533,30247162,30247179,17
channel-208,1489545,30247168,30247180,12
channel-0,4036985,30247185,30247194,9
channel-750,681534,30247191,30247203,12
channel-85077,59350,30247194,30247200,6
channel-76971,12215,30247200,30247223,23
channel-122,667661,30247215,30247219,4
channel-6994,1323089,30247217,30247229,12
channel-184,137361,30247226,30247237,11
channel-122,667662,30247228,30247232,4
channel-750,681535,30247243,30247255,12
channel-122,667663,30247249,30247253,4
channel-326,537489,30247249,30247262,13
channel-122,667664,30247261,30247264,3
channel-0,4036986,30247281,30247292,11
channel-0,4036987,30247290,30247299,9
channel-122,667665,30247290,30247293,3
channel-8,43449,30247311,30247331,20
channel-21113,25291,30247335,30247344,9
channel-0,4036988,30247339,30247346,7
channel-19774,345762,30247367,30247378,11
channel-21113,25292,30247368,30247377,9
channel-0,4036989,30247375,30247386,11
channel-2186,40753,30247386,30247402,16
channel-0,4036990,30247398,30247412,14
channel-1,408177,30247401,30247428,27
channel-0,4036991,30247428,30247439,11
channel-6994,1323090,30247446,30247458,12
channel-6994,1323091,30247450,30247460,10
channel-1,408178,30247451,30247462,11
channel-750,681536,30247464,30247469,5
channel-750,681537,30247467,30247472,5
channel-874,292703,30247474,30247480,6
channel-1,408179,30247484,30247504,20
channel-782,310067,30247506,30247512,6
channel-874,292704,30247524,30247529,5
channel-6994,1323092,30247533,30247569,36
channel-6994,1323093,30247544,30247556,12
channel-122,667666,30247546,30247549,3
channel-208,1489546,30247549,30247562,13
channel-19774,345763,30247560,30247573,13
channel-216,94125,30247566,30247570,4
channel-1,408180,30247568,30247632,64
channel-6994,1323094,30247575,30247615,40
channel-0,4036992,30247579,30247586,7
channel-750,681538,30247586,30247598,12
channel-326,537490,30247600,30247615,15
channel-750,681539,30247625,30247635,10
channel-750,681540,30247628,30247643,15
channel-782,310068,30247657,30247662,5
channel-326,537491,30247658,30247668,10
channel-326,537492,30247658,30247668,10
channel-326,537493,30247658,30247668,10
channel-326,537494,30247658,30247668,10
channel-326,537495,30247658,30247668,10
channel-750,681541,30247659,30247665,6
channel-75,844752,30247668,30247677,9
channel-326,537496,30247674,30247682,8
channel-2188,43506,30247676,30247681,5
channel-85077,59351,30247691,30247701,10
channel-2188,43507,30247697,30247702,5
channel-782,310069,30247717,30247722,5
channel-2188,43508,30247718,30247722,4
channel-85791,3734,30247719,30247724,5
channel-750,681542,30247722,30247727,5
channel-0,4036993,30247722,30247734,12
channel-1,408181,30247725,30247758,33
channel-750,681543,30247728,30247735,7
channel-208,1489547,30247737,30247746,9
channel-122,667667,30247737,30247742,5
channel-0,4036994,30247738,30247749,11
channel-2188,43509,30247741,30247745,4
channel-85791,3735,30247745,30247752,7
channel-750,681544,30247758,30247762,4
channel-199,132566,30247769,30247780,11
channel-19774,345764,30247779,30247785,6
channel-2494,31874,30247784,30247797,13
channel-199,132567,30247785,30247793,8
channel-199,132568,30247787,30247798,11
channel-6994,1323095,30247792,30247804,12
channel-0,4036995,30247802,30247811,9
channel-0,4036996,30247804,30247830,26
channel-0,4036997,30247805,30247815,10
channel-1429,140682,30247809,30247821,12
channel-2494,31875,30247812,30247826,14
channel-1429,140683,30247814,30247825,11
channel-199,132569,30247817,30247826,9
channel-199,132570,30247829,30247841,12
channel-0,4036998,30247835,30247843,8
channel-199,132571,30247842,30247853,11
channel-89321,19347,30247856,30247865,9
channel-2494,31876,30247862,30247872,10
channel-6994,1323096,30247881,30247893,12
channel-2188,43510,30247884,30247888,4
channel-89321,19348,30247887,30247895,8
channel-75,844753,30247888,30247898,10
channel-85077,59352,30247895,30247904,9
channel-750,681545,30247902,30247915,13
channel-85791,3736,30247902,30247908,6
channel-750,681546,30247906,30247918,12
channel-1575,15177,30247907,30247961,54
channel-208,1489548,30247913,30247920,7
channel-208,1489549,30247913,30247920,7
channel-144,86674,30247922,30247933,11
channel-75,844754,30247923,30247930,7
channel-750,681547,30247928,30247940,12
channel-6994,1323097,30247937,30247962,25
channel-85791,3737,30247939,30247949,10
channel-199,132572,30247944,30247955,11
channel-0,4036999,30247948,30247959,11
channel-6994,1323098,30247950,30247962,12
channel-750,681548,30247951,30247965,14
channel-199,132573,30247954,30247965,11
channel-783,104188,30247959,30247967,8
channel-199,132574,30247964,30247976,12
channel-6994,1323099,30247965,30247977,12
channel-85791,3738,30247970,30247978,8
channel-750,681549,30247972,30247983,11
channel-75,844755,30247972,30247977,5
channel-783,104189,30247978,30247985,7
channel-412,64448,30247980,30247989,9
channel-85077,59353,30247982,30247991,9
channel-0,4037000,30247987,30247998,11
channel-85791,3739,30247990,30247995,5
channel-750,681550,30247991,30248000,9
channel-0,4037001,30247995,30248004,9
channel-94814,3731,30247996,30248009,13
channel-0,4037002,30247997,30248004,7
channel-199,132575,30247998,30248008,10
channel-326,537497,30248000,30248009,9
channel-144,86675,30248007,30248020,13
channel-208,1489550,30248013,30248034,21
channel-184,137362,30248013,30248024,11
channel-750,681551,30248014,30248025,11
channel-0,4037003,30248014,30248023,9
channel-750,681552,30248016,30248036,20
channel-2188,43511,30248022,30248027,5
channel-184,137363,30248027,30248036,9
channel-75,844756,30248031,30248039,8
channel-122,667668,30248036,30248039,3
channel-216,94126,30248042,30248046,4
channel-0,4037004,30248045,30248054,9
channel-184,137364,30248046,30248052,6
channel-750,681553,30248056,30248059,3
channel-0,4037005,30248058,30248068,10
channel-0,4037006,30248067,30248077,10
channel-2188,43512,30248068,30248073,5
channel-184,137365,30248070,30248077,7
channel-6994,1323100,30248079,30248090,11
channel-85077,59354,30248081,30248090,9
channel-750,681554,30248085,30248097,12
channel-85791,3740,30248085,30248090,5
channel-6994,1323101,30248089,30248131,42
channel-783,104190,30248113,30248119,6
channel-20082,9866,30248115,30248124,9
channel-0,4037007,30248122,30248131,9
channel-229,55003,30248123,30248133,10
channel-2494,31877,30248132,30248141,9
channel-85077,59355,30248134,30248141,7
channel-750,681555,30248135,30248151,16
channel-20082,9867,30248136,30248145,9
channel-1279,67107,30248146,30248180,34
channel-208,1489551,30248158,30248168,10
channel-85077,59356,30248163,30248173,10
channel-0,4037008,30248165,30248178,13
channel-122,667669,30248168,30248172,4
channel-85077,59357,30248174,30248183,9
channel-20082,9868,30248174,30248211,37
channel-184,137366,30248177,30248188,11
channel-6,66631,30248180,30248190,10
channel-874,292705,30248185,30248190,5
channel-85077,59358,30248186,30248195,9
channel-165,71413,30248187,30248195,8
channel-6994,1323102,30248191,30248202,11
channel-0,4037009,30248196,30248229,33
channel-184,137367,30248208,30248220,12
channel-85077,59359,30248210,30248221,11
channel-6994,1323103,30248210,30248222,12
channel-340,3159,30248213,30248221,8
channel-75,844757,30248231,30248235,4
channel-85077,59360,30248237,30248249,12
channel-85077,59361,30248238,30248259,21
channel-750,681556,30248238,30248258,20
channel-6994,1323104,30248242,30248270,28
channel-750,681557,30248244,30248263,19
channel-216,94127,30248255,30248259,4
channel-750,681558,30248255,30248277,22
channel-0,4037010,30248274,30248284,10
channel-6994,1323105,30248277,30248289,12
channel-208,1489552,30248287,30248300,13
channel-0,4037011,30248288,30248300,12
channel-0,4037012,30248289,30248300,11
channel-85077,59362,30248298,30248307,9
channel-320,119163,30248300,30248315,15
channel-85077,59363,30248301,30248313,12
channel-208,1489553,30248301,30248313,12
channel-184,137368,30248303,30248314,11
channel-184,137369,30248316,30248332,16
channel-259,314196,30248317,30248330,13
channel-85077,59364,30248322,30248332,10
channel-783,104191,30248324,30248333,9
channel-259,314197,30248326,30248332,6
channel-874,292706,30248327,30248333,6
channel-85186,855,30248334,30248533,199
channel-199,132576,30248335,30248344,9
channel-85077,59365,30248349,30248355,6
channel-0,4037013,30248349,30248358,9
channel-113,301297,30248358,30248366,8
channel-0,4037014,30248360,30248372,12
channel-85077,59366,30248364,30248375,11
channel-85077,59367,30248364,30248380,16
channel-184,137370,30248364,30248375,11
channel-750,681559,30248366,30248375,9
channel-184,137371,30248366,30248375,9
channel-874,292707,30248371,30248376,5
channel-184,137372,30248380,30248390,10
channel-85077,59368,30248389,30248398,9
channel-326,537498,30248390,30248404,14
channel-184,137373,30248393,30248403,10
channel-85077,59369,30248394,30248407,13
channel-412,64449,30248396,30248405,9
channel-6994,1323106,30248401,30248421,20
channel-85077,59370,30248403,30248412,9
channel-85077,59371,30248410,30248421,11
channel-85077,59372,30248412,30248421,9
channel-94814,3732,30248419,30248434,15
channel-85077,59373,30248423,30248432,9
channel-108,39834,30248423,30248461,38
channel-259,314198,30248425,30248431,6
channel-6994,1323107,30248440,30248476,36
channel-75,844758,30248440,30248447,7
channel-6994,1323108,30248441,30248461,20
channel-6994,1323109,30248443,30248513,70
channel-85077,59374,30248448,30248455,7
channel-216,94128,30248455,30248459,4
channel-75,844759,30248456,30248463,7
channel-208,1489554,30248468,30248477,9
channel-184,137374,30248477,30248487,10
channel-326,537499,30248485,30248499,14
channel-874,292708,30248486,30248503,17
channel-94814,3733,30248495,30248504,9
channel-874,292709,30248495,30248521,26
channel-750,681560,30248509,30248513,4
channel-750,681561,30248510,30248515,5
channel-95,331592,30248511,30248528,17
channel-85186,856,30248519,30248533,14
channel-6994,1323110,30248524,30248576,52
channel-6994,1323111,30248527,30248554,27
channel-208,1489555,30248528,30248537,9
channel-6994,1323112,30248529,30260353,11824
channel-2188,43513,30248532,30248537,5
channel-2,130584,30248540,30248552,12
channel-0,4037015,30248544,30248565,21
channel-85186,857,30248552,30248560,8
channel-6994,1323113,30248553,30248592,39
channel-85077,59375,30248556,30248580,24
channel-0,4037016,30248556,30248565,9
channel-2188,43514,30248557,30248561,4
channel-6994,1323114,30248562,30248582,20
channel-0,4037017,30248569,30248599,30
channel-874,292710,30248571,30248588,17
channel-232,49189,30248574,30248584,10
channel-143,128274,30248575,30248605,30
channel-208,1489556,30248575,30248582,7
channel-85077,59376,30248576,30248582,6
channel-783,104192,30248578,30248587,9
channel-6994,1323115,30248584,30260353,11769
channel-326,537500,30248588,30248613,25
channel-2188,43515,30248589,30248593,4
channel-326,537501,30248589,30248607,18
channel-6994,1323116,30248592,30248624,32
channel-85077,59377,30248592,30248599,7
channel-85077,59378,30248593,30248603,10
channel-750,681562,30248596,30248601,5
channel-85077,59379,30248597,30248609,12
channel-85077,59380,30248600,30248613,13
channel-6994,1323117,30248601,30248627,26
channel-38946,124041,30248606,30248625,19
channel-42,1489921,30248610,30248618,8
channel-85077,59381,30248611,30248619,8
channel-165,71414,30248612,30248621,9
channel-874,292711,30248614,30248630,16
channel-85077,59382,30248619,30248626,7
channel-85077,59383,30248619,30248626,7
channel-85077,59384,30248624,30248635,11
channel-0,4037018,30248628,30248639,11
channel-2188,43516,30248629,30248634,5
channel-6994,1323118,30248632,30248657,25
channel-85077,59385,30248634,30248646,12
channel-0,4037019,30248635,30248648,13
channel-184,137375,30248637,30248646,9
channel-750,681563,30248639,30248650,11
channel-6994,1323119,30248642,30248689,47
channel-779,1168,30248644,30250885,2241
channel-0,4037020,30248649,30248657,8
channel-750,681564,30248651,30248657,6
channel-0,4037021,30248653,30248663,10
channel-85077,59386,30248656,30248670,14
channel-184,137376,30248657,30248668,11
channel-2188,43517,30248658,30248663,5
channel-42,1489922,30248659,30248670,11
channel-208,1489557,30248663,30248673,10
channel-188,190537,30248663,30248710,47
channel-874,292712,30248665,30248686,21
channel-85077,59387,30248665,30248673,8
channel-91017,2748,30248668,30248674,6
channel-874,292713,30248670,30248676,6
channel-750,681565,30248670,30248679,9
channel-6994,1323120,30248671,30248725,54
channel-85077,59388,30248672,30248681,9
channel-75,844760,30248673,30248682,9
channel-326,537502,30248682,30248696,14
channel-874,292714,30248682,30248687,5
channel-779,1169,30248684,30250886,2202
channel-85077,59389,30248684,30248691,7
channel-85077,59390,30248697,30248706,9
channel-85077,59391,30248700,30248709,9
channel-6994,1323121,30248707,30248752,45
channel-874,292715,30248707,30248714,7
channel-85077,59392,30248708,30248717,9
channel-208,1489558,30248708,30248717,9
channel-19774,345765,30248710,30248720,10
channel-783,104193,30248724,30248732,8
channel-85077,59393,30248726,30248734,8
channel-85077,59394,30248728,30248737,9
channel-85077,59395,30248731,30248743,12
channel-0,4037022,30248732,30248741,9
channel-6994,1323122,30248735,30248744,9
channel-1,408182,30248743,30248796,53
channel-85077,59396,30248745,30248752,7
channel-750,681566,30248747,30248751,4
channel-0,4037023,30248749,30248758,9
channel-0,4037024,30248750,30248769,19
channel-122,667670,30248752,30248755,3
channel-85077,59397,30248752,30248759,7
channel-85077,59398,30248752,30248759,7
channel-6994,1323123,30248752,30248829,77
channel-750,681567,30248756,30248766,10
channel-0,4037025,30248757,30248769,12
channel-208,1489559,30248766,30248775,9
channel-6994,1323124,30248769,30248829,60
channel-42,1489923,30248776,30248783,7
channel-0,4037026,30248784,30248816,32
channel-412,64450,30248791,30248824,33
channel-199,132577,30248795,30248808,13
channel-326,537503,30248805,30248832,27
channel-412,64451,30248810,30248865,55
channel-782,310070,30248812,30248818,6
channel-2188,43518,30248813,30248817,4
channel-38946,124042,30248816,30248835,19
channel-0,4037027,30248822,30248835,13
channel-0,4037028,30248840,30248865,25
channel-6994,1323125,30248848,30248901,53
channel-85077,59399,30248855,30248864,9
channel-0,4037029,30248860,30248870,10
channel-6994,1323126,30248865,30248926,61
channel-6994,1323127,30248868,30248880,12
channel-251,85163,30248870,30248882,12
channel-15464,2651,30248873,30248888,15
channel-85077,59400,30248879,30248887,8
channel-6994,1323128,30248883,30248895,12
channel-6994,1323129,30248890,30248901,11
channel-122,667671,30248902,30248906,4
channel-412,64452,30248908,30248943,35
channel-2188,43519,30248914,30248918,4
channel-208,1489560,30248919,30248928,9
channel-412,64453,30248928,30248938,10
channel-2188,43520,30248938,30248943,5
channel-76971,12216,30248939,30248958,19
channel-1,408183,30248954,30248970,16
channel-208,1489561,30248955,30248966,11
channel-326,537504,30248957,30248972,15
channel-320,119164,30248958,30248986,28
channel-412,64454,30248966,30248973,7
channel-6787,166612,30248971,30248975,4
channel-476,11796,30249017,30249028,11
channel-0,4037030,30249036,30249045,9
channel-0,4037031,30249040,30249050,10
channel-326,537505,30249042,30249049,7
channel-79703,4408,30249042,30249057,15
channel-0,4037032,30249046,30249055,9
channel-4,166843,30249052,30249128,76
channel-122,667672,30249060,30249064,4
channel-750,681568,30249092,30249110,18
channel-94814,3734,30249095,30249107,12
channel-75,844761,30249121,30249129,8
channel-0,4037033,30249125,30249133,8
channel-122,667673,30249126,30249130,4
channel-122,667674,30249138,30249141,3
channel-122,667675,30249139,30249142,3
channel-184,137377,30249209,30249223,14
channel-476,11797,30249219,30249239,20
channel-259,314199,30249234,30249244,10
channel-19774,345766,30249237,30249249,12
channel-6994,1323130,30249248,30249261,13
channel-199,132578,30249256,30249264,8
channel-184,137378,30249265,30249278,13
channel-0,4037034,30249268,30249278,10
channel-382,633,30249274,30249290,16
channel-6994,1323131,30249278,30249291,13
channel-88,467064,30249290,30249302,12
channel-0,4037035,30249301,30249311,10
channel-1,408184,30249306,30249320,14
channel-208,1489562,30249318,30249329,11
channel-1411,1988,30249320,30249332,12
channel-208,1489563,30249322,30249333,11
channel-1,408185,30249323,30249348,25
channel-0,4037036,30249343,30249352,9
channel-95,331593,30249344,30249366,22
channel-0,4037037,30249349,30249364,15
channel-0,4037038,30249349,30249364,15
channel-184,137379,30249352,30249359,7
channel-21113,25293,30249353,30249361,8
channel-750,681569,30249354,30249363,9
channel-85077,59401,30249357,30249367,10
channel-0,4037039,30249358,30249371,13
channel-19774,345767,30249364,30249372,8
channel-85077,59402,30249365,30249374,9
channel-85077,59403,30249365,30249374,9
channel-1,408186,30249366,30249423,57
channel-115,20354,30249369,30249377,8
channel-0,4037040,30249371,30249381,10
channel-1,408187,30249381,30249423,42
channel-750,681570,30249390,30249395,5
channel-77,50253,30249404,30249413,9
channel-0,4037041,30249407,30249421,14
channel-2186,40754,30249413,30249439,26
channel-144,86676,30249415,30249424,9
channel-88,467065,30249421,30249435,14
channel-0,4037042,30249433,30249454,21
channel-85077,59404,30249435,30249444,9
channel-208,1489564,30249437,30249446,9
channel-0,4037043,30249454,30249463,9
channel-0,4037044,30249465,30249478,13
channel-0,4037045,30249467,30249478,11
channel-492,20109,30249472,30249480,8
channel-1,408188,30249476,30249541,65
channel-85077,59405,30249489,30249498,9
channel-6994,1323132,30249491,30249502,11
channel-1,408189,30249499,30249541,42
channel-6994,1323133,30249500,30249513,13
channel-85077,59406,30249500,30249511,11
channel-0,4037046,30249506,30249518,12
channel-750,681571,30249513,30249526,13
channel-85077,59407,30249513,30249523,10
channel-38946,124043,30249523,30249563,40
channel-85077,59408,30249531,30249540,9
channel-85077,59409,30249533,30249540,7
channel-0,4037047,30249535,30249545,10
channel-85077,59410,30249546,30249557,11
channel-85077,59411,30249549,30249560,11
channel-184,137380,30249552,30249562,10
channel-208,1489565,30249560,30249571,11
channel-0,4037048,30249563,30249575,12
channel-85077,59412,30249567,30249577,10
channel-6994,1323134,30249573,30249650,77
channel-750,681572,30249589,30249601,12
channel-6994,1323135,30249602,30249617,15
channel-19774,345768,30249604,30249615,11
channel-326,537506,30249610,30249618,8
channel-874,292716,30249618,30249628,10
channel-85077,59413,30249625,30249647,22
channel-6787,166613,30249629,30249633,4
channel-750,681573,30249634,30249647,13
channel-113,301298,30249639,30249649,10
channel-89298,18577,30249641,30249649,8
channel-85077,59414,30249641,30249650,9
channel-6994,1323136,30249664,30249675,11
channel-0,4037049,30249669,30249680,11
channel-6994,1323137,30249671,30249685,14
channel-0,4037050,30249679,30249688,9
channel-750,681574,30249681,30249693,12
channel-1424,7335,30249683,30249695,12
channel-750,681575,30249684,30249688,4
channel-113,301299,30249692,30249701,9
channel-750,681576,30249699,30249704,5
channel-19774,345769,30249700,30249708,8
channel-750,681577,30249720,30249725,5
channel-6994,1323138,30249720,30249731,11
channel-85077,59415,30249722,30249733,11
channel-750,681578,30249725,30249738,13
channel-75755,5533,30249733,30249743,10
channel-0,4037051,30249733,30249744,11
channel-6994,1323139,30249735,30249745,10
channel-184,137381,30249754,30249765,11
channel-0,4037052,30249762,30249774,12
channel-0,4037053,30249768,30249779,11
channel-0,4037054,30249768,30249779,11
channel-19774,345770,30249778,30249789,11
channel-2188,43521,30249779,30249783,4
channel-85077,59416,30249781,30249790,9
channel-750,681579,30249785,30249798,13
channel-0,4037055,30249791,30249803,12
channel-750,681580,30249802,30249808,6
channel-0,4037056,30249818,30249829,11
channel-6994,1323140,30249821,30249832,11
channel-0,4037057,30249826,30249832,6
channel-750,681581,30249832,30249845,13
channel-208,1489566,30249832,30249840,8
channel-0,4037058,30249839,30249851,12
channel-0,4037059,30249846,30249856,10
channel-6787,166614,30249868,30249872,4
channel-782,310072,30249870,30249874,4
channel-874,292717,30249878,30249884,6
channel-21113,25294,30249895,30249901,6
channel-750,681582,30249896,30249909,13
channel-85077,59417,30249900,30249911,11
channel-122,667676,30249909,30249913,4
channel-85077,59418,30249910,30249921,11
channel-0,4037060,30249911,30249922,11
channel-750,681583,30249915,30249925,10
channel-38946,124044,30249919,30249964,45
channel-6994,1323141,30249924,30249974,50
channel-0,4037061,30249933,30249942,9
channel-750,681584,30249935,30249940,5
channel-85077,59419,30249937,30249947,10
channel-750,681585,30249953,30249958,5
channel-6994,1323142,30249959,30249972,13
channel-0,4037062,30249969,30249993,24
channel-750,681586,30249970,30249974,4
channel-750,681587,30249973,30249987,14
channel-6994,1323143,30249974,30249987,13
channel-85077,59420,30249974,30249983,9
channel-208,1489567,30249975,30249987,12
channel-0,4037063,30249975,30249987,12
channel-85077,59421,30249981,30249991,10
channel-85077,59422,30249990,30249999,9
channel-85077,59423,30249991,30250021,30
channel-326,537507,30249995,30250012,17
channel-326,537508,30250002,30250016,14
channel-85077,59424,30250003,30250013,10
channel-208,1489568,30250008,30250016,8
channel-208,1489569,30250008,30250016,8
channel-208,1489570,30250015,30250025,10
channel-38946,124045,30250015,30250030,15
channel-85077,59425,30250017,30250028,11
channel-1,408190,30250019,30250044,25
channel-6994,1323144,30250024,30250033,9
channel-85791,3741,30250033,30250040,7
channel-85077,59426,30250043,30250048,5
channel-750,681588,30250046,30250049,3
channel-326,537509,30250048,30250058,10
channel-0,4037064,30250056,30250067,11
channel-85077,59427,30250060,30250069,9
channel-216,94129,30250066,30250069,3
channel-85077,59428,30250073,30250084,11
channel-0,4037065,30250075,30250086,11
channel-0,4037066,30250094,30250105,11
channel-750,681589,30250097,30250115,18
channel-122,667677,30250098,30250101,3
channel-0,4037067,30250106,30250125,19
channel-208,1489571,30250117,30250128,11
channel-19774,345771,30250120,30250128,8
channel-208,1489572,30250126,30250137,11
channel-42,1489924,30250140,30250148,8
channel-208,1489573,30250153,30250162,9
channel-204,670741,30250163,30304891,54728
channel-6994,1323145,30250168,30250177,9
channel-165,71415,30250169,30250181,12
channel-85077,59429,30250181,30250191,10
channel-0,4037068,30250184,30250196,12
channel-208,1489574,30250187,30250199,12
channel-0,4037069,30250191,30250202,11
channel-38946,124046,30250198,30250218,20
channel-6994,1323146,30250203,30250212,9
channel-77,50254,30250209,30250219,10
channel-19774,345772,30250216,30250225,9
channel-750,681590,30250219,30250229,10
channel-0,4037070,30250224,30250237,13
channel-0,4037071,30250231,30250243,12
channel-0,4037072,30250235,30250247,12
channel-42,1489925,30250237,30250243,6
channel-75,844762,30250251,30250262,11
channel-208,1489575,30250259,30250269,10
channel-6994,1323147,30250261,30250311,50
channel-85077,59430,30250268,30250277,9
channel-208,1489576,30250275,30250287,12
channel-6994,1323148,30250277,30250288,11
channel-38946,124047,30250281,30250324,43
channel-208,1489577,30250287,30250296,9
channel-38946,124048,30250297,30250312,15
channel-75,844763,30250303,30250310,7
channel-0,4037073,30250306,30250315,9
channel-208,1489578,30250306,30250328,22
channel-2188,43522,30250315,30250319,4
channel-259,314200,30250316,30250321,5
channel-184,137382,30250322,30250334,12
channel-85077,59431,30250324,30250331,7
channel-108,39835,30250326,30250368,42
channel-6994,1323149,30250328,30250340,12
channel-750,681591,30250332,30250344,12
channel-0,4037074,30250334,30250343,9
channel-0,4037075,30250337,30250348,11
channel-2188,43523,30250337,30250342,5
channel-750,681592,30250337,30250344,7
channel-208,1489579,30250338,30250348,10
channel-184,137383,30250339,30250348,9
channel-38946,124049,30250348,30250393,45
channel-184,137384,30250351,30250361,10
channel-0,4037076,30250358,30250368,10
channel-208,1489580,30250361,30250369,8
channel-326,537510,30250364,30250372,8
channel-750,681593,30250370,30250379,9
channel-208,1489581,30250372,30250388,16
channel-750,681594,30250374,30250386,12
channel-184,137385,30250374,30250385,11
channel-0,4037077,30250385,30250394,9
channel-492,20110,30250397,30250406,9
channel-85077,59432,30250401,30250409,8
channel-208,1489582,30250411,30250420,9
channel-6994,1323150,30250413,30250447,34
channel-184,137386,30250419,30250427,8
channel-750,681595,30250424,30250434,10
channel-782,310073,30250437,30250444,7
channel-184,137387,30250443,30250455,12
channel-326,537511,30250447,30250453,6
channel-326,537512,30250454,30250460,6
channel-0,4037078,30250455,30250467,12
channel-6994,1323151,30250464,30250476,12
channel-184,137388,30250475,30250483,8
channel-326,537513,30250482,30250487,5
channel-6994,1323152,30250488,30250499,11
channel-326,537514,30250492,30250499,7
channel-782,310074,30250498,30250504,6
channel-6994,1323153,30250511,30250556,45
channel-6994,1323154,30250512,30250524,12
channel-6994,1323155,30250524,30250533,9
channel-1,408191,30250530,30250551,21
channel-6994,1323156,30250536,30250548,12
channel-6994,1323157,30250537,30250548,11
channel-750,681596,30250537,30250550,13
channel-85077,59433,30250555,30250565,10
channel-122,667678,30250557,30250559,2
channel-0,4037079,30250591,30250601,10
channel-85077,59434,30250598,30250607,9
channel-122,667679,30250603,30250607,4
channel-0,4037080,30250623,30250633,10
channel-0,4037081,30250627,30250635,8
channel-122,667680,30250635,30250640,5
channel-208,1489583,30250667,30250680,13
channel-184,137389,30250672,30250684,12
channel-0,4037082,30250683,30250694,11
channel-750,681597,30250684,30250688,4
channel-6994,1323158,30250686,30250695,9
channel-0,4037083,30250714,30250723,9
channel-208,1489584,30250728,30250740,12
channel-122,667681,30250736,30250740,4
channel-0,4037084,30250737,30250745,8
channel-184,137390,30250739,30250751,12
channel-1,408192,30250747,30250770,23
channel-184,137391,30250753,30250764,11
channel-19774,345773,30250759,30250764,5
channel-782,310075,30250762,30250769,7
channel-85077,59435,30250777,30250787,10
channel-6994,1323159,30250791,30250807,16
channel-0,4037085,30250804,30250814,10
channel-1,408193,30250817,30250843,26
channel-19774,345774,30250817,30250826,9
channel-782,310076,30250831,30250833,2
channel-0,4037086,30250832,30250841,9
channel-1,408194,30250851,30250880,29
channel-208,1489585,30250852,30250865,13
channel-0,4037087,30250857,30250869,12
channel-0,4037088,30250869,30250878,9
channel-0,4037089,30250871,30250883,12
channel-88,467066,30250883,30250921,38
channel-91017,2749,30250883,30250891,8
channel-0,4037090,30250893,30250906,13
channel-750,681598,30250896,30250913,17
channel-94814,3735,30250903,30250913,10
channel-72,516395,30250919,30250969,50
channel-0,4037091,30250930,30250939,9
channel-75,844764,30250942,30250951,9
channel-85077,59436,30250966,30250976,10
channel-750,681599,30250982,30250997,15
channel-750,681600,30250995,30251002,7
channel-75,844765,30250997,30251005,8
channel-76971,12217,30251003,30251044,41
channel-750,681601,30251006,30251016,10
channel-6994,1323160,30251006,30251019,13
channel-208,1489586,30251007,30251018,11
channel-0,4037092,30251008,30251032,24
channel-19774,345775,30251019,30251027,8
channel-750,681602,30251026,30251037,11
channel-208,1489587,30251027,30251036,9
channel-0,4037093,30251042,30251052,10
channel-6994,1323161,30251054,30251096,42
channel-0,4037094,30251056,30251065,9
channel-750,681603,30251058,30251071,13
channel-750,681604,30251058,30251062,4
channel-0,4037095,30251062,30251076,14
channel-85077,59437,30251076,30251085,9
channel-750,681605,30251078,30251085,7
channel-122,667682,30251078,30251082,4
channel-6994,1323162,30251081,30251093,12
channel-750,681606,30251082,30251093,11
channel-750,681607,30251087,30251093,6
channel-0,4037096,30251093,30251101,8
channel-72,516396,30251095,30251124,29
channel-750,681608,30251096,30251115,19
channel-85077,59438,30251097,30251108,11
channel-122,667683,30251103,30251107,4
channel-85077,59439,30251103,30251115,12
channel-750,681609,30251105,30251119,14
channel-85077,59440,30251106,30251117,11
channel-208,1489588,30251108,30251122,14
channel-750,681610,30251121,30251127,6
channel-208,1489589,30251132,30251142,10
channel-750,681611,30251132,30251147,15
channel-750,681612,30251140,30251146,6
channel-85077,59441,30251149,30251161,12
channel-0,4037097,30251170,30251196,26
channel-750,681613,30251172,30251177,5
channel-750,681614,30251173,30251177,4
channel-750,681615,30251184,30251189,5
channel-85077,59442,30251185,30251198,13
channel-750,681616,30251201,30251210,9
channel-208,1489590,30251209,30251221,12
channel-208,1489591,30251211,30251221,10
channel-750,681617,30251213,30251224,11
channel-19774,345776,30251219,30251227,8
channel-750,681618,30251225,30251234,9
channel-208,1489592,30251225,30251237,12
channel-85077,59443,30251226,30251236,10
channel-0,4037098,30251231,30251242,11
channel-642,126484,30251241,30251300,59
channel-0,4037099,30251244,30251273,29
channel-0,4037100,30251247,30251254,7
channel-72,516397,30251262,30251284,22
channel-122,667684,30251263,30251267,4
channel-0,4037101,30251279,30251292,13
channel-38946,124050,30251280,30251302,22
channel-122,667685,30251284,30251287,3
channel-75,844766,30251288,30251297,9
channel-0,4037102,30251299,30251313,14
channel-6994,1323163,30251301,30251334,33
channel-750,681619,30251327,30251340,13
channel-1,408195,30251334,30251364,30
channel-0,4037103,30251342,30251353,11
channel-0,4037104,30251343,30251353,10
channel-0,4037105,30251354,30251365,11
channel-750,681620,30251357,30251371,14
channel-122,667686,30251361,30251364,3
channel-6994,1323164,30251367,30251376,9
channel-750,681621,30251373,30251387,14
channel-6994,1323165,30251391,30251418,27
channel-208,1489593,30251398,30251413,15
channel-0,4037106,30251413,30251424,11
channel-208,1489594,30251413,30251425,12
channel-1,408196,30251421,30251447,26
channel-750,681622,30251424,30251438,14
channel-782,310077,30251425,30251444,19
channel-89298,18578,30251425,30251435,10
channel-75,844767,30251426,30251433,7
channel-1429,140684,30251435,30251446,11
channel-85077,59444,30251440,30251448,8
channel-81016,264,30251452,30251463,11
channel-750,681623,30251454,30251467,13
channel-874,292718,30251458,30251469,11
channel-0,4037107,30251460,30251469,9
channel-750,681624,30251475,30251488,13
channel-340,3160,30251487,30251496,9
channel-6994,1323166,30251488,30251499,11
channel-0,4037108,30251513,30251524,11
channel-326,537515,30251521,30251526,5
channel-85077,59445,30251530,30251538,8
channel-0,4037109,30251536,30251549,13
channel-38946,124051,30251544,30251555,11
channel-2186,40755,30251553,30251611,58
channel-88,467067,30251557,30251570,13
channel-0,4037110,30251572,30251582,10
channel-6994,1323167,30251589,30251603,14
channel-38946,124052,30251594,30251602,8
channel-0,4037111,30251601,30251612,11
channel-750,681625,30251610,30251619,9
channel-89321,19349,30251612,30251624,12
channel-73755,5826,30251612,30251618,6
channel-75,844768,30251613,30251619,6
channel-0,4037112,30251618,30251630,12
channel-750,681626,30251620,30251645,25
channel-0,4037113,30251626,30251635,9
channel-750,681627,30251639,30251655,16
channel-0,4037114,30251642,30251655,13
channel-0,4037115,30251654,30251664,10
channel-0,4037116,30251663,30251672,9
channel-0,4037117,30251667,30251677,10
channel-6994,1323168,30251668,30251679,11
channel-750,681628,30251678,30251684,6
channel-0,4037118,30251680,30251687,7
channel-750,681629,30251687,30251697,10
channel-75,844769,30251687,30251695,8
channel-89321,19350,30251695,30251728,33
channel-85077,59446,30251695,30251706,11
channel-208,1489595,30251705,30251714,9
channel-0,4037119,30251706,30251716,10
channel-6994,1323169,30251708,30251724,16
channel-0,4037120,30251710,30251721,11
channel-122,667687,30251711,30251715,4
channel-750,681630,30251712,30251737,25
channel-0,4037121,30251720,30251731,11
channel-0,4037122,30251724,30251736,12
channel-0,4037123,30251725,30251736,11
channel-0,4037124,30251730,30251743,13
channel-75,844770,30251737,30251743,6
channel-6994,1323170,30251740,30251753,13
channel-122,667688,30251743,30251747,4
channel-38946,124053,30251748,30251771,23
channel-750,681631,30251749,30251763,14
channel-6994,1323171,30251767,30251783,16
channel-0,4037125,30251772,30251782,10
channel-89321,19351,30251776,30251785,9
channel-6787,166615,30251784,30251788,4
channel-6994,1323172,30251790,30251804,14
channel-38946,124054,30251794,30251809,15
channel-208,1489596,30251796,30251809,13
channel-0,4037126,30251808,30251817,9
channel-0,4037127,30251816,30251828,12
channel-1,408197,30251828,30251841,13
channel-0,4037128,30251830,30251838,8
channel-0,4037129,30251834,30251844,10
channel-750,681632,30251835,30251848,13
channel-0,4037130,30251837,30251848,11
channel-259,314201,30251844,30251849,5
channel-38946,124055,30251844,30251856,12
channel-0,4037131,30251850,30251860,10
channel-0,4037132,30251856,30251864,8
channel-750,681633,30251856,30251862,6
channel-782,310078,30251869,30251876,7
channel-0,4037133,30251874,30251881,7
channel-38946,124056,30251876,30251886,10
channel-0,4037134,30251880,30251889,9
channel-38946,124057,30251894,30251906,12
channel-750,681634,30251895,30251909,14
channel-0,4037135,30251901,30251910,9
channel-0,4037136,30251902,30251910,8
channel-2188,43524,30251903,30251908,5
channel-38946,124058,30251910,30251929,19
channel-6994,1323173,30251912,30251924,12
channel-75,844771,30251924,30251930,6
channel-750,681635,30251925,30251933,8
channel-326,537516,30251925,30251935,10
channel-38946,124059,30251936,30251947,11
channel-208,1489597,30251937,30251947,10
channel-0,4037137,30251941,30251955,14
channel-1279,67108,30251952,30251977,25
channel-38946,124060,30251958,30267821,15863
channel-0,4037138,30251969,30251991,22
channel-38946,124061,30251975,30251987,12
channel-6787,166616,30251982,30251986,4
channel-750,681636,30251986,30251990,4
channel-204,670742,30251992,30304891,52899
channel-1,408198,30251992,30252003,11
channel-6994,1323174,30251995,30252009,14
channel-208,1489598,30252001,30252010,9
channel-38946,124062,30252004,30252017,13
channel-782,310079,30252012,30252018,6
channel-6994,1323175,30252020,30252034,14
channel-0,4037139,30252022,30252031,9
channel-204,670743,30252031,30304891,52860
channel-750,681637,30252045,30252056,11
channel-38946,124063,30252050,30252067,17
channel-208,1489599,30252067,30252079,12
channel-6994,1323176,30252071,30252081,10
channel-75016,4575,30252073,30252091,18
channel-85077,59447,30252076,30252085,9
channel-85077,59448,30252078,30252086,8
channel-85077,59449,30252094,30252101,7
channel-208,1489600,30252097,30252107,10
channel-6897,5631,30252098,30252105,7
channel-6994,1323177,30252102,30252112,10
channel-122,667689,30252112,30252115,3
channel-0,4037140,30252121,30252131,10
channel-6994,1323178,30252125,30252215,90
channel-6994,1323179,30252131,30252145,14
channel-204,670745,30252143,30252150,7
channel-0,4037141,30252150,30252160,10
channel-326,537517,30252160,30252166,6
channel-782,310080,30252162,30252166,4
channel-750,681638,30252169,30252179,10
channel-6994,1323180,30252182,30252195,13
channel-6994,1323181,30252185,30252215,30
channel-85077,59450,30252185,30252209,24
channel-320,119165,30252187,30252195,8
channel-0,4037142,30252191,30252200,9
channel-750,681639,30252194,30252205,11
channel-6994,1323182,30252200,30252210,10
channel-6994,1323183,30252208,30252219,11
channel-85077,59451,30252210,30252219,9
channel-750,681640,30252221,30252230,9
channel-6994,1323184,30252224,30252236,12
channel-75,844772,30252242,30252249,7
channel-750,681641,30252246,30252255,9
channel-89321,19352,30252266,30252275,9
channel-326,537518,30252271,30252278,7
channel-6994,1323185,30252296,30252311,15
channel-326,537519,30252309,30252314,5
channel-0,4037143,30252317,30252329,12
channel-0,4037144,30252321,30252333,12
channel-0,4037145,30252338,30252347,9
channel-75,844773,30252346,30252353,7
channel-6994,1323186,30252347,30252361,14
channel-6994,1323187,30252347,30252361,14
channel-143,128275,30252351,30252365,14
channel-326,537520,30252353,30252361,8
channel-326,537521,30252353,30252361,8
channel-0,4037146,30252354,30252361,7
channel-0,4037147,30252362,30252371,9
channel-750,681642,30252363,30252374,11
channel-122,667690,30252369,30252372,3
channel-2188,43525,30252376,30252380,4
channel-750,681643,30252377,30252384,7
channel-0,4037148,30252380,30252385,5
channel-782,310081,30252384,30252392,8
channel-85077,59452,30252384,30252394,10
channel-6994,1323188,30252385,30252395,10
channel-750,681644,30252387,30252397,10
channel-2188,43526,30252393,30252398,5
channel-0,4037149,30252398,30252410,12
channel-85077,59453,30252407,30252416,9
channel-0,4037150,30252412,30252426,14
channel-6994,1323189,30252413,30252439,26
channel-750,681645,30252426,30252438,12
channel-0,4037151,30252427,30252436,9
channel-143,128276,30252438,30252450,12
channel-85077,59454,30252453,30252461,8
channel-75,844774,30252456,30252463,7
channel-6994,1323190,30252457,30252471,14
channel-6787,166617,30252483,30252487,4
channel-85077,59455,30252496,30252504,8
channel-216,94130,30252505,30252509,4
channel-0,4037152,30252505,30252516,11
channel-1,408199,30252509,30252539,30
channel-75,844775,30252517,30252524,7
channel-2188,43527,30252536,30252541,5
channel-2188,43528,30252542,30252546,4
channel-85077,59456,30252544,30252564,20
channel-122,667691,30252547,30252551,4
channel-208,1489601,30252560,30252571,11
channel-750,681646,30252561,30252569,8
channel-122,667692,30252566,30252570,4
channel-326,537522,30252577,30252582,5
channel-2188,43529,30252584,30252589,5
channel-85077,59457,30252603,30252613,10
channel-2188,43530,30252610,30252615,5
channel-0,4037153,30252616,30252624,8
channel-750,681647,30252634,30252646,12
channel-750,681648,30252635,30252645,10
channel-89298,18579,30252636,30252648,12
channel-874,292719,30252644,30252649,5
channel-750,681649,30252648,30252661,13
channel-0,4037154,30252649,30252662,13
channel-6994,1323191,30252652,30252665,13
channel-6994,1323192,30252654,30252665,11
channel-750,681650,30252664,30252674,10
channel-326,537523,30252668,30252676,8
channel-85077,59458,30252668,30252699,31
channel-208,1489602,30252672,30252681,9
channel-19774,345777,30252675,30252684,9
channel-0,4037155,30252678,30252688,10
channel-750,681651,30252683,30252699,16
channel-85077,59459,30252684,30252695,11
channel-0,4037156,30252689,30252715,26
channel-85077,59460,30252689,30252699,10
channel-85077,59461,30252691,30252699,8
channel-6994,1323193,30252709,30252716,7
channel-750,681652,30252709,30252717,8
channel-85077,59462,30252711,30252728,17
channel-6994,1323194,30252721,30252734,13
channel-89321,19353,30252726,30252739,13
channel-1,408200,30252728,30252746,18
channel-75,844776,30252733,30252752,19
channel-750,681653,30252754,30252764,10
channel-0,4037157,30252759,30252769,10
channel-750,681654,30252774,30252785,11
channel-208,1489603,30252797,30252808,11
channel-412,64455,30252798,30252810,12
channel-0,4037158,30252811,30252819,8
channel-85077,59463,30252829,30252839,10
channel-75,844777,30252832,30252841,9
channel-6994,1323195,30252854,30252866,12
channel-38946,124066,30252863,30252875,12
channel-1429,140685,30252865,30252876,11
channel-42,1489926,30252866,30252877,11
channel-326,537524,30252871,30252880,9
channel-42,1489927,30252893,30252902,9
channel-750,681655,30252895,30252902,7
channel-6994,1323196,30252903,30252909,6
channel-750,681656,30252908,30252913,5
channel-259,314202,30252909,30252916,7
channel-6994,1323197,30252909,30252919,10
channel-750,681657,30252913,30252929,16
channel-42,1489928,30252930,30252941,11
channel-85077,59464,30252934,30252943,9
channel-6994,1323198,30252941,30252957,16
channel-91017,2750,30252946,30252955,9
channel-750,681658,30252946,30252959,13
channel-6994,1323199,30252957,30252971,14
channel-42,1489929,30252960,30252969,9
channel-42,1489930,30252967,30252977,10
channel-0,4037159,30252969,30252982,13
channel-750,681659,30252982,30252992,10
channel-94814,3736,30252994,30253007,13
channel-94814,3737,30253031,30253044,13
channel-0,4037160,30253032,30253046,14
channel-767,14355,30253034,30253045,11
channel-122,667693,30253039,30253043,4
channel-750,681660,30253046,30253051,5
channel-782,310082,30253052,30253058,6
channel-6994,1323200,30253056,30253064,8
channel-85077,59465,30253061,30253079,18
channel-6994,1323201,30253062,30253078,16
channel-6994,1323202,30253086,30253099,13
channel-85077,59466,30253103,30253117,14
channel-1429,140686,30253120,30253129,9
channel-782,310083,30253129,30253138,9
channel-782,310084,30253142,30253149,7
channel-750,681661,30253152,30253156,4
channel-208,1489604,30253170,30253182,12
channel-750,681662,30253172,30253177,5
channel-79703,4409,30253175,30253191,16
channel-874,292720,30253184,30253189,5
channel-6994,1323203,30253184,30253196,12
channel-6787,166618,30253187,30253191,4
channel-750,681663,30253192,30253204,12
channel-85077,59467,30253199,30253209,10
channel-251,85164,30253227,30253239,12
channel-750,681664,30253233,30253238,5
channel-750,681665,30253237,30253241,4
channel-6994,1323204,30253238,30253249,11
channel-6994,1323205,30253246,30253255,9
channel-115,20355,30253251,30253257,6
channel-208,1489605,30253258,30253271,13
channel-750,681666,30253266,30253318,52
channel-1575,15178,30253272,30253281,9
channel-874,292721,30253276,30253281,5
channel-750,681667,30253277,30253310,33
channel-21113,25295,30253278,30253285,7
channel-38946,124067,30253284,30253302,18
channel-782,310085,30253286,30253301,15
channel-208,1489606,30253296,30253307,11
channel-6994,1323206,30253303,30253317,14
channel-0,4037161,30253313,30253326,13
channel-4,166844,30253314,30253326,12
channel-251,85165,30253347,30253353,6
channel-1,408201,30253357,30253366,9
channel-208,1489607,30253371,30253379,8
channel-85077,59468,30253380,30253387,7
channel-0,4037162,30253383,30253393,10
channel-0,4037163,30253393,30253403,10
channel-6787,166619,30253396,30253401,5
channel-208,1489608,30253405,30253413,8
channel-75,844778,30253410,30253417,7
channel-6994,1323207,30253431,30253444,13
channel-6994,1323208,30253462,30253477,15
channel-0,4037164,30253479,30253488,9
channel-19774,345778,30253485,30253495,10
channel-85077,59469,30253496,30253503,7
channel-122,667694,30253529,30253531,2
channel-6994,1323209,30253535,30253544,9
channel-0,4037165,30253557,30253566,9
channel-6994,1323210,30253575,30253591,16
channel-0,4037166,30253578,30253587,9
channel-0,4037167,30253582,30253590,8
channel-1,408202,30253586,30253597,11
channel-42,1489931,30253619,30253629,10
channel-208,1489609,30253619,30253633,14
channel-783,104194,30253635,30253642,7
channel-750,681668,30253652,30253667,15
channel-19774,345779,30253653,30253667,14
channel-6994,1323211,30253655,30253668,13
channel-6994,1323212,30253658,30253668,10
channel-0,4037168,30253659,30253672,13
channel-0,4037169,30253659,30253672,13
channel-89298,18580,30253659,30253669,10
channel-259,314203,30253660,30253666,6
channel-6787,166620,30253677,30253681,4
channel-750,681669,30253682,30253691,9
channel-122,667695,30253683,30253686,3
channel-6994,1323213,30253696,30253708,12
channel-6994,1323214,30253696,30253708,12
channel-208,1489610,30253697,30253705,8
channel-6994,1323215,30253699,30253712,13
channel-89321,19354,30253717,30253728,11
channel-750,681670,30253723,30253728,5
channel-6994,1323216,30253732,30253744,12
channel-0,4037170,30253734,30253744,10
channel-6994,1323217,30253744,30253753,9
channel-0,4037171,30253744,30253752,8
channel-85077,59470,30253749,30253757,8
channel-75,844779,30253763,30253769,6
channel-216,94131,30253771,30253819,48
channel-6994,1323218,30253778,30253790,12
channel-0,4037172,30253796,30253805,9
channel-208,1489611,30253799,30253807,8
channel-89298,18581,30253816,30253826,10
channel-19774,345780,30253823,30253835,12
channel-89298,18582,30253848,30253857,9
channel-0,4037173,30253856,30253868,12
channel-122,667696,30253861,30253864,3
channel-6994,1323219,30253876,30253885,9
channel-122,667697,30253885,30253890,5
channel-94814,3738,30253915,30253927,12
channel-0,4037174,30253924,30253932,8
channel-42,1489932,30253925,30253934,9
channel-874,292722,30253930,30253940,10
channel-2,130585,30253932,30253942,10
channel-6994,1323220,30253935,30253943,8
channel-208,1489612,30253936,30253945,9
channel-6994,1323221,30253939,30253949,10
channel-208,1489613,30253939,30253950,11
channel-75,844780,30253960,30253965,5
channel-0,4037175,30253960,30253984,24
channel-89321,19355,30253962,30253975,13
channel-6994,1323222,30253962,30253976,14
channel-89321,19356,30253964,30253975,11
channel-6994,1323223,30253970,30253981,11
channel-208,1489614,30253975,30253987,12
channel-6994,1323224,30253980,30253991,11
channel-75016,4576,30253990,30254009,19
channel-0,4037176,30253998,30254007,9
channel-122,667698,30254000,30254003,3
channel-6994,1323225,30254006,30254015,9
channel-1575,15179,30254009,30254018,9
channel-1,408203,30254013,30254024,11
channel-19774,345781,30254040,30254053,13
channel-0,4037177,30254042,30254055,13
channel-122,667699,30254042,30254046,4
channel-0,4037178,30254043,30254055,12
channel-75,844781,30254058,30254065,7
channel-326,537525,30254064,30254070,6
channel-6994,1323226,30254071,30254081,10
channel-6994,1323227,30254080,30254091,11
channel-91017,2751,30254095,30254105,10
channel-75,844782,30254104,30254112,8
channel-783,104195,30254110,30254118,8
channel-89321,19357,30254111,30254118,7
channel-6994,1323228,30254119,30254128,9
channel-6994,1323229,30254120,30254143,23
channel-750,681671,30254123,30254135,12
channel-75,844783,30254153,30254159,6
channel-6994,1323230,30254159,30254185,26
channel-85077,59471,30254163,30254178,15
channel-6994,1323231,30254182,30254195,13
channel-89321,19358,30254187,30254192,5
channel-750,681672,30254197,30254208,11
channel-6994,1323232,30254204,30254216,12
channel-6994,1323233,30254205,30254232,27
channel-0,4037179,30254227,30254240,13
channel-0,4037180,30254228,30254240,12
channel-750,681673,30254229,30254233,4
channel-750,681674,30254232,30254243,11
channel-89321,19359,30254233,30254245,12
channel-6994,1323234,30254254,30254283,29
channel-782,310086,30254259,30254271,12
channel-0,4037181,30254261,30254273,12
channel-750,681675,30254284,30254291,7
channel-0,4037182,30254289,30254313,24
channel-6994,1323235,30254304,30254325,21
channel-6994,1323236,30254311,30254325,14
channel-782,310087,30254329,30254333,4
channel-6994,1323237,30254345,30254357,12
channel-750,681676,30254362,30254371,9
channel-6994,1323238,30254363,30254372,9
channel-184,137392,30254365,30254375,10
channel-782,310088,30254366,30254372,6
channel-208,1489615,30254375,30254386,11
channel-750,681677,30254377,30254383,6
channel-1,408204,30254396,30254422,26
channel-412,64456,30254403,30254415,12
channel-6994,1323239,30254410,30254423,13
channel-122,667700,30254426,30254431,5
channel-251,85166,30254427,30254438,11
channel-750,681678,30254435,30254440,5
channel-6994,1323240,30254441,30254468,27
channel-6994,1323241,30254445,30254459,14
channel-6994,1323242,30254447,30254469,22
channel-6994,1323243,30254450,30254463,13
channel-0,4037183,30254457,30254483,26
channel-874,292723,30254466,30254468,2
channel-2,130586,30254468,30254478,10
channel-874,292724,30254479,30254484,5
channel-750,681679,30254486,30254495,9
channel-6994,1323244,30254490,30254506,16
channel-0,4037184,30254491,30254502,11
channel-0,4037185,30254497,30254507,10
channel-6994,1323245,30254504,30254530,26
channel-6994,1323246,30254518,30254530,12
channel-6994,1323247,30254520,30254551,31
channel-750,681680,30254548,30254554,6
channel-122,667701,30254553,30254556,3
channel-6994,1323248,30254553,30254562,9
channel-5485,1704,30254554,30254571,17
channel-750,681681,30254565,30254575,10
channel-88,467068,30254566,30254577,11
channel-85077,59472,30254567,30254579,12
channel-0,4037186,30254571,30254579,8
channel-750,681682,30254575,30254580,5
channel-1,408205,30254576,30254587,11
channel-0,4037187,30254577,30254590,13
channel-1575,15180,30254577,30254587,10
channel-750,681683,30254577,30254588,11
channel-208,1489616,30254587,30254600,13
channel-6994,1323249,30254591,30254603,12
channel-6994,1323250,30254607,30254616,9
channel-750,681684,30254607,30254616,9
channel-0,4037188,30254608,30254620,12
channel-874,292725,30254617,30254624,7
channel-6994,1323251,30254626,30254637,11
channel-1575,15181,30254626,30254635,9
channel-6994,1323252,30254627,30254642,15
channel-208,1489617,30254629,30254639,10
channel-0,4037189,30254632,30254641,9
channel-874,292726,30254640,30254643,3
channel-199,132579,30254641,30254649,8
channel-750,681685,30254641,30254651,10
channel-113,301300,30254644,30254653,9
channel-184,137393,30254645,30254654,9
channel-6994,1323253,30254654,30254666,12
channel-122,667702,30254663,30254667,4
channel-874,292727,30254673,30254679,6
channel-750,681686,30254676,30254687,11
channel-75,844784,30254699,30254706,7
channel-326,537526,30254703,30254713,10
channel-85186,858,30254704,30254712,8
channel-750,681687,30254709,30254725,16
channel-85077,59473,30254720,30254725,5
channel-208,1489618,30254734,30254744,10
channel-208,1489619,30254744,30254754,10
channel-750,681688,30254751,30254757,6
channel-750,681689,30254756,30254767,11
channel-750,681690,30254759,30254764,5
channel-75,844785,30254761,30254769,8
channel-122,667703,30254776,30254779,3
channel-2,130587,30254786,30254799,13
channel-750,681691,30254790,30254802,12
channel-750,681692,30254793,30254812,19
channel-38946,124068,30254799,30254808,9
channel-522,40420,30254823,30254837,14
channel-750,681693,30254823,30254837,14
channel-122,667704,30254830,30254834,4
channel-75,844786,30254830,30254847,17
channel-522,40421,30254850,30254858,8
channel-0,4037190,30254855,30254866,11
channel-750,681694,30254868,30254879,11
channel-75,844787,30254871,30254887,16
channel-0,4037191,30254871,30254880,9
channel-94814,3739,30254871,30254879,8
channel-6994,1323254,30254877,30254891,14
channel-208,1489620,30254878,30254887,9
channel-750,681695,30254888,30254902,14
channel-750,681696,30254900,30254912,12
channel-208,1489621,30254909,30254919,10
channel-122,667705,30254916,30254920,4
channel-85077,59474,30254931,30254940,9
channel-75,844788,30254932,30254940,8
channel-6994,1323255,30254936,30254948,12
channel-94814,3740,30254940,30254956,16
channel-0,4037192,30254955,30254965,10
channel-6994,1323256,30254977,30254988,11
channel-208,1489622,30254992,30255003,11
channel-6787,166621,30255001,30255006,5
channel-0,4037193,30255001,30255011,10
channel-2186,40756,30255006,30255037,31
channel-208,1489623,30255015,30255027,12
channel-750,681697,30255017,30255027,10
channel-143,128277,30255028,30255038,10
channel-0,4037194,30255047,30255058,11
channel-113,301301,30255048,30255985,937
channel-75,844789,30255052,30255061,9
channel-6787,166622,30255053,30255058,5
channel-75,844790,30255067,30255072,5
channel-6994,1323257,30255068,30255081,13
channel-326,537527,30255077,30255081,4
channel-113,301302,30255080,30255180,100
channel-6994,1323258,30255088,30255099,11
channel-750,681698,30255099,30255105,6
channel-75,844791,30255106,30255113,7
channel-0,4037195,30255123,30255136,13
channel-113,301303,30255131,30255257,126
channel-38946,124069,30255133,30255146,13
channel-0,4037196,30255138,30255151,13
channel-208,1489624,30255145,30255156,11
channel-6994,1323259,30255145,30255157,12
channel-232,49190,30255153,30255162,9
channel-0,4037197,30255162,30255172,10
channel-251,85167,30255162,30255174,12
channel-251,85168,30255191,30255200,9
channel-326,537528,30255195,30255202,7
channel-874,292728,30255212,30255219,7
channel-0,4037198,30255213,30255222,9
channel-85077,59475,30255218,30255229,11
channel-19774,345782,30255222,30255232,10
channel-782,310089,30255227,30255233,6
channel-6994,1323260,30255227,30255240,13
channel-782,310090,30255232,30255236,4
channel-1,408206,30255251,30255288,37
channel-6787,166623,30255251,30255256,5
channel-208,1489625,30255256,30255269,13
channel-750,681699,30255265,30255269,4
channel-0,4037199,30255275,30255286,11
channel-0,4037200,30255280,30255290,10
channel-750,681700,30255292,30255296,4
channel-874,292729,30255307,30255315,8
channel-750,681701,30255335,30255349,14
channel-750,681702,30255350,30255363,13
channel-0,4037201,30255357,30255366,9
channel-750,681703,30255359,30255377,18
channel-767,14356,30255375,30255383,8
channel-208,1489626,30255383,30255392,9
channel-204,670746,30255387,30255395,8
channel-783,104196,30255403,30255410,7
channel-165,71416,30255404,30255414,10
channel-208,1489627,30255412,30255421,9
channel-0,4037202,30255412,30255421,9
channel-259,314204,30255413,30255420,7
channel-0,4037203,30255416,30255427,11
channel-0,4037204,30255428,30255440,12
channel-6,66632,30255429,30255440,11
channel-122,667706,30255440,30255443,3
channel-113,301304,30255460,30255515,55
channel-0,4037205,30255467,30255479,12
channel-22172,2615,30255481,30255496,15
channel-6994,1323261,30255489,30255519,30
channel-0,4037206,30255503,30255512,9
channel-208,1489628,30255508,30255520,12
channel-188,190538,30255508,30255516,8
channel-188,190539,30255511,30255520,9
channel-6994,1323262,30255528,30255541,13
channel-122,667707,30255532,30255536,4
channel-122,667708,30255534,30255537,3
channel-874,292730,30255556,30255562,6
channel-6994,1323263,30255557,30255567,10
channel-0,4037207,30255558,30255570,12
channel-1,408207,30255561,30255572,11
channel-0,4037208,30255583,30255594,11
channel-750,681704,30255593,30255607,14
channel-6994,1323264,30255599,30255609,10
channel-0,4037209,30255601,30255611,10
channel-216,94132,30255609,30255615,6
channel-750,681705,30255609,30255618,9
channel-75,844792,30255609,30255615,6
channel-750,681706,30255623,30255629,6
channel-122,667709,30255626,30255630,4
channel-75,844793,30255626,30255632,6
channel-6994,1323265,30255630,30255641,11
channel-6994,1323266,30255632,30255667,35
channel-89298,18583,30255644,30255655,11
channel-750,681707,30255649,30255664,15
channel-94814,3741,30255660,30255674,14
channel-750,681708,30255715,30255731,16
channel-6994,1323267,30255741,30255751,10
channel-199,132580,30255747,30255757,10
channel-750,681709,30255779,30255791,12
channel-750,681710,30255780,30255793,13
channel-6994,1323268,30255781,30255794,13
channel-0,4037210,30255787,30255797,10
channel-75,844794,30255788,30255797,9
channel-208,1489629,30255805,30255813,8
channel-2494,31878,30255807,30255818,11
channel-750,681711,30255810,30255819,9
channel-1,408208,30255816,30255835,19
channel-6994,1323269,30255818,30255828,10
channel-0,4037211,30255820,30255834,14
channel-326,537529,30255825,30255834,9
channel-767,14357,30255825,30255838,13
channel-0,4037212,30255829,30255843,14
channel-72,516398,30255843,30255882,39
channel-6994,1323270,30255844,30255856,12
channel-258,17753,30255850,30255859,9
channel-6994,1323271,30255852,30255864,12
channel-6994,1323272,30255873,30255885,12
channel-750,681712,30255878,30255885,7
channel-229,55004,30255878,30255891,13
channel-6994,1323273,30255886,30255897,11
channel-0,4037213,30255887,30255900,13
channel-38946,124070,30255894,30255909,15
channel-6994,1323274,30255902,30255911,9
channel-75,844795,30255909,30255916,7
channel-750,681713,30255911,30255915,4
channel-320,119166,30255921,30255947,26
channel-2494,31879,30255925,30255935,10
channel-19774,345783,30255929,30255941,12
channel-1279,67109,30255953,30255979,26
channel-2188,43531,30255954,30255959,5
channel-6994,1323275,30255984,30255996,12
channel-208,1489630,30255991,30256000,9
channel-0,4037214,30256003,30256014,11
channel-85077,59476,30256005,30256021,16
channel-6994,1323276,30256008,30256018,10
channel-0,4037215,30256029,30256038,9
channel-6994,1323277,30256031,30256041,10
channel-6994,1323278,30256045,30256068,23
channel-6994,1323279,30256046,30256068,22
channel-340,3161,30256054,30256061,7
channel-6994,1323280,30256057,30256067,10
channel-122,667710,30256066,30256069,3
channel-19774,345784,30256066,30256079,13
channel-6994,1323281,30256078,30256089,11
channel-6994,1323282,30256096,30256107,11
channel-6994,1323283,30256102,30256123,21
channel-75016,4577,30256117,30256137,20
channel-6994,1323284,30256117,30256128,11
channel-326,537530,30256118,30256134,16
channel-750,681714,30256123,30256133,10
channel-750,681715,30256133,30256143,10
channel-208,1489631,30256138,30256151,13
channel-6994,1323285,30256154,30256165,11
channel-94814,3742,30256157,30256167,10
channel-6994,1323286,30256160,30256170,10
channel-782,310091,30256173,30256178,5
channel-6994,1323287,30256182,30256194,12
channel-89321,19360,30256199,30256225,26
channel-6994,1323288,30256209,30256223,14
channel-6994,1323289,30256225,30256238,13
channel-89298,18584,30256225,30256238,13
channel-750,681716,30256227,30256233,6
channel-750,681717,30256228,30256248,20
channel-1,408209,30256238,30256253,15
channel-6787,166624,30256256,30256260,4
channel-782,310092,30256257,30256263,6
channel-6994,1323290,30256265,30256275,10
channel-75,844796,30256269,30256277,8
channel-208,1489632,30256273,30256283,10
channel-6994,1323291,30256280,30256295,15
channel-6994,1323292,30256301,30256321,20
channel-6994,1323293,30256302,30256321,19
channel-750,681718,30256303,30256307,4
channel-75,844797,30256306,30256314,8
channel-6787,166625,30256310,30256315,5
channel-208,1489633,30256331,30256345,14
channel-1,408210,30256331,30256343,12
channel-0,4037216,30256331,30256340,9
channel-2,130588,30256334,30256342,8
channel-19774,345785,30256339,30256350,11
channel-0,4037217,30256340,30256349,9
channel-204,670747,30256346,30256353,7
channel-750,681719,30256362,30256367,5
channel-188,190540,30256372,30256389,17
channel-6994,1323294,30256372,30256382,10
channel-6787,166626,30256375,30256379,4
channel-38946,124071,30256377,30256393,16
channel-0,4037218,30256380,30256390,10
channel-122,667711,30256381,30256384,3
channel-6994,1323295,30256382,30256391,9
channel-38946,124072,30256391,30256403,12
channel-122,667712,30256393,30256407,14
channel-208,1489634,30256395,30256409,14
channel-19774,345786,30256398,30256410,12
channel-1,408211,30256407,30256424,17
channel-91017,2752,30256407,30256417,10
channel-6787,166627,30256413,30256418,5
channel-750,681720,30256418,30256431,13
channel-6994,1323296,30256425,30256436,11
channel-6994,1323297,30256430,30256442,12
channel-6994,1323298,30256431,30256443,12
channel-783,104197,30256443,30256449,6
channel-750,681721,30256444,30256448,4
channel-750,681722,30256446,30256450,4
channel-874,292731,30256453,30256458,5
channel-72,516399,30256457,30256510,53
channel-6787,166628,30256467,30256472,5
channel-0,4037219,30256473,30256497,24
channel-750,681723,30256480,30256501,21
channel-122,667713,30256481,30256484,3
channel-2188,43532,30256491,30256495,4
channel-874,292732,30256500,30256505,5
channel-75,844798,30256503,30256508,5
channel-208,1489635,30256503,30256515,12
channel-2188,43533,30256511,30256515,4
channel-2188,43534,30256536,30256541,5
channel-204,670748,30256546,30256554,8
channel-6994,1323299,30256550,30256564,14
channel-2188,43535,30256560,30256565,5
channel-75,844799,30256560,30256566,6
channel-750,681724,30256561,30256571,10
channel-6994,1323300,30256577,30256588,11
channel-91017,2753,30256593,30256602,9
channel-2186,40757,30256593,30256604,11
channel-0,4037220,30256597,30256606,9
channel-2188,43536,30256598,30256602,4
channel-0,4037221,30256603,30256615,12
channel-208,1489636,30256613,30256626,13
channel-326,537531,30256626,30256644,18
channel-6994,1323301,30256628,30256638,10
channel-6994,1323302,30256638,30256648,10
channel-85077,59477,30256639,30256647,8
channel-750,681725,30256640,30256645,5
channel-874,292733,30256649,30256654,5
channel-326,537532,30256650,30256655,5
channel-75,844800,30256652,30256659,7
channel-6994,1323303,30256666,30256678,12
channel-6994,1323304,30256669,30256681,12
channel-19774,345787,30256678,30256685,7
channel-0,4037222,30256684,30256698,14
channel-85077,59478,30256690,30256700,10
channel-6994,1323305,30256692,30256710,18
channel-122,667714,30256698,30256701,3
channel-122,667715,30256700,30256703,3
channel-89298,18585,30256704,30256717,13
channel-341,3386,30256708,30256718,10
channel-0,4037223,30256708,30256718,10
channel-750,681726,30256716,30256718,2
channel-122,667716,30256720,30256723,3
channel-75,844801,30256721,30256728,7
channel-0,4037224,30256722,30256732,10
channel-750,681727,30256724,30256728,4
channel-85077,59479,30256725,30256734,9
channel-0,4037225,30256737,30256746,9
channel-122,667717,30256740,30256744,4
channel-0,4037226,30256742,30256752,10
channel-85077,59480,30256759,30256769,10
channel-874,292734,30256773,30256779,6
channel-0,4037227,30256773,30256780,7
channel-75,844802,30256779,30256786,7
channel-6994,1323306,30256781,30256793,12
channel-122,667718,30256788,30256792,4
channel-6994,1323307,30256788,30256804,16
channel-750,681728,30256795,30256806,11
channel-0,4037228,30256799,30256807,8
channel-0,4037229,30256801,30256807,6
channel-0,4037230,30256802,30256807,5
channel-85077,59481,30256808,30256815,7
channel-19774,345788,30256813,30256822,9
channel-0,4037231,30256819,30256829,10
channel-782,310093,30256821,30256828,7
channel-89298,18586,30256828,30256837,9
channel-2188,43537,30256837,30256842,5
channel-188,190541,30256840,30256857,17
channel-6994,1323308,30256842,30256853,11
channel-750,681729,30256844,30256849,5
channel-750,681730,30256849,30256859,10
channel-5,184247,30256864,30256874,10
channel-6787,166629,30256865,30256869,4
channel-75,844803,30256865,30256873,8
channel-750,681731,30256870,30256885,15
channel-222,3831,30256874,30256882,8
channel-122,667719,30256877,30256881,4
channel-75,844804,30256877,30256885,8
channel-0,4037232,30256878,30256888,10
channel-85077,59482,30256881,30256889,8
channel-146,20026,30256898,30256909,11
channel-91017,2754,30256908,30256916,8
channel-229,55005,30256909,30256919,10
channel-0,4037233,30256918,30256929,11
channel-0,4037234,30256921,30256929,8
channel-1575,15182,30256938,30256951,13
channel-326,537533,30256939,30256946,7
channel-750,681732,30256939,30256953,14
channel-6994,1323309,30256944,30256955,11
channel-782,310094,30256944,30256951,7
channel-6994,1323310,30256952,30256966,14
channel-0,4037235,30256955,30256968,13
channel-88,467069,30256956,30256971,15
channel-0,4037236,30256962,30256977,15
channel-0,4037237,30256963,30256977,14
channel-1,408212,30256969,30257003,34
channel-750,681733,30256971,30256979,8
channel-0,4037238,30256974,30256986,12
channel-750,681734,30256979,30256986,7
channel-72,516400,30256981,30257030,49
channel-0,4037239,30256987,30256998,11
channel-208,1489637,30256992,30257006,14
channel-6994,1323311,30256997,30257006,9
channel-72,516401,30256997,30257036,39
channel-75,844805,30257000,30257007,7
channel-85077,59483,30257004,30257013,9
channel-750,681735,30257017,30257027,10
channel-0,4037240,30257019,30257030,11
channel-0,4037241,30257021,30257030,9
channel-782,310095,30257023,30257028,5
channel-122,667720,30257026,30257030,4
channel-208,1489638,30257027,30257041,14
channel-750,681736,30257027,30257042,15
channel-6994,1323312,30257039,30257053,14
channel-750,681737,30257045,30257059,14
channel-89298,18587,30257047,30257058,11
channel-750,681738,30257048,30257053,5
channel-0,4037242,30257051,30257059,8
channel-750,681739,30257062,30257069,7
channel-6994,1323313,30257062,30257071,9
channel-0,4037243,30257066,30257074,8
channel-85077,59484,30257070,30257079,9
channel-122,667721,30257072,30257088,16
channel-85077,59485,30257074,30257096,22
channel-6994,1323314,30257079,30257091,12
channel-85077,59486,30257082,30257094,12
channel-6994,1323315,30257083,30257097,14
channel-0,4037244,30257084,30257096,12
channel-6994,1323316,30257092,30257106,14
channel-85077,59487,30257094,30257105,11
channel-75,844806,30257099,30257106,7
channel-0,4037245,30257101,30257111,10
channel-89321,19361,30257106,30257117,11
channel-0,4037246,30257128,30257138,10
channel-2,130589,30257140,30257152,12
channel-0,4037247,30257152,30257162,10
channel-199,132581,30257166,30257176,10
channel-75,844807,30257176,30257183,7
channel-94814,3743,30257178,30257192,14
channel-750,681740,30257186,30257193,7
channel-0,4037248,30257194,30257203,9
channel-75,844808,30257198,30257206,8
channel-750,681741,30257209,30257219,10
channel-122,667722,30257214,30257217,3
channel-750,681742,30257236,30257241,5
channel-89298,18588,30257241,30257250,9
channel-6994,1323317,30257251,30257262,11
channel-0,4037249,30257251,30257261,10
channel-208,1489639,30257259,30257272,13
channel-208,1489640,30257260,30257272,12
channel-6994,1323318,30257260,30257272,12
channel-0,4037250,30257277,30257290,13
channel-6994,1323319,30257285,30257298,13
channel-0,4037251,30257300,30257309,9
channel-782,310096,30257306,30257312,6
channel-85077,59488,30257308,30257321,13
channel-6994,1323320,30257309,30257324,15
channel-6994,1323321,30257321,30257335,14
channel-1429,140687,30257323,30257331,8
channel-122,667723,30257324,30257327,3
channel-6994,1323322,30257325,30257335,10
channel-6994,1323323,30257327,30257341,14
channel-874,292735,30257327,30257336,9
channel-6994,1323324,30257336,30257346,10
channel-39535,10289,30257336,30257390,54
channel-750,681743,30257341,30257355,14
channel-750,681744,30257357,30257367,10
channel-89321,19362,30257360,30257390,30
channel-2,130590,30257371,30257381,10
channel-85077,59489,30257379,30257390,11
channel-85077,59490,30257385,30257395,10
channel-6994,1323325,30257398,30257410,12
channel-0,4037252,30257404,30257418,14
channel-208,1489641,30257425,30257437,12
channel-89298,18589,30257430,30257439,9
channel-208,1489642,30257440,30257451,11
channel-6787,166630,30257447,30257453,6
channel-208,1489643,30257471,30257478,7
channel-6994,1323326,30257473,30257483,10
channel-208,1489644,30257480,30257493,13
channel-208,1489645,30257482,30257493,11
channel-326,537534,30257489,30257496,7
channel-6994,1323327,30257499,30257511,12
channel-229,55006,30257538,30257549,11
channel-0,4037253,30257540,30257548,8
channel-750,681745,30257541,30257558,17
channel-19774,345789,30257546,30257555,9
channel-85077,59491,30257547,30257570,23
channel-75,844809,30257570,30257577,7
channel-1,408213,30257580,30257591,11
channel-21113,25296,30257588,30257598,10
channel-0,4037254,30257595,30257605,10
channel-122,667724,30257607,30257610,3
channel-874,292736,30257620,30257629,9
channel-0,4037255,30257637,30257650,13
channel-251,85169,30257645,30257658,13
channel-122,667725,30257659,30257663,4
channel-20082,9869,30257662,30257672,10
channel-6994,1323328,30257675,30257686,11
channel-251,85170,30257679,30257686,7
channel-6994,1323329,30257681,30257689,8
channel-6787,166631,30257682,30257686,4
channel-6994,1323330,30257711,30257724,13
channel-19774,345790,30257742,30257754,12
channel-750,681746,30257749,30257753,4
channel-0,4037256,30257750,30257758,8
channel-6994,1323331,30257758,30257768,10
channel-6994,1323332,30257763,30257773,10
channel-75,844810,30257769,30257779,10
channel-6994,1323333,30257780,30257793,13
channel-75,844811,30257782,30257788,6
channel-0,4037257,30257785,30257796,11
channel-0,4037258,30257793,30257800,7
channel-19774,345791,30257798,30257806,8
channel-208,1489646,30257802,30257811,9
channel-75,844812,30257805,30257812,7
channel-89321,19363,30257807,30257816,9
channel-204,670749,30257816,30304914,47098
channel-85077,59492,30257826,30257834,8
channel-19774,345792,30257833,30257844,11
channel-6994,1323334,30257834,30257846,12
channel-0,4037259,30257862,30257870,8
channel-750,681747,30257870,30257894,24
channel-750,681748,30257884,30257889,5
channel-204,670750,30257888,30257895,7
channel-326,537535,30257901,30257910,9
channel-750,681749,30257901,30257909,8
channel-874,292737,30257916,30257932,16
channel-165,71417,30257920,30257931,11
channel-122,667726,30257930,30257961,31
channel-874,292738,30257937,30257942,5
channel-51,20929,30257949,30257962,13
channel-75,844813,30257962,30257968,6
channel-6994,1323335,30257969,30257984,15
channel-6994,1323336,30257970,30257984,14
channel-6994,1323337,30257971,30257989,18
channel-4,166845,30257976,30258013,37
channel-0,4037260,30257978,30258001,23
channel-75,844814,30257981,30257988,7
channel-19774,345793,30257984,30257991,7
channel-4,166846,30257997,30258032,35
channel-85077,59493,30258008,30258015,7
channel-85077,59494,30258017,30258030,13
channel-75,844815,30258028,30258034,6
channel-122,667727,30258055,30258059,4
channel-75,844816,30258084,30258092,8
channel-75,844817,30258153,30258161,8
channel-85077,59495,30258158,30258169,11
channel-4,166847,30258161,30258188,27
channel-326,537536,30258161,30258172,11
channel-19774,345794,30258170,30258180,10
channel-6994,1323338,30258181,30258189,8
channel-75,844818,30258188,30258196,8
channel-75,844819,30258196,30258204,8
channel-6994,1323339,30258199,30258210,11
channel-6994,1323340,30258203,30258214,11
channel-320,119167,30258212,30258225,13
channel-208,1489647,30258213,30258224,11
channel-38946,124073,30258231,30258245,14
channel-208,1489648,30258235,30258244,9
channel-2494,31880,30258238,30258249,11
channel-6994,1323341,30258246,30258258,12
channel-6994,1323342,30258254,30258281,27
channel-0,4037261,30258257,30258267,10
channel-208,1489649,30258257,30258269,12
channel-38946,124074,30258262,30258277,15
channel-326,537537,30258265,30258278,13
channel-208,1489650,30258275,30258282,7
channel-0,4037262,30258294,30258303,9
channel-6994,1323343,30258299,30258322,23
channel-122,667728,30258308,30258311,3
channel-122,667729,30258312,30258314,2
channel-326,537538,30258328,30258349,21
channel-208,1489651,30258328,30258340,12
channel-750,681750,30258338,30258343,5
channel-750,681751,30258349,30258354,5
channel-0,4037263,30258355,30258365,10
channel-85077,59496,30258356,30258365,9
channel-6994,1323344,30258362,30258369,7
channel-4,166848,30258363,30258401,38
channel-122,667730,30258371,30258384,13
channel-204,670751,30258373,30258385,12
channel-6994,1323345,30258375,30258390,15
channel-208,1489652,30258375,30258385,10
channel-2186,40758,30258384,30258398,14
channel-0,4037264,30258388,30258397,9
channel-326,537539,30258391,30258407,16
channel-75,844820,30258391,30258400,9
channel-208,1489653,30258394,30258406,12
channel-204,670752,30258414,30258423,9
channel-6994,1323346,30258424,30258434,10
channel-6994,1323347,30258425,30258440,15
channel-85077,59497,30258441,30258449,8
channel-750,681752,30258446,30258450,4
channel-326,537540,30258452,30258468,16
channel-184,137394,30258452,30258465,13
channel-642,126486,30258455,30258527,72
channel-6994,1323348,30258459,30258470,11
channel-75,844821,30258483,30258490,7
channel-6994,1323349,30258494,30258505,11
channel-19774,345795,30258497,30258504,7
channel-85077,59498,30258500,30258518,18
channel-122,667731,30258506,30258510,4
channel-42,1489933,30258522,30258555,33
channel-85077,59499,30258524,30258554,30
channel-20082,9870,30258536,30258545,9
channel-6994,1323350,30258539,30258551,12
channel-750,681753,30258539,30258544,5
channel-6994,1323351,30258541,30258556,15
channel-6994,1323352,30258545,30258556,11
channel-326,537541,30258546,30258561,15
channel-0,4037265,30258549,30258557,8
channel-75,844822,30258549,30258555,6
channel-122,667732,30258551,30258554,3
channel-0,4037266,30258555,30258566,11
channel-85077,59500,30258557,30258566,9
channel-75,844823,30258563,30258572,9
channel-0,4037267,30258565,30258577,12
channel-89321,19364,30258571,30258583,12
channel-75,844824,30258574,30258581,7
channel-75,844825,30258586,30258592,6
channel-259,314205,30258590,30258597,7
channel-6994,1323353,30258607,30258619,12
channel-0,4037268,30258608,30258619,11
channel-4,166849,30258616,30258655,39
channel-75,844826,30258619,30258626,7
channel-6994,1323354,30258632,30258643,11
channel-750,681754,30258633,30258639,6
channel-0,4037269,30258638,30258650,12
channel-0,4037270,30258646,30258655,9
channel-6994,1323355,30258648,30258658,10
channel-122,667733,30258668,30258673,5
channel-0,4037271,30258674,30258685,11
channel-199,132582,30258679,30258690,11
channel-208,1489654,30258711,30258725,14
channel-251,85171,30258714,30258725,11
channel-75,844827,30258734,30258741,7
channel-4,166850,30258738,30258765,27
channel-326,537542,30258744,30258752,8
channel-19774,345796,30258754,30258762,8
channel-184,137395,30258755,30258763,8
channel-6994,1323356,30258758,30258774,16
channel-122,667734,30258766,30258771,5
channel-208,1489655,30258767,30258778,11
channel-75,844828,30258775,30258783,8
channel-0,4037272,30258814,30258823,9
channel-874,292739,30258817,30258823,6
channel-1575,15183,30258836,30258845,9
channel-75,844829,30258841,30258848,7
channel-1,408214,30258850,30258868,18
channel-85077,59501,30258857,30258866,9
channel-326,537543,30258859,30258864,5
channel-6787,166632,30258871,30258876,5
channel-0,4037273,30258874,30258884,10
channel-0,4037274,30258879,30258885,6
channel-2188,43538,30258899,30258903,4
channel-0,4037275,30258910,30258919,9
channel-750,681755,30258910,30258928,18
channel-75,844830,30258931,30258939,8
channel-79703,4410,30258932,30258944,12
channel-6994,1323357,30258939,30258951,12
channel-38946,124075,30258942,30258955,13
channel-2186,40759,30258945,30258959,14
channel-122,667735,30258955,30258958,3
channel-38946,124076,30258959,30258985,26
channel-122,667736,30258975,30258980,5
channel-326,537544,30258992,30258999,7
channel-0,4037276,30259000,30259023,23
channel-75,844831,30259002,30259010,8
channel-6994,1323358,30259005,30259020,15
channel-0,4037277,30259039,30259051,12
channel-89321,19365,30259051,30259059,8
channel-0,4037278,30259055,30259063,8
channel-204,670753,30259056,30259066,10
channel-204,670754,30259065,30259072,7
channel-2188,43539,30259106,30259111,5
channel-208,1489656,30259110,30259119,9
channel-6994,1323359,30259140,30259146,6
channel-750,681756,30259142,30259154,12
channel-2494,31881,30259147,30259163,16
channel-75,844832,30259151,30259159,8
channel-0,4037279,30259157,30259169,12
channel-259,314206,30259167,30259173,6
channel-122,667737,30259178,30259181,3
channel-1,408215,30259179,30259190,11
channel-42,1489934,30259188,30259195,7
channel-326,537545,30259189,30259198,9
channel-0,4037280,30259196,30259207,11
channel-42,1489935,30259200,30259213,13
channel-85077,59502,30259207,30259218,11
channel-0,4037281,30259237,30259242,5
channel-0,4037282,30259240,30259252,12
channel-0,4037283,30259246,30259257,11
channel-6787,166633,30259252,30259256,4
channel-6994,1323360,30259258,30259272,14
channel-6994,1323361,30259259,30259272,13
channel-1,408216,30259259,30259281,22
channel-2494,31882,30259262,30259271,9
channel-88,467070,30259266,30259287,21
channel-208,1489657,30259268,30259280,12
channel-326,537546,30259269,30259274,5
channel-326,537547,30259269,30259274,5
channel-326,537548,30259269,30259274,5
channel-326,537549,30259269,30259274,5
channel-326,537550,30259269,30259274,5
channel-326,537551,30259269,30259274,5
channel-326,537552,30259269,30259274,5
channel-75,844833,30259275,30259286,11
channel-1,408217,30259277,30259291,14
channel-750,681757,30259278,30259293,15
channel-0,4037284,30259295,30259307,12
channel-6994,1323362,30259299,30259309,10
channel-6994,1323363,30259329,30259342,13
channel-1,408218,30259331,30259352,21
channel-199,132583,30259334,30259344,10
channel-874,292740,30259350,30259356,6
channel-6994,1323364,30259365,30259376,11
channel-0,4037285,30259365,30259377,12
channel-208,1489658,30259375,30259385,10
channel-0,4037286,30259376,30259384,8
channel-122,667738,30259377,30259380,3
channel-6994,1323365,30259388,30259399,11
channel-6994,1323366,30259389,30259399,10
channel-19774,345797,30259393,30259404,11
channel-122,667739,30259410,30259414,4
channel-208,1489659,30259416,30259425,9
channel-0,4037287,30259421,30259433,12
channel-76971,12218,30259424,30259440,16
channel-6994,1323367,30259424,30259434,10
channel-85077,59503,30259429,30259452,23
channel-75,844834,30259439,30259444,5
channel-75,844835,30259442,30259450,8
channel-6994,1323368,30259449,30259460,11
channel-2,130591,30259455,30259466,11
channel-6787,166634,30259464,30259468,4
channel-38946,124077,30259464,30259477,13
channel-1,408219,30259477,30259495,18
channel-6994,1323369,30259483,30259492,9
channel-412,64457,30259488,30259496,8
channel-19774,345798,30259489,30259502,13
channel-199,132584,30259509,30259521,12
channel-767,14358,30259514,30259523,9
channel-326,537553,30259522,30259529,7
channel-73,51329,30259531,30259544,13
channel-0,4037288,30259533,30259544,11
channel-208,1489660,30259535,30259546,11
channel-6994,1323370,30259545,30259553,8
channel-75,844836,30259554,30259562,8
channel-326,537554,30259559,30259570,11
channel-5,184248,30259560,30259573,13
channel-6994,1323371,30259562,30259574,12
channel-0,4037289,30259562,30259574,12
channel-1,408220,30259564,30259585,21
channel-0,4037290,30259574,30259584,10
channel-0,4037291,30259580,30259591,11
channel-75,844837,30259601,30259608,7
channel-1,408221,30259619,30259632,13
channel-779,1170,30259623,30259656,33
channel-750,681758,30259631,30259637,6
channel-750,681759,30259638,30259647,9
channel-0,4037292,30259644,30259653,9
channel-0,4037293,30259668,30259674,6
channel-76971,12219,30259669,30259698,29
channel-6994,1323372,30259673,30259685,12
channel-122,667740,30259676,30259679,3
channel-199,132585,30259677,30259686,9
channel-642,126487,30259680,30259711,31
channel-208,1489661,30259698,30259705,7
channel-208,1489662,30259702,30259715,13
channel-122,667741,30259702,30259706,4
channel-85077,59504,30259710,30259719,9
channel-76971,12220,30259710,30259726,16
channel-6994,1323373,30259713,30259725,12
channel-0,4037294,30259730,30259744,14
channel-208,1489663,30259741,30259750,9
channel-6994,1323374,30259742,30259754,12
channel-20082,9871,30259743,30259752,9
channel-184,137396,30259744,30259754,10
channel-0,4037295,30259761,30259770,9
channel-20082,9872,30259766,30259777,11
channel-6994,1323375,30259794,30259803,9
channel-20082,9873,30259814,30259910,96
channel-208,1489664,30259820,30259829,9
channel-76971,12221,30259822,30259840,18
channel-6787,166635,30259823,30259827,4
channel-0,4037296,30259828,30259841,13
channel-216,94133,30259836,30259931,95
channel-122,667742,30259862,30259866,4
channel-199,132586,30259871,30259882,11
channel-1429,140688,30259879,30259888,9
channel-6787,166636,30259895,30259900,5
channel-89298,18590,30259896,30259904,8
channel-5,184249,30259900,30259908,8
channel-320,119168,30259905,30259937,32
channel-750,681760,30259905,30259910,5
channel-6994,1323376,30259931,30259941,10
channel-0,4037297,30259946,30259965,19
channel-750,681761,30259952,30259974,22
channel-122,667743,30259960,30259962,2
channel-216,94134,30259966,30260064,98
channel-4,166851,30259995,30260021,26
channel-6994,1323377,30260025,30260039,14
channel-0,4037298,30260036,30260048,12
channel-750,681762,30260047,30260052,5
channel-750,681763,30260054,30260060,6
channel-1,408222,30260059,30260072,13
channel-782,310097,30260074,30260078,4
channel-0,4037299,30260086,30260094,8
channel-75,844838,30260091,30260098,7
channel-75,844839,30260095,30260104,9
channel-0,4037300,30260097,30260109,12
channel-0,4037301,30260097,30260109,12
channel-89298,18591,30260103,30260111,8
channel-6787,166637,30260109,30260113,4
channel-750,681764,30260111,30260116,5
channel-0,4037302,30260111,30260125,14
channel-874,292741,30260118,30260129,11
channel-0,4037303,30260119,30260130,11
channel-6994,1323378,30260133,30260145,12
channel-122,667744,30260142,30260146,4
channel-6994,1323379,30260143,30260157,14
channel-0,4037304,30260154,30260162,8
channel-0,4037305,30260158,30260167,9
channel-6994,1323380,30260160,30260171,11
channel-750,681765,30260161,30260166,5
channel-0,4037306,30260192,30260204,12
channel-750,681766,30260192,30260196,4
channel-0,4037307,30260207,30260218,11
channel-0,4037308,30260207,30260218,11
channel-750,681767,30260211,30260216,5
channel-4,166852,30260212,30260239,27
channel-750,681768,30260212,30260216,4
channel-6994,1323381,30260229,30260239,10
channel-208,1489665,30260233,30260246,13
channel-122,667745,30260236,30260239,3
channel-89298,18592,30260239,30260249,10
channel-0,4037309,30260239,30260251,12
channel-0,4037310,30260257,30260269,12
channel-0,4037311,30260269,30260281,12
channel-0,4037312,30260281,30260292,11
channel-19774,345799,30260282,30260295,13
channel-0,4037313,30260300,30260310,10
channel-216,94135,30260302,30260385,83
channel-0,4037314,30260303,30260315,12
channel-0,4037315,30260304,30260315,11
channel-0,4037316,30260307,30260316,9
channel-199,132587,30260316,30260327,11
channel-6994,1323382,30260316,30260329,13
channel-2494,31883,30260317,30260330,13
channel-0,4037317,30260318,30260330,12
channel-85077,59505,30260322,30260329,7
channel-0,4037318,30260340,30260350,10
channel-42,1489936,30260341,30260350,9
channel-89298,18593,30260343,30260352,9
channel-216,94136,30260351,30260425,74
channel-6994,1323383,30260357,30260372,15
channel-0,4037319,30260359,30260370,11
channel-6994,1323384,30260363,30260376,13
channel-6994,1323385,30260375,30260384,9
channel-199,132588,30260377,30260387,10
channel-340,3162,30260377,30260389,12
channel-6994,1323386,30260377,30260390,13
channel-750,681769,30260380,30260393,13
channel-0,4037320,30260382,30260392,10
channel-259,314207,30260386,30260391,5
channel-320,119169,30260386,30260397,11
channel-199,132589,30260394,30260403,9
channel-750,681770,30260401,30260412,11
channel-122,667746,30260401,30260458,57
channel-750,681771,30260402,30260412,10
channel-6994,1323387,30260413,30260426,13
channel-6994,1323388,30260424,30260436,12
channel-1,408223,30260434,30260447,13
channel-42,1489937,30260437,30260509,72
channel-85077,59506,30260470,30260479,9
channel-0,4037321,30260470,30260481,11
channel-750,681772,30260472,30260481,9
channel-782,310098,30260490,30260495,5
channel-85077,59507,30260492,30260501,9
channel-208,1489666,30260504,30260516,12
channel-6787,166638,30260505,30260510,5
channel-0,4037322,30260507,30260520,13
channel-259,314208,30260517,30260522,5
channel-750,681773,30260524,30260537,13
channel-91017,2755,30260526,30260534,8
channel-42,1489938,30260532,30260540,8
channel-89298,18594,30260544,30260555,11
channel-750,681774,30260550,30260555,5
channel-91017,2756,30260554,30260563,9
channel-208,1489667,30260563,30260573,10
channel-750,681775,30260590,30260593,3
channel-6994,1323389,30260592,30260606,14
channel-75,844840,30260595,30260602,7
channel-91017,2757,30260595,30260606,11
channel-6994,1323390,30260600,30260614,14
channel-750,681776,30260602,30260611,9
channel-750,681777,30260625,30260633,8
channel-42,1489939,30260637,30260643,6
channel-85077,59508,30260642,30260652,10
channel-874,292742,30260642,30260647,5
channel-0,4037323,30260650,30260663,13
channel-208,1489668,30260663,30260675,12
channel-75,844841,30260663,30260671,8
channel-782,310099,30260666,30260674,8
channel-6994,1323391,30260681,30260695,14
channel-783,104198,30260682,30260690,8
channel-122,667747,30260685,30260689,4
channel-89298,18595,30260695,30260706,11
channel-874,292743,30260723,30260729,6
channel-6994,1323392,30260725,30260744,19
channel-97998,48,30260733,30260738,5
channel-122,667748,30260744,30260748,4
channel-122,667749,30260746,30260756,10
channel-0,4037324,30260747,30260763,16
channel-750,681778,30260752,30260769,17
channel-165,71418,30260763,30260947,184
channel-320,119170,30260767,30260779,12
channel-208,1489669,30260769,30260779,10
channel-216,94137,30260780,30260848,68
channel-6994,1323393,30260789,30260800,11
channel-326,537555,30260789,30260795,6
channel-6994,1323394,30260793,30260805,12
channel-750,681779,30260800,30260814,14
channel-6787,166639,30260805,30260807,2
channel-6994,1323395,30260809,30260823,14
channel-208,1489670,30260811,30260821,10
channel-75,844842,30260823,30260831,8
channel-1,408224,30260836,30260845,9
channel-143,128278,30260840,30260849,9
channel-2186,40760,30260846,30260860,14
channel-1,408225,30260854,30260874,20
channel-91017,2758,30260855,30260864,9
channel-750,681780,30260855,30260865,10
channel-6994,1323396,30260856,30260865,9
channel-1,408226,30260863,30260874,11
channel-6994,1323397,30260884,30260895,11
channel-6994,1323398,30260887,30260899,12
channel-783,104199,30260901,30260913,12
channel-750,681781,30260903,30260908,5
channel-85077,59509,30260910,30260920,10
channel-522,40422,30260912,30260922,10
channel-72,516402,30260913,30260961,48
channel-122,667750,30260918,30260927,9
channel-6994,1323399,30260927,30260936,9
channel-874,292744,30260949,30260954,5
channel-750,681782,30260963,30260968,5
channel-0,4037325,30260977,30260987,10
channel-85077,59510,30260979,30260990,11
channel-89298,18596,30260987,30260996,9
channel-6994,1323400,30260987,30260996,9
channel-19774,345800,30261000,30261009,9
channel-85077,59511,30261001,30261009,8
channel-6994,1323401,30261001,30261010,9
channel-0,4037326,30261005,30261017,12
channel-750,681783,30261007,30261025,18
channel-783,104200,30261033,30261041,8
channel-0,4037327,30261035,30261047,12
channel-122,667751,30261046,30261050,4
channel-326,537556,30261047,30261057,10
channel-0,4037328,30261057,30261065,8
channel-412,64458,30261060,30261076,16
channel-6994,1323402,30261061,30261072,11
channel-6787,166640,30261065,30261070,5
channel-750,681784,30261065,30261070,5
channel-1,408227,30261067,30261077,10
channel-0,4037329,30261074,30261086,12
channel-326,537557,30261084,30261095,11
channel-0,4037330,30261087,30261098,11
channel-6994,1323403,30261094,30261104,10
channel-783,104201,30261095,30261109,14
channel-85077,59512,30261098,30261107,9
channel-122,667752,30261099,30261116,17
channel-0,4037331,30261100,30261113,13
channel-85077,59513,30261125,30261134,9
channel-0,4037332,30261134,30261143,9
channel-750,681785,30261145,30261152,7
channel-6994,1323404,30261153,30261178,25
channel-85077,59514,30261159,30261169,10
channel-0,4037333,30261168,30261176,8
channel-85077,59515,30261170,30261179,9
channel-85077,59516,30261172,30261182,10
channel-0,4037334,30261179,30261191,12
channel-259,314209,30261185,30261191,6
channel-0,4037335,30261188,30261204,16
channel-216,94138,30261192,30261291,99
channel-6994,1323405,30261192,30261216,24
channel-0,4037336,30261197,30261209,12
channel-750,681786,30261202,30261213,11
channel-6994,1323406,30261213,30261224,11
channel-0,4037337,30261216,30261223,7
channel-259,314210,30261218,30261223,5
channel-6994,1323407,30261224,30261239,15
channel-6994,1323408,30261229,30261253,24
channel-750,681787,30261230,30261242,12
channel-6994,1323409,30261268,30261295,27
channel-874,292745,30261268,30261276,8
channel-6994,1323410,30261281,30261308,27
channel-0,4037338,30261282,30261292,10
channel-6787,166641,30261285,30261289,4
channel-750,681788,30261289,30261302,13
channel-2,130592,30261303,30261311,8
channel-208,1489671,30261304,30261311,7
channel-8,43450,30261311,30261334,23
channel-0,4037339,30261317,30261328,11
channel-6994,1323411,30261327,30261355,28
channel-0,4037340,30261330,30261343,13
channel-6994,1323412,30261333,30261346,13
channel-75,844843,30261347,30261361,14
channel-0,4037341,30261355,30261365,10
channel-85077,59517,30261358,30261366,8
channel-75,844844,30261359,30261370,11
channel-199,132590,30261367,30261380,13
channel-750,681789,30261369,30261382,13
channel-0,4037342,30261370,30261380,10
channel-0,4037343,30261376,30261388,12
channel-199,132591,30261380,30261388,8
channel-6994,1323413,30261382,30261392,10
channel-6994,1323414,30261390,30261403,13
channel-2,130593,30261391,30261405,14
channel-6994,1323415,30261405,30261428,23
channel-0,4037344,30261411,30261424,13
channel-0,4037345,30261412,30261424,12
channel-122,667753,30261422,30261426,4
channel-199,132592,30261438,30261449,11
channel-0,4037346,30261446,30261458,12
channel-199,132593,30261459,30261470,11
channel-6994,1323416,30261461,30261473,12
channel-412,64459,30261466,30261488,22
channel-122,667754,30261468,30261473,5
channel-122,667755,30261470,30261474,4
channel-75,844845,30261481,30261488,7
channel-782,310100,30261487,30261493,6
channel-122,667756,30261494,30261497,3
channel-75,844846,30261504,30261511,7
channel-216,94139,30261513,30261539,26
channel-0,4037347,30261516,30261525,9
channel-89298,18597,30261538,30261550,12
channel-412,64460,30261547,30261557,10
channel-6994,1323417,30261552,30261560,8
channel-72,516403,30261552,30261597,45
channel-85077,59518,30261557,30261563,6
channel-0,4037348,30261562,30261569,7
channel-320,119171,30261567,30261603,36
channel-75,844847,30261568,30261575,7
channel-0,4037349,30261570,30261579,9
channel-0,4037350,30261572,30261584,12
channel-0,4037351,30261575,30261584,9
channel-5,184250,30261578,30261587,9
channel-326,537558,30261582,30261588,6
channel-0,4037352,30261585,30261595,10
channel-75,844848,30261595,30261603,8
channel-750,681790,30261595,30261599,4
channel-6994,1323418,30261597,30261607,10
channel-143,128279,30261604,30261614,10
channel-6994,1323419,30261605,30261616,11
channel-326,537559,30261615,30261629,14
channel-75,844849,30261619,30261628,9
channel-0,4037353,30261625,30261633,8
channel-75,844850,30261626,30261634,8
channel-0,4037354,30261627,30261652,25
channel-0,4037355,30261636,30261647,11
channel-750,681791,30261644,30261648,4
channel-38946,124078,30261654,30261667,13
channel-0,4037356,30261657,30261669,12
channel-6994,1323420,30261659,30261674,15
channel-0,4037357,30261659,30261669,10
channel-874,292746,30261665,30261671,6
channel-0,4037358,30261665,30261674,9
channel-750,681792,30261667,30261674,7
channel-6994,1323421,30261670,30261684,14
channel-340,3163,30261671,30261682,11
channel-122,667757,30261674,30261678,4
channel-782,310101,30261680,30261687,7
channel-85077,59519,30261681,30261693,12
channel-750,681793,30261682,30261692,10
channel-0,4037359,30261687,30261699,12
channel-326,537560,30261692,30261709,17
channel-85077,59520,30261694,30261705,11
channel-782,310102,30261699,30261707,8
channel-6994,1323422,30261699,30261709,10
channel-0,4037360,30261705,30261714,9
channel-6994,1323423,30261705,30261729,24
channel-208,1489672,30261710,30261723,13
channel-0,4037361,30261712,30261724,12
channel-0,4037362,30261714,30261724,10
channel-6994,1323424,30261716,30261729,13
channel-326,537561,30261728,30261735,7
channel-89298,18598,30261735,30261746,11
channel-2494,31884,30261739,30261751,12
channel-0,4037363,30261741,30261752,11
channel-412,64461,30261742,30261751,9
channel-208,1489673,30261743,30261753,10
channel-6994,1323425,30261747,30261761,14
channel-0,4037364,30261751,30261761,10
channel-85077,59521,30261752,30261761,9
channel-6994,1323426,30261753,30261767,14
channel-2494,31885,30261777,30261788,11
channel-0,4037365,30261781,30261805,24
channel-216,94140,30261783,30261852,69
channel-0,4037366,30261784,30261793,9
channel-72,516404,30261784,30261825,41
channel-19774,345801,30261785,30261795,10
channel-0,4037367,30261797,30261805,8
channel-783,104202,30261798,30261805,7
channel-326,537562,30261801,30261814,13
channel-750,681794,30261807,30261824,17
channel-782,310103,30261812,30261818,6
channel-2494,31886,30261812,30261824,12
channel-0,4037368,30261813,30261821,8
channel-199,132594,30261814,30261824,10
channel-85077,59522,30261816,30261826,10
channel-6994,1323427,30261829,30261841,12
channel-6994,1323428,30261833,30261843,10
channel-874,292747,30261836,30261841,5
channel-85077,59523,30261840,30261849,9
channel-2494,31887,30261846,30261856,10
channel-6994,1323429,30261848,30261857,9
channel-0,4037369,30261850,30261859,9
channel-89321,19366,30261854,30261862,8
channel-6994,1323430,30261858,30261870,12
channel-208,1489674,30261868,30261880,12
channel-0,4037370,30261874,30261886,12
channel-0,4037371,30261874,30261886,12
channel-750,681795,30261879,30261901,22
channel-326,537563,30261884,30261918,34
channel-0,4037372,30261884,30261895,11
channel-0,4037373,30261896,30261909,13
channel-42,1489940,30261900,30261908,8
channel-0,4037374,30261901,30261912,11
channel-216,94141,30261909,30261976,67
channel-0,4037375,30261914,30261924,10
channel-750,681796,30261916,30261924,8
channel-750,681797,30261918,30261921,3
channel-0,4037376,30261921,30261933,12
channel-0,4037377,30261927,30261939,12
channel-326,537564,30261932,30261982,50
channel-0,4037378,30261939,30261948,9
channel-75,844851,30261941,30261948,7
channel-320,119172,30261946,30261958,12
channel-6994,1323431,30261950,30261980,30
channel-6994,1323432,30261952,30261970,18
channel-750,681798,30261952,30261962,10
channel-0,4037379,30261967,30261978,11
channel-750,681799,30261974,30261987,13
channel-2,130594,30261974,30261987,13
channel-412,64462,30261977,30261988,11
channel-122,667758,30261979,30261982,3
channel-6994,1323433,30261981,30262031,50
channel-412,64463,30261982,30261993,11
channel-6994,1323434,30261985,30262005,20
channel-216,94142,30261987,30262102,115
channel-750,681800,30261988,30261992,4
channel-0,4037380,30261989,30262000,11
channel-0,4037381,30261990,30262000,10
channel-326,537565,30261994,30262019,25
channel-0,4037382,30261995,30262003,8
channel-412,64464,30261997,30262003,6
channel-6994,1323435,30262008,30262017,9
channel-412,64465,30262014,30262024,10
channel-6994,1323436,30262019,30262033,14
channel-122,667759,30262019,30262023,4
channel-412,64466,30262022,30262034,12
channel-750,681801,30262026,30262047,21
channel-783,104203,30262028,30262034,6
channel-0,4037383,30262029,30262038,9
channel-6994,1323437,30262043,30262054,11
channel-85077,59524,30262044,30262052,8
channel-85077,59525,30262049,30262059,10
channel-412,64467,30262052,30262062,10
channel-0,4037384,30262054,30262065,11
channel-216,94143,30262061,30262227,166
channel-72,516405,30262066,30262115,49
channel-0,4037385,30262069,30262079,10
channel-750,681802,30262071,30262083,12
channel-0,4037386,30262074,30262083,9
channel-0,4037387,30262075,30262087,12
channel-412,64468,30262078,30262088,10
channel-0,4037388,30262084,30262097,13
channel-0,4037389,30262096,30262103,7
channel-1429,140689,30262097,30262105,8
channel-6994,1323438,30262097,30262114,17
channel-0,4037390,30262108,30262119,11
channel-874,292748,30262108,30262113,5
channel-85077,59526,30262118,30262127,9
channel-412,64469,30262119,30262130,11
channel-85077,59527,30262119,30262131,12
channel-208,1489675,30262121,30262132,11
channel-216,94144,30262126,30262227,101
channel-0,4037391,30262137,30262144,7
channel-208,1489676,30262140,30262149,9
channel-122,667760,30262140,30262143,3
channel-340,3164,30262143,30262150,7
channel-208,1489677,30262147,30262161,14
channel-85077,59528,30262148,30262156,8
channel-122,667761,30262148,30262153,5
channel-320,119173,30262150,30262178,28
channel-0,4037392,30262158,30262169,11
channel-208,1489678,30262160,30262174,14
channel-0,4037393,30262163,30262174,11
channel-6994,1323439,30262174,30262186,12
channel-0,4037394,30262174,30262187,13
channel-0,4037395,30262177,30262187,10
channel-750,681803,30262188,30262194,6
channel-38946,124079,30262193,30262202,9
channel-2,130595,30262219,30262235,16
channel-0,4037396,30262225,30262234,9
channel-0,4037397,30262234,30262243,9
channel-0,4037398,30262245,30262252,7
channel-2494,31888,30262246,30262256,10
channel-208,1489679,30262248,30262258,10
channel-75755,5534,30262250,30262259,9
channel-89321,19367,30262250,30262257,7
channel-79180,3372,30262251,30262263,12
channel-85077,59529,30262261,30262270,9
channel-208,1489680,30262278,30262288,10
channel-0,4037399,30262297,30262307,10
channel-6994,1323440,30262299,30262311,12
channel-85077,59530,30262331,30262341,10
channel-750,681804,30262335,30262351,16
channel-85077,59531,30262353,30262368,15
channel-874,292749,30262360,30262373,13
channel-0,4037400,30262362,30262375,13
channel-0,4037401,30262376,30262381,5
channel-85077,59532,30262380,30262388,8
channel-750,681805,30262384,30262397,13
channel-750,681806,30262390,30262395,5
channel-122,667762,30262402,30262406,4
channel-0,4037402,30262405,30262415,10
channel-216,94145,30262411,30262433,22
channel-85077,59533,30262412,30262420,8
channel-750,681807,30262419,30262423,4
channel-2188,43540,30262421,30262505,84
channel-0,4037403,30262423,30262432,9
channel-750,681808,30262430,30262435,5
channel-874,292750,30262430,30262435,5
channel-122,667763,30262435,30262438,3
channel-6994,1323441,30262444,30262458,14
channel-85077,59534,30262444,30262459,15
channel-750,681809,30262463,30262479,16
channel-750,681810,30262472,30262479,7
channel-0,4037404,30262474,30262486,12
channel-85077,59535,30262476,30262486,10
channel-0,4037405,30262486,30262495,9
channel-208,1489681,30262486,30262498,12
channel-89321,19368,30262497,30262503,6
channel-88,467071,30262505,30262519,14
channel-750,681811,30262509,30262518,9
channel-208,1489682,30262514,30262523,9
channel-75,844852,30262524,30262532,8
channel-0,4037406,30262526,30262532,6
channel-87,182888,30262537,30262549,12
channel-0,4037407,30262542,30262553,11
channel-0,4037408,30262543,30262553,10
channel-750,681812,30262557,30262568,11
channel-0,4037409,30262575,30262585,10
channel-0,4037410,30262593,30262605,12
channel-750,681813,30262603,30262608,5
channel-750,681814,30262606,30262614,8
channel-19774,345802,30262606,30262616,10
channel-6994,1323442,30262609,30262620,11
channel-85077,59536,30262614,30262625,11
channel-6994,1323443,30262616,30262629,13
channel-0,4037411,30262619,30262629,10
channel-6994,1323444,30262619,30262629,10
channel-208,1489683,30262622,30262636,14
channel-6994,1323445,30262636,30262649,13
channel-85077,59537,30262649,30262659,10
channel-6994,1323446,30262666,30262676,10
channel-6994,1323447,30262672,30262679,7
channel-0,4037412,30262673,30262678,5
channel-216,94146,30262674,30262746,72
channel-750,681815,30262679,30262690,11
channel-216,94147,30262685,30262746,61
channel-750,681816,30262693,30262703,10
channel-326,537566,30262698,30262705,7
channel-0,4037413,30262703,30262716,13
channel-0,4037414,30262703,30262716,13
channel-6994,1323448,30262724,30262738,14
channel-0,4037415,30262724,30262733,9
channel-251,85172,30262730,30262742,12
channel-782,310104,30262733,30262739,6
channel-97998,49,30262737,30262743,6
channel-85077,59538,30262745,30262754,9
channel-6994,1323449,30262753,30262765,12
channel-6994,1323450,30262755,30262769,14
channel-0,4037416,30262766,30262775,9
channel-6994,1323451,30262772,30262783,11
channel-750,681817,30262779,30262797,18
channel-6994,1323452,30262781,30262794,13
channel-750,681818,30262784,30262797,13
channel-89321,19369,30262791,30262798,7
channel-750,681819,30262804,30262823,19
channel-6994,1323453,30262809,30262822,13
channel-6994,1323454,30262825,30262837,12
channel-642,126488,30262839,30262852,13
channel-750,681820,30262842,30262860,18
channel-750,681821,30262846,30262853,7
channel-0,4037417,30262855,30262873,18
channel-88,467072,30262866,30262876,10
channel-89298,18599,30262869,30262879,10
channel-0,4037418,30262877,30262904,27
channel-6994,1323455,30262879,30262891,12
channel-0,4037419,30262896,30262909,13
channel-6994,1323456,30262912,30262925,13
channel-750,681822,30262912,30262920,8
channel-6994,1323457,30262916,30262930,14
channel-89298,18600,30262942,30262950,8
channel-0,4037420,30262946,30262955,9
channel-750,681823,30262951,30262966,15
channel-0,4037421,30262963,30262971,8
channel-122,667764,30262966,30262969,3
channel-750,681824,30262990,30263026,36
channel-82,18947,30263002,30263015,13
channel-85077,59539,30263004,30263012,8
channel-750,681825,30263012,30263032,20
channel-89298,18601,30263012,30263024,12
channel-19774,345803,30263012,30263018,6
channel-750,681826,30263012,30263032,20
channel-6994,1323458,30263019,30263047,28
channel-216,94148,30263020,30263109,89
channel-85077,59540,30263027,30263039,12
channel-0,4037422,30263032,30263041,9
channel-148,16082,30263033,30263040,7
channel-6994,1323459,30263035,30263047,12
channel-6994,1323460,30263041,30263052,11
channel-75,844853,30263047,30263054,7
channel-208,1489684,30263049,30263058,9
channel-89298,18602,30263059,30263067,8
channel-0,4037423,30263061,30263072,11
channel-750,681827,30263063,30263071,8
channel-19774,345804,30263066,30263081,15
channel-0,4037424,30263072,30263082,10
channel-6994,1323461,30263081,30263094,13
channel-0,4037425,30263110,30263119,9
channel-75,844854,30263120,30263125,5
channel-412,64470,30263128,30263140,12
channel-326,537567,30263132,30263137,5
channel-85077,59541,30263144,30263154,10
channel-216,94149,30263149,30263215,66
channel-6994,1323462,30263149,30263175,26
channel-75,844855,30263155,30263162,7
channel-750,681828,30263155,30263160,5
channel-72,516406,30263156,30263203,47
channel-750,681829,30263169,30263177,8
channel-216,94150,30263185,30263264,79
channel-642,126489,30263186,30263197,11
channel-2188,43541,30263192,30263197,5
channel-6994,1323463,30263193,30263204,11
channel-750,681830,30263212,30263216,4
channel-85077,59542,30263217,30263227,10
channel-750,681831,30263237,30263251,14
channel-642,126490,30263238,30263250,12
channel-89298,18603,30263240,30263248,8
channel-85077,59543,30263241,30263251,10
channel-75,844856,30263241,30263247,6
channel-6994,1323464,30263246,30263259,13
channel-750,681832,30263248,30263258,10
channel-75,844857,30263269,30263277,8
channel-0,4037426,30263283,30263297,14
channel-91017,2759,30263292,30263299,7
channel-143,128280,30263297,30263303,6
channel-75,844858,30263300,30263306,6
channel-874,292751,30263307,30263313,6
channel-199,132595,30263314,30263336,22
channel-89298,18604,30263317,30263325,8
channel-750,681833,30263318,30263323,5
channel-782,310105,30263320,30263325,5
channel-412,64471,30263328,30263340,12
channel-75,844859,30263329,30263335,6
channel-85077,59544,30263333,30263350,17
channel-750,681834,30263339,30263361,22
channel-6994,1323465,30263348,30263362,14
channel-208,1489685,30263350,30263363,13
channel-642,126491,30263350,30263362,12
channel-750,681835,30263353,30263366,13
channel-89298,18605,30263354,30263365,11
channel-122,667765,30263357,30263362,5
channel-75,844860,30263377,30263384,7
channel-0,4037427,30263389,30263400,11
channel-1,408228,30263394,30263429,35
channel-750,681836,30263409,30263414,5
channel-85077,59545,30263420,30263430,10
channel-85077,59546,30263423,30263439,16
channel-750,681837,30263444,30263449,5
channel-89298,18606,30263448,30263457,9
channel-85077,59547,30263448,30263460,12
channel-91017,2760,30263455,30263462,7
channel-0,4037428,30263470,30263481,11
channel-1,408229,30263475,30263502,27
channel-6994,1323466,30263476,30263490,14
channel-750,681838,30263490,30263499,9
channel-750,681839,30263502,30263507,5
channel-19774,345805,30263504,30263511,7
channel-750,681840,30263511,30263528,17
channel-750,681841,30263511,30263516,5
channel-750,681842,30263517,30263526,9
channel-750,681843,30263521,30263536,15
channel-0,4037429,30263525,30263537,12
channel-750,681844,30263526,30263536,10
channel-1,408230,30263528,30263541,13
channel-6994,1323467,30263534,30263545,11
channel-1,408231,30263535,30263583,48
channel-0,4037430,30263537,30263557,20
channel-750,681845,30263537,30263542,5
channel-76971,12222,30263548,30263572,24
channel-85077,59548,30263557,30263565,8
channel-750,681846,30263559,30263574,15
channel-122,667766,30263563,30263567,4
channel-208,1489686,30263564,30263574,10
channel-874,292752,30263578,30263584,6
channel-522,40423,30263578,30263587,9
channel-782,310106,30263584,30263590,6
channel-6994,1323468,30263590,30263599,9
channel-232,49191,30263594,30263615,21
channel-6994,1323469,30263598,30263609,11
channel-874,292753,30263603,30263608,5
channel-0,4037431,30263603,30263613,10
channel-750,681847,30263611,30263615,4
channel-75,844861,30263611,30263617,6
channel-89298,18607,30263613,30263623,10
channel-85077,59549,30263623,30263633,10
channel-750,681848,30263625,30263638,13
channel-1279,67110,30263633,30263673,40
channel-122,667767,30263641,30263656,15
channel-6994,1323470,30263647,30263663,16
channel-91017,2761,30263653,30263667,14
channel-750,681849,30263659,30263678,19
channel-0,4037432,30263659,30263666,7
channel-122,667768,30263671,30263676,5
channel-21113,25297,30263671,30263680,9
channel-0,4037433,30263678,30263689,11
channel-326,537568,30263695,30263701,6
channel-91017,2762,30263703,30263725,22
channel-1279,67111,30263704,30263717,13
channel-73755,5827,30263711,30263718,7
channel-1279,67112,30263713,30263740,27
channel-6994,1323471,30263715,30263726,11
channel-208,1489687,30263715,30263725,10
channel-85077,59550,30263717,30263726,9
channel-204,670755,30263731,30263740,9
channel-208,1489688,30263739,30263749,10
channel-0,4037434,30263758,30263767,9
channel-6994,1323472,30263765,30263775,10
channel-199,132596,30263765,30263776,11
channel-6994,1323473,30263768,30263779,11
channel-85077,59551,30263782,30263791,9
channel-750,681850,30263783,30263788,5
channel-6994,1323474,30263787,30263799,12
channel-750,681851,30263787,30263791,4
channel-6994,1323475,30263793,30263804,11
channel-0,4037435,30263793,30263806,13
channel-6994,1323476,30263803,30263815,12
channel-750,681852,30263814,30263827,13
channel-89298,18608,30263814,30263824,10
channel-6994,1323477,30263817,30263828,11
channel-412,64472,30263818,30263826,8
channel-6994,1323478,30263824,30263833,9
channel-208,1489689,30263834,30263847,13
channel-0,4037436,30263835,30263845,10
channel-0,4037437,30263846,30263856,10
channel-0,4037438,30263858,30263870,12
channel-0,4037439,30263860,30263870,10
channel-0,4037440,30263867,30263878,11
channel-85791,3742,30263873,30263884,11
channel-85077,59552,30263874,30263881,7
channel-0,4037441,30263884,30263895,11
channel-85791,3743,30263886,30263891,5
channel-122,667769,30263886,30263890,4
channel-85077,59553,30263886,30263895,9
channel-85077,59554,30263890,30263898,8
channel-0,4037442,30263894,30263907,13
channel-750,681853,30263900,30263912,12
channel-0,4037443,30263903,30263912,9
channel-750,681854,30263910,30263924,14
channel-0,4037444,30263918,30263929,11
channel-76971,12223,30263922,30263940,18
channel-208,1489690,30263927,30263935,8
channel-6994,1323479,30263931,30263941,10
channel-0,4037445,30263933,30263942,9
channel-6994,1323480,30263937,30263950,13
channel-750,681855,30263938,30263954,16
channel-89298,18609,30263952,30263964,12
channel-4,166853,30263954,30263967,13
channel-0,4037446,30263956,30263969,13
channel-122,667770,30263958,30263962,4
channel-85077,59555,30263964,30263972,8
channel-0,4037447,30263977,30263987,10
channel-0,4037448,30263986,30264014,28
channel-6994,1323481,30263987,30263999,12
channel-208,1489691,30263988,30264001,13
channel-0,4037449,30263994,30264003,9
channel-750,681856,30264006,30264011,5
channel-1,408232,30264007,30264020,13
channel-6994,1323482,30264010,30264021,11
channel-0,4037450,30264014,30264025,11
channel-0,4037451,30264025,30264035,10
channel-199,132597,30264042,30264052,10
channel-0,4037452,30264043,30264053,10
channel-0,4037453,30264051,30264063,12
channel-75,844862,30264054,30264064,10
channel-0,4037454,30264077,30264087,10
channel-412,64473,30264086,30264098,12
channel-0,4037455,30264103,30264112,9
channel-0,4037456,30264112,30264121,9
channel-0,4037457,30264113,30264123,10
channel-1575,15184,30264122,30264134,12
channel-199,132598,30264126,30264141,15
channel-0,4037458,30264141,30264153,12
channel-750,681857,30264143,30264160,17
channel-199,132599,30264153,30264164,11
channel-750,681858,30264155,30264160,5
channel-122,667771,30264160,30264165,5
channel-6994,1323483,30264164,30264177,13
channel-6994,1323484,30264165,30264192,27
channel-0,4037459,30264168,30264178,10
channel-0,4037460,30264169,30264178,9
channel-750,681859,30264170,30264175,5
channel-89298,18610,30264174,30264182,8
channel-6994,1323485,30264193,30291033,26840
channel-750,681860,30264199,30264212,13
channel-2494,31889,30264207,30264219,12
channel-0,4037461,30264207,30264215,8
channel-6994,1323486,30264214,30264238,24
channel-85077,59556,30264232,30264240,8
channel-6994,1323487,30264234,30264246,12
channel-874,292754,30264240,30264244,4
channel-750,681861,30264242,30264251,9
channel-6994,1323488,30264253,30264283,30
channel-199,132600,30264253,30264264,11
channel-0,4037462,30264270,30264280,10
channel-6994,1323489,30264274,30264288,14
channel-19774,345806,30264281,30264291,10
channel-19774,345807,30264294,30264303,9
channel-6994,1323490,30264299,30264316,17
channel-750,681862,30264301,30264306,5
channel-0,4037463,30264308,30264318,10
channel-6787,166642,30264315,30264321,6
channel-143,128281,30264318,30264328,10
channel-0,4037464,30264329,30264337,8
channel-0,4037465,30264333,30264346,13
channel-89298,18611,30264356,30264367,11
channel-208,1489692,30264359,30264371,12
channel-6994,1323491,30264368,30264391,23
channel-122,667772,30264371,30264374,3
channel-0,4037466,30264375,30264386,11
channel-89321,19370,30264408,30264416,8
channel-0,4037467,30264415,30264425,10
channel-2188,43542,30264440,30264445,5
channel-5,184251,30264448,30264456,8
channel-208,1489693,30264456,30264466,10
channel-750,681863,30264487,30264493,6
channel-6994,1323492,30264490,30264516,26
channel-0,4037468,30264499,30264510,11
channel-0,4037469,30264500,30264510,10
channel-75,844863,30264510,30264516,6
channel-750,681864,30264516,30264526,10
channel-94814,3744,30264536,30264547,11
channel-6994,1323493,30264546,30264573,27
channel-0,4037470,30264556,30264568,12
channel-75,844864,30264564,30264570,6
channel-874,292755,30264571,30264578,7
channel-750,681865,30264581,30264591,10
channel-208,1489694,30264582,30264595,13
channel-6994,1323494,30264583,30264593,10
channel-750,681866,30264587,30264606,19
channel-85077,59557,30264588,30264593,5
channel-1,408233,30264590,30264641,51
channel-208,1489695,30264591,30264597,6
channel-6994,1323495,30264599,30264607,8
channel-6994,1323496,30264613,30264638,25
channel-326,537569,30264614,30264624,10
channel-750,681867,30264621,30264629,8
channel-6994,1323497,30264630,30291033,26403
channel-143,128282,30264636,30264647,11
channel-199,132601,30264637,30264648,11
channel-750,681868,30264638,30264654,16
channel-85077,59558,30264639,30264648,9
channel-0,4037471,30264640,30264651,11
channel-91017,2763,30264641,30264653,12
channel-750,681869,30264643,30264655,12
channel-208,1489696,30264662,30264676,14
channel-6994,1323498,30264663,30264685,22
channel-750,681870,30264664,30264679,15
channel-199,132602,30264668,30264676,8
channel-199,132603,30264685,30264694,9
channel-750,681871,30264691,30264711,20
channel-208,1489697,30264692,30264704,12
channel-750,681872,30264702,30264716,14
channel-874,292756,30264703,30264708,5
channel-6994,1323499,30264705,30264717,12
channel-750,681873,30264706,30264717,11
channel-6994,1323500,30264708,30264746,38
channel-750,681874,30264712,30264717,5
channel-6994,1323501,30264719,30264733,14
channel-85077,59559,30264728,30264740,12
channel-42,1489941,30264733,30264740,7
channel-0,4037472,30264737,30264746,9
channel-6994,1323502,30264743,30264753,10
channel-0,4037473,30264751,30264757,6
channel-6994,1323503,30264762,30264787,25
channel-750,681875,30264762,30264766,4
channel-750,681876,30264765,30264770,5
channel-0,4037474,30264766,30264776,10
channel-6994,1323504,30264776,30264837,61
channel-750,681877,30264777,30264781,4
channel-750,681878,30264778,30264782,4
channel-6994,1323505,30264790,30264921,131
channel-6994,1323506,30264804,30264816,12
channel-874,292757,30264805,30264811,6
channel-0,4037475,30264807,30264817,10
channel-0,4037476,30264824,30264835,11
channel-6994,1323507,30264828,30264849,21
channel-750,681879,30264832,30264849,17
channel-0,4037477,30264842,30264860,18
channel-2494,31890,30264846,30264856,10
channel-122,667773,30264850,30264853,3
channel-750,681880,30264856,30264863,7
channel-6994,1323508,30264858,30264870,12
channel-6994,1323509,30264863,30264885,22
channel-6994,1323510,30264865,30264926,61
channel-85077,59560,30264867,30264878,11
channel-0,4037478,30264885,30264897,12
channel-19774,345808,30264889,30264898,9
channel-6994,1323511,30264902,30264915,13
channel-89321,19371,30264905,30264911,6
channel-6994,1323512,30264908,30264921,13
channel-85077,59561,30264926,30264936,10
channel-97998,50,30264926,30264931,5
channel-750,681881,30264934,30264938,4
channel-0,4037479,30264941,30264953,12
channel-6994,1323513,30264945,30264971,26
channel-6994,1323514,30264958,30264971,13
channel-750,681882,30264966,30264985,19
channel-85077,59562,30264978,30264989,11
channel-0,4037480,30264986,30264993,7
channel-6994,1323515,30264988,30265016,28
channel-6994,1323516,30264996,30265008,12
channel-85077,59563,30265001,30265010,9
channel-2188,43543,30265003,30265008,5
channel-122,667774,30265004,30265008,4
channel-0,4037481,30265006,30265015,9
channel-85077,59564,30265008,30265017,9
channel-0,4037482,30265010,30265021,11
channel-0,4037483,30265018,30265027,9
channel-85791,3744,30265019,30265029,10
channel-19774,345809,30265026,30265041,15
channel-0,4037484,30265034,30265043,9
channel-72,516407,30265038,30265081,43
channel-6994,1323517,30265046,30265072,26
channel-208,1489698,30265064,30265078,14
channel-0,4037485,30265069,30265082,13
channel-208,1489699,30265069,30265078,9
channel-85791,3745,30265069,30268849,3780
channel-0,4037486,30265070,30265082,12
channel-0,4037487,30265074,30265086,12
channel-6994,1323518,30265089,30265116,27
channel-874,292758,30265106,30265111,5
channel-2188,43544,30265107,30265110,3
channel-0,4037488,30265108,30265129,21
channel-85077,59565,30265111,30265119,8
channel-0,4037489,30265111,30265120,9
channel-6994,1323519,30265116,30265126,10
channel-6994,1323520,30265116,30265126,10
channel-75,844865,30265126,30265134,8
channel-75,844866,30265126,30265134,8
channel-6994,1323521,30265131,30265162,31
channel-412,64474,30265132,30265147,15
channel-6994,1323522,30265141,30265156,15
channel-0,4037490,30265149,30265160,11
channel-874,292759,30265155,30265163,8
channel-874,292760,30265157,30265163,6
channel-6994,1323523,30265161,30265170,9
channel-0,4037491,30265164,30265176,12
channel-122,667775,30265166,30265172,6
channel-6994,1323524,30265182,30265193,11
channel-476,11798,30265187,30265255,68
channel-6994,1323525,30265188,30265200,12
channel-6787,166643,30265190,30265195,5
channel-0,4037492,30265213,30265225,12
channel-0,4037493,30265217,30265225,8
channel-113,301305,30265230,30265279,49
channel-0,4037494,30265233,30265243,10
channel-750,681883,30265240,30265250,10
channel-122,667776,30265242,30265246,4
channel-6994,1323526,30265243,30265253,10
channel-750,681884,30265243,30265248,5
channel-85077,59566,30265243,30265253,10
channel-750,681885,30265244,30265259,15
channel-6994,1323527,30265256,30265269,13
channel-874,292761,30265275,30265280,5
channel-750,681886,30265279,30265292,13
channel-122,667777,30265285,30265289,4
channel-0,4037495,30265295,30265305,10
channel-208,1489700,30265295,30265308,13
channel-750,681887,30265295,30265300,5
channel-750,681888,30265303,30265320,17
channel-75,844867,30265316,30265325,9
channel-750,681889,30265336,30265340,4
channel-85077,59567,30265344,30265355,11
channel-0,4037496,30265354,30265363,9
channel-85077,59568,30265359,30265367,8
channel-75,844868,30265380,30265387,7
channel-208,1489701,30265391,30265402,11
channel-88,467073,30265427,30265438,11
channel-874,292762,30265427,30265436,9
channel-750,681890,30265458,30265467,9
channel-208,1489702,30265477,30265487,10
channel-750,681891,30265506,30265513,7
channel-0,4037497,30265506,30265515,9
channel-6994,1323528,30265507,30265518,11
channel-89298,18612,30265517,30265529,12
channel-122,667778,30265520,30265524,4
channel-750,681892,30265558,30265570,12
channel-75,844869,30265560,30265566,6
channel-94814,3745,30265564,30265576,12
channel-340,3165,30265571,30265578,7
channel-326,537570,30265577,30265595,18
channel-122,667779,30265582,30265586,4
channel-208,1489703,30265584,30265595,11
channel-208,1489704,30265589,30265601,12
channel-89298,18613,30265601,30265612,11
channel-216,94151,30265619,30265712,93
channel-208,1489705,30265621,30265631,10
channel-750,681893,30265629,30265637,8
channel-216,94152,30265631,30265712,81
channel-0,4037498,30265633,30265644,11
channel-874,292763,30265638,30265643,5
channel-122,667780,30265644,30265648,4
channel-6994,1323529,30265646,30265655,9
channel-122,667781,30265664,30265668,4
channel-522,40424,30265668,30265678,10
channel-85077,59569,30265669,30265680,11
channel-750,681894,30265676,30265681,5
channel-122,667782,30265676,30265680,4
channel-208,1489706,30265681,30265694,13
channel-326,537571,30265682,30265689,7
channel-122,667783,30265682,30265688,6
channel-77,50255,30265684,30265694,10
channel-326,537572,30265694,30265707,13
channel-6994,1323530,30265696,30265705,9
channel-6994,1323531,30265700,30265723,23
channel-122,667784,30265700,30265704,4
channel-181,13584,30265706,30265717,11
channel-782,310107,30265706,30265713,7
channel-6994,1323532,30265708,30265747,39
channel-750,681895,30265717,30265721,4
channel-750,681896,30265721,30265726,5
channel-259,314211,30265723,30265729,6
channel-91017,2764,30265732,30265742,10
channel-88,467074,30265736,30265752,16
channel-85077,59570,30265739,30265749,10
channel-85077,59571,30265743,30265753,10
channel-208,1489707,30265744,30265756,12
channel-6994,1323533,30265755,30265767,12
channel-750,681897,30265764,30265768,4
channel-874,292764,30265764,30265770,6
channel-6994,1323534,30265767,30265823,56
channel-85077,59572,30265768,30265777,9
channel-326,537573,30265769,30265774,5
channel-326,537574,30265771,30265777,6
channel-75,844870,30265777,30265784,7
channel-750,681898,30265779,30265789,10
channel-750,681899,30265786,30265799,13
channel-2494,31891,30265797,30265806,9
channel-208,1489708,30265805,30265815,10
channel-326,537575,30265809,30265820,11
channel-75016,4578,30265810,30265833,23
channel-326,537576,30265810,30265815,5
channel-6994,1323535,30265823,30265836,13
channel-89321,19372,30265825,30265835,10
channel-782,310108,30265828,30265835,7
channel-6994,1323536,30265837,30265852,15
channel-85077,59573,30265844,30265853,9
channel-0,4037499,30265861,30265888,27
channel-750,681900,30265861,30265871,10
channel-750,681901,30265862,30265873,11
channel-0,4037500,30265864,30265877,13
channel-0,4037501,30265866,30265895,29
channel-0,4037502,30265869,30265883,14
channel-750,681902,30265898,30265906,8
channel-6994,1323537,30265901,30265923,22
channel-750,681903,30265910,30265916,6
channel-0,4037503,30265917,30265926,9
channel-6994,1323538,30265927,30265966,39
channel-85077,59574,30265927,30265935,8
channel-6994,1323539,30265938,30265951,13
channel-2494,31892,30265952,30265966,14
channel-122,667785,30265956,30265960,4
channel-750,681904,30265970,30265981,11
channel-874,292765,30265982,30265994,12
channel-782,310109,30265982,30265991,9
channel-6994,1323540,30265986,30265997,11
channel-6994,1323541,30265988,30266026,38
channel-6994,1323542,30265993,30266002,9
channel-75,844871,30266006,30266013,7
channel-91017,2765,30266018,30266027,9
channel-5,184252,30266021,30266032,11
channel-6994,1323543,30266026,30266037,11
channel-6994,1323544,30266032,30266055,23
channel-6994,1323545,30266034,30266074,40
channel-412,64475,30266044,30266053,9
channel-6994,1323546,30266048,30266100,52
channel-750,681905,30266049,30266053,4
channel-75,844872,30266063,30266081,18
channel-642,126492,30266064,30266089,25
channel-0,4037504,30266066,30266088,22
channel-75755,5535,30266066,30266074,8
channel-42,1489942,30266067,30266078,11
channel-122,667786,30266070,30266073,3
channel-6994,1323547,30266075,30266104,29
channel-19774,345810,30266087,30266097,10
channel-6994,1323548,30266093,30266104,11
channel-750,681906,30266094,30266106,12
channel-0,4037505,30266097,30266108,11
channel-85077,59575,30266118,30266126,8
channel-750,681907,30266133,30266144,11
channel-6994,1323549,30266137,30266151,14
channel-874,292766,30266137,30266142,5
channel-6994,1323550,30266154,30266167,13
channel-19774,345811,30266157,30266170,13
channel-750,681908,30266160,30266165,5
channel-750,681909,30266166,30266177,11
channel-85077,59576,30266169,30266182,13
channel-85077,59577,30266172,30266184,12
channel-6994,1323551,30266183,30266195,12
channel-782,310110,30266184,30266187,3
channel-6994,1323552,30266191,30266234,43
channel-6994,1323553,30266193,30266220,27
channel-85077,59578,30266193,30266205,12
channel-0,4037506,30266193,30266205,12
channel-750,681910,30266198,30266213,15
channel-6994,1323554,30266204,30266215,11
channel-2188,43545,30266205,30266211,6
channel-6994,1323555,30266218,30266246,28
channel-0,4037507,30266218,30266228,10
channel-874,292767,30266221,30266225,4
channel-122,667787,30266229,30266235,6
channel-0,4037508,30266232,30266253,21
channel-85077,59579,30266233,30266250,17
channel-750,681911,30266243,30266249,6
channel-750,681912,30266247,30266259,12
channel-0,4037509,30266247,30266258,11
channel-75,844873,30266253,30266259,6
channel-85077,59580,30266253,30266261,8
channel-208,1489709,30266255,30266263,8
channel-19774,345812,30266257,30266266,9
channel-6994,1323556,30266258,30266298,40
channel-5,184253,30266258,30266268,10
channel-6994,1323557,30266258,30266269,11
channel-326,537577,30266260,30266269,9
channel-208,1489710,30266261,30266271,10
channel-208,1489711,30266264,30266277,13
channel-208,1489712,30266268,30266281,13
channel-6994,1323558,30266275,30266303,28
channel-75,844874,30266284,30266292,8
channel-750,681913,30266294,30266308,14
channel-0,4037510,30266306,30266316,10
channel-6994,1323559,30266314,30266327,13
channel-6994,1323560,30266316,30266370,54
channel-89298,18614,30266317,30266325,8
channel-85077,59581,30266317,30266326,9
channel-874,292768,30266327,30266333,6
channel-750,681914,30266328,30266333,5
channel-19774,345813,30266333,30266343,10
channel-750,681915,30266333,30266337,4
channel-783,104204,30266336,30266344,8
channel-6994,1323561,30266340,30266380,40
channel-75,844875,30266345,30266353,8
channel-6897,5632,30266347,30266356,9
channel-642,126493,30266354,30266393,39
channel-750,681916,30266361,30266376,15
channel-0,4037511,30266370,30266393,23
channel-0,4037512,30266373,30266393,20
channel-6994,1323562,30266377,30266389,12
channel-85077,59582,30266393,30266403,10
channel-340,3166,30266400,30266407,7
channel-750,681917,30266403,30266414,11
channel-6994,1323563,30266404,30266431,27
channel-0,4037513,30266407,30266416,9
channel-75,844876,30266407,30266415,8
channel-6994,1323564,30266408,30266462,54
channel-259,314212,30266410,30266419,9
channel-0,4037514,30266412,30266426,14
channel-208,1489713,30266412,30266424,12
channel-412,64476,30266418,30266430,12
channel-91017,2766,30266424,30266434,10
channel-6994,1323565,30266426,30266436,10
channel-0,4037515,30266430,30266446,16
channel-0,4037516,30266440,30266446,6
channel-0,4037517,30266441,30266446,5
channel-0,4037518,30266446,30266457,11
channel-0,4037519,30266450,30266461,11
channel-750,681918,30266466,30266479,13
channel-6994,1323566,30266469,30266483,14
channel-0,4037520,30266472,30266490,18
channel-204,670756,30266473,30266482,9
channel-6994,1323567,30266487,30266499,12
channel-1,408234,30266488,30266515,27
channel-204,670757,30266496,30304914,38418
channel-750,681919,30266497,30266499,2
channel-122,667788,30266498,30266502,4
channel-6994,1323568,30266499,30266513,14
channel-750,681920,30266499,30266504,5
channel-340,3167,30266500,30266509,9
channel-750,681921,30266502,30266548,46
channel-0,4037521,30266509,30266533,24
channel-85077,59583,30266511,30266520,9
channel-6994,1323569,30266512,30266521,9
channel-750,681922,30266513,30266518,5
channel-259,314213,30266517,30266521,4
channel-1,408235,30266522,30266544,22
channel-0,4037522,30266523,30266544,21
channel-4,166854,30266527,30266572,45
channel-1,408236,30266532,30266544,12
channel-6994,1323570,30266535,30266578,43
channel-208,1489714,30266535,30266544,9
channel-204,670758,30266535,30266549,14
channel-1,408237,30266536,30266548,12
channel-75,844877,30266541,30266550,9
channel-0,4037523,30266541,30266554,13
channel-6994,1323571,30266547,30267689,1142
channel-750,681923,30266548,30266557,9
channel-6994,1323572,30266550,30266565,15
channel-750,681924,30266553,30266557,4
channel-1,408238,30266565,30266578,13
channel-6787,166644,30266571,30266575,4
channel-143,128283,30266571,30266593,22
channel-6994,1323573,30266572,30266580,8
channel-750,681925,30266574,30266578,4
channel-2188,43546,30266574,30266580,6
channel-6994,1323574,30266574,30266580,6
channel-2188,43547,30266576,30266580,4
channel-42,1489943,30266577,30266587,10
channel-85077,59584,30266582,30266592,10
channel-85077,59585,30266584,30266601,17
channel-6994,1323575,30266585,30266595,10
channel-412,64477,30266589,30266600,11
channel-199,132604,30266589,30266599,10
channel-0,4037524,30266592,30266612,20
channel-0,4037525,30266593,30266612,19
channel-208,1489715,30266593,30266602,9
channel-2188,43548,30266594,30266599,5
channel-750,681926,30266594,30266607,13
channel-204,670759,30266594,30304919,38325
channel-750,681927,30266595,30266600,5
channel-874,292769,30266600,30267641,1041
channel-6994,1323576,30266602,30266648,46
channel-0,4037526,30266603,30266628,25
channel-2188,43549,30266613,30266618,5
channel-208,1489716,30266615,30266625,10
channel-412,64478,30266618,30266629,11
channel-750,681928,30266623,30266628,5
channel-2188,43550,30266623,30266627,4
channel-204,670760,30266628,30266637,9
channel-42,1489944,30266633,30266648,15
channel-199,132605,30266635,30266650,15
channel-0,4037527,30266636,30266648,12
channel-0,4037528,30266636,30266658,22
channel-19774,345814,30266638,30266650,12
channel-208,1489717,30266641,30266654,13
channel-77,50256,30266642,30266653,11
channel-208,1489718,30266645,30266654,9
channel-0,4037529,30266646,30266670,24
channel-412,64479,30266651,30266664,13
channel-21113,25298,30266654,30266663,9
channel-184,137397,30266661,30266677,16
channel-75,844878,30266662,30266669,7
channel-750,681929,30266672,30266680,8
channel-204,670761,30266675,30304919,38244
channel-146,20027,30266700,30266771,71
channel-6787,166645,30266705,30266711,6
channel-85077,59586,30266721,30266729,8
channel-85077,59587,30266721,30266729,8
channel-750,681930,30266731,30266739,8
channel-75,844879,30266734,30266741,7
channel-6994,1323577,30266742,30266756,14
channel-0,4037530,30266744,30266756,12
channel-91017,2767,30266744,30266753,9
channel-199,132606,30266749,30266759,10
channel-782,310111,30266755,30266759,4
channel-259,314214,30266755,30266760,5
channel-750,681931,30266756,30266759,3
channel-412,64480,30266759,30266775,16
channel-2188,43551,30266761,30266766,5
channel-0,4037531,30266762,30266773,11
channel-79703,4411,30266764,30266779,15
channel-208,1489719,30266776,30266785,9
channel-2186,40761,30266776,30266802,26
channel-208,1489720,30266793,30266802,9
channel-208,1489721,30266802,30266812,10
channel-259,314215,30266803,30266810,7
channel-0,4037532,30266810,30266822,12
channel-412,64481,30266812,30266823,11
channel-85077,59588,30266822,30266841,19
channel-0,4037533,30266844,30266851,7
channel-91017,2768,30266855,30266865,10
channel-6994,1323578,30266858,30266887,29
channel-6994,1323579,30266860,30266872,12
channel-19774,345815,30266863,30266872,9
channel-75,844880,30266868,30266875,7
channel-143,128284,30266870,30266941,71
channel-2186,40762,30266878,30266907,29
channel-2188,43552,30266880,30266885,5
channel-782,310112,30266884,30266888,4
channel-750,681932,30266884,30266894,10
channel-4,166855,30266887,30266941,54
channel-75,844881,30266888,30266896,8
channel-75,844882,30266888,30266896,8
channel-0,4037534,30266889,30266902,13
channel-4,166856,30266893,30266941,48
channel-0,4037535,30266893,30266902,9
channel-750,681933,30266900,30266910,10
channel-79703,4412,30266900,30266914,14
channel-6994,1323580,30266901,30266914,13
channel-1,408239,30266901,30266930,29
channel-750,681934,30266909,30266923,14
channel-91017,2769,30266909,30266919,10
channel-4,166857,30266913,30266941,28
channel-165,71419,30266921,30267827,906
channel-750,681935,30266921,30266926,5
channel-0,4037536,30266924,30266932,8
channel-750,681936,30266926,30266935,9
channel-259,314216,30266928,30266933,5
channel-0,4037537,30266933,30266941,8
channel-4,166858,30266939,30266950,11
channel-0,4037538,30266944,30266956,12
channel-750,681937,30266944,30266954,10
channel-0,4037539,30266950,30266961,11
channel-208,1489722,30266951,30266963,12
channel-750,681938,30266955,30266960,5
channel-4,166859,30266962,30266993,31
channel-750,681939,30266964,30266980,16
channel-750,681940,30266974,30266980,6
channel-75,844883,30266975,30266984,9
channel-326,537578,30266975,30266981,6
channel-750,681941,30266975,30266994,19
channel-782,310113,30266980,30266985,5
channel-0,4037540,30266981,30266989,8
channel-750,681942,30266981,30266988,7
channel-91017,2770,30266981,30266988,7
channel-19774,345816,30266996,30267008,12
channel-326,537579,30267002,30267008,6
channel-122,667789,30267003,30267008,5
channel-750,681943,30267012,30267026,14
channel-6994,1323581,30267013,30267023,10
channel-85077,59589,30267017,30267026,9
channel-38946,124080,30267017,30267033,16
channel-4,166860,30267023,30267110,87
channel-0,4037541,30267028,30267038,10
channel-79703,4413,30267032,30267047,15
channel-750,681944,30267033,30267042,9
channel-208,1489723,30267035,30267046,11
channel-750,681945,30267039,30267043,4
channel-0,4037542,30267049,30267059,10
channel-19774,345817,30267049,30267058,9
channel-0,4037543,30267050,30267059,9
channel-750,681946,30267051,30267062,11
channel-750,681947,30267054,30267071,17
channel-0,4037544,30267054,30267063,9
channel-750,681948,30267060,30267063,3
channel-251,85173,30267068,30267078,10
channel-0,4037545,30267073,30267083,10
channel-19774,345818,30267075,30267090,15
channel-0,4037546,30267078,30267088,10
channel-2,130596,30267078,30267088,10
channel-85077,59590,30267083,30267094,11
channel-750,681949,30267091,30267095,4
channel-85077,59591,30267096,30267105,9
channel-0,4037547,30267099,30267106,7
channel-91017,2771,30267100,30267108,8
channel-1,408240,30267101,30267111,10
channel-0,4037548,30267101,30267110,9
channel-750,681950,30267103,30267115,12
channel-782,310114,30267107,30267115,8
channel-85077,59592,30267107,30267116,9
channel-0,4037549,30267110,30267121,11
channel-85077,59593,30267112,30267121,9
channel-1,408241,30267113,30267141,28
channel-259,314217,30267122,30267128,6
channel-97998,51,30267126,30267132,6
channel-91017,2772,30267131,30267141,10
channel-750,681951,30267135,30267147,12
channel-750,681952,30267136,30267149,13
channel-0,4037550,30267143,30267156,13
channel-89298,18615,30267147,30267157,10
channel-0,4037551,30267154,30267180,26
channel-0,4037552,30267160,30267168,8
channel-89321,19373,30267170,30267180,10
channel-4,166861,30267172,30267248,76
channel-0,4037553,30267172,30267180,8
channel-208,1489724,30267174,30267184,10
channel-326,537580,30267181,30267199,18
channel-6994,1323582,30267181,30267192,11
channel-1,408242,30267188,30267213,25
channel-0,4037554,30267188,30267202,14
channel-91017,2773,30267190,30267200,10
channel-0,4037555,30267199,30267211,12
channel-874,292770,30267202,30267207,5
channel-750,681953,30267206,30267214,8
channel-0,4037556,30267211,30267219,8
channel-75,844884,30267213,30267220,7
channel-5,184254,30267215,30267224,9
channel-122,667790,30267216,30267220,4
channel-199,132607,30267221,30267231,10
channel-5,184255,30267227,30267237,10
channel-2188,43553,30267228,30267233,5
channel-88,467075,30267230,30267262,32
channel-0,4037557,30267234,30267244,10
channel-750,681954,30267237,30267243,6
channel-750,681955,30267237,30267243,6
channel-5,184256,30267241,30267250,9
channel-750,681956,30267256,30267272,16
channel-326,537581,30267258,30267268,10
channel-91017,2774,30267261,30267270,9
channel-216,94153,30267274,30267365,91
channel-4,166862,30267274,30267292,18
channel-750,681957,30267288,30267292,4
channel-208,1489725,30267292,30267303,11
channel-0,4037558,30267305,30267316,11
channel-143,128285,30267311,30267351,40
channel-6994,1323583,30267320,30267335,15
channel-750,681958,30267323,30267330,7
channel-750,681959,30267324,30267330,6
channel-85077,59594,30267342,30267350,8
channel-750,681960,30267349,30267358,9
channel-73755,5828,30267353,30267361,8
channel-750,681961,30267353,30267358,5
channel-750,681962,30267359,30267375,16
channel-0,4037559,30267368,30267379,11
channel-6787,166646,30267368,30267372,4
channel-165,71420,30267375,30267818,443
channel-750,681963,30267378,30267382,4
channel-91017,2775,30267383,30267390,7
channel-750,681964,30267394,30267398,4
channel-0,4037560,30267396,30267407,11
channel-0,4037561,30267398,30267407,9
channel-0,4037562,30267405,30267417,12
channel-6994,1323584,30267420,30267429,9
channel-6787,166647,30267448,30267453,5
channel-6994,1323585,30267450,30267458,8
channel-750,681965,30267452,30267458,6
channel-85077,59595,30267465,30267476,11
channel-2188,43554,30267475,30267480,5
channel-750,681966,30267479,30267484,5
channel-750,681967,30267486,30267497,11
channel-85077,59596,30267486,30267495,9
channel-89321,19374,30267487,30267492,5
channel-326,537582,30267489,30267497,8
channel-750,681968,30267500,30267516,16
channel-6994,1323586,30267521,30267534,13
channel-750,681969,30267526,30267538,12
channel-6994,1323587,30267528,30267537,9
channel-122,667791,30267528,30267534,6
channel-79703,4414,30267536,30267549,13
channel-750,681970,30267541,30267551,10
channel-122,667792,30267543,30267548,5
channel-6994,1323588,30267546,30267557,11
channel-750,681971,30267550,30267554,4
channel-750,681972,30267553,30267558,5
channel-750,681973,30267559,30267564,5
channel-0,4037563,30267560,30267591,31
channel-2188,43555,30267561,30267565,4
channel-85077,59597,30267562,30267572,10
channel-85077,59598,30267567,30267588,21
channel-85077,59599,30267573,30267586,13
channel-0,4037564,30267575,30267587,12
channel-6994,1323589,30267579,30267591,12
channel-750,681974,30267602,30267614,12
channel-6897,5633,30267605,30267838,233
channel-6994,1323590,30267606,30267619,13
channel-2494,31893,30267609,30267621,12
channel-750,681975,30267611,30267625,14
channel-73755,5829,30267614,30267621,7
channel-6994,1323591,30267624,30267639,15
channel-750,681976,30267625,30267637,12
channel-91017,2776,30267629,30267638,9
channel-208,1489726,30267648,30267656,8
channel-750,681977,30267649,30267659,10
channel-75,844885,30267660,30267667,7
channel-0,4037565,30267663,30267673,10
channel-750,681978,30267668,30267683,15
channel-750,681979,30267676,30267683,7
channel-165,71421,30267677,30267823,146
channel-0,4037566,30267681,30267692,11
channel-750,681980,30267682,30267690,8
channel-6994,1323592,30267683,30267694,11
channel-85077,59600,30267683,30267706,23
channel-0,4037567,30267684,30267692,8
channel-750,681981,30267699,30267704,5
channel-0,4037568,30267703,30267714,11
channel-874,292771,30267703,30267707,4
channel-6994,1323593,30267703,30267712,9
channel-750,681982,30267703,30267707,4
channel-85077,59601,30267707,30267743,36
channel-122,667793,30267708,30267712,4
channel-165,71422,30267710,30267827,117
channel-750,681983,30267713,30267719,6
channel-6994,1323594,30267714,30267729,15
channel-6994,1323595,30267719,30267734,15
channel-6994,1323596,30267723,30267734,11
channel-783,104205,30267725,30267732,7
channel-326,537583,30267727,30267734,7
channel-85077,59602,30267740,30267747,7
channel-525,6370,30267744,30267774,30
channel-122,667794,30267745,30267750,5
channel-122,667795,30267747,30267762,15
channel-783,104206,30267750,30267756,6
channel-750,681984,30267751,30267766,15
channel-208,1489727,30267755,30267766,11
channel-208,1489728,30267757,30267766,9
channel-165,71423,30267764,30267816,52
channel-113,301306,30267770,30267801,31
channel-0,4037569,30267774,30267784,10
channel-750,681985,30267776,30267781,5
channel-208,1489729,30267776,30267787,11
channel-6994,1323597,30267779,30267791,12
channel-0,4037570,30267780,30267788,8
channel-874,292772,30267782,30267788,6
channel-750,681986,30267782,30267791,9
channel-750,681987,30267786,30267791,5
channel-38946,124081,30267791,30267808,17
channel-98130,75,30267794,30267812,18
channel-85077,59603,30267794,30267803,9
channel-19774,345819,30267795,30267807,12
channel-19774,345820,30267797,30267807,10
channel-750,681988,30267797,30267812,15
channel-0,4037571,30267798,30267810,12
channel-143,128286,30267803,30267813,10
channel-85077,59604,30267807,30267817,10
channel-0,4037572,30267809,30267814,5
channel-38946,124082,30267809,30267826,17
channel-412,64482,30267813,30267827,14
channel-38946,124083,30267825,30267844,19
channel-6994,1323598,30267834,30267845,11
channel-19774,345821,30267835,30267848,13
channel-6994,1323599,30267840,30267855,15
channel-85077,59605,30267843,30267853,10
channel-38946,124085,30267849,30272419,4570
channel-6994,1323600,30267853,30267865,12
channel-38946,124086,30267858,30267878,20
channel-19774,345822,30267861,30267870,9
channel-4,166863,30267865,30267881,16
channel-750,681989,30267869,30267885,16
channel-750,681990,30267870,30267876,6
channel-38946,124087,30267872,30267885,13
channel-19774,345823,30267878,30267887,9
channel-6787,166648,30267880,30267885,5
channel-0,4037573,30267881,30267894,13
channel-19774,345824,30267881,30267888,7
channel-0,4037574,30267883,30267894,11
channel-412,64483,30267883,30267895,12
channel-750,681991,30267884,30267892,8
channel-19774,345825,30267885,30267899,14
channel-19774,345826,30267891,30267903,12
channel-6994,1323601,30267904,30267916,12
channel-20082,9874,30267906,30267915,9
channel-0,4037575,30267915,30267928,13
channel-38946,124088,30267915,30267937,22
channel-19774,345827,30267917,30267926,9
channel-6787,166649,30267927,30267933,6
channel-38946,124089,30267931,30267941,10
channel-412,64484,30267933,30267944,11
channel-122,667796,30267935,30267940,5
channel-75,844886,30267936,30267942,6
channel-259,314218,30267939,30267946,7
channel-208,1489730,30267947,30267959,12
channel-38946,124090,30267951,30267964,13
channel-783,104207,30267964,30267968,4
channel-6994,1323602,30267965,30267977,12
channel-76971,12224,30267968,30267989,21
channel-0,4037576,30267968,30267978,10
channel-208,1489731,30267968,30267978,10
channel-750,681992,30267977,30267981,4
channel-1,408243,30267981,30268003,22
channel-2188,43556,30267981,30267985,4
channel-165,71424,30267988,30267999,11
channel-20082,9875,30267988,30267997,9
channel-75,844887,30267994,30268000,6
channel-0,4037577,30267994,30268008,14
channel-76971,12225,30267997,30268007,10
channel-0,4037578,30267999,30268012,13
channel-122,667797,30268027,30268031,4
channel-326,537584,30268032,30268038,6
channel-5,184257,30268034,30268044,10
channel-165,71425,30268034,30268049,15
channel-0,4037579,30268053,30268064,11
channel-750,681993,30268069,30268075,6
channel-750,681994,30268069,30268081,12
channel-87,182889,30268070,30268088,18
channel-750,681995,30268077,30268087,10
channel-2188,43557,30268078,30268083,5
channel-750,681996,30268086,30268091,5
channel-122,667798,30268089,30268093,4
channel-0,4037580,30268089,30268095,6
channel-2188,43558,30268091,30268096,5
channel-122,667799,30268092,30268096,4
channel-19774,345828,30268095,30268104,9
channel-0,4037581,30268098,30268112,14
channel-85077,59606,30268112,30268122,10
channel-88,467076,30268115,30268133,18
channel-750,681997,30268121,30268126,5
channel-0,4037582,30268125,30268137,12
channel-208,1489732,30268128,30268139,11
channel-750,681998,30268140,30268162,22
channel-75,844888,30268148,30268157,9
channel-6994,1323603,30268148,30268160,12
channel-362,86676,30268158,30268172,14
channel-750,681999,30268158,30268172,14
channel-750,682000,30268161,30268166,5
channel-204,670762,30268176,30268185,9
channel-75,844889,30268176,30268184,8
channel-1,408244,30268200,30268218,18
channel-199,132608,30268204,30268211,7
channel-750,682001,30268211,30268223,12
channel-42,1489945,30268212,30268218,6
channel-4,166864,30268222,30268246,24
channel-79703,4415,30268229,30268241,12
channel-85077,59607,30268230,30268241,11
channel-259,314219,30268230,30268237,7
channel-85077,59608,30268237,30268249,12
channel-6994,1323604,30268238,30268247,9
channel-0,4037583,30268243,30268255,12
channel-122,667800,30268271,30268275,4
channel-8,43451,30268271,30268285,14
channel-0,4037584,30268272,30268283,11
channel-750,682002,30268278,30268289,11
channel-412,64485,30268279,30268293,14
channel-0,4037585,30268279,30268288,9
channel-0,4037586,30268280,30268294,14
channel-188,190542,30268281,30268290,9
channel-91017,2777,30268288,30268297,9
channel-0,4037587,30268301,30268314,13
channel-412,64486,30268314,30268324,10
channel-122,667801,30268317,30268321,4
channel-19774,345829,30268328,30268338,10
channel-750,682003,30268335,30268364,29
channel-2,130597,30268352,30268361,9
channel-79241,950,30268355,30268364,9
channel-6994,1323605,30268358,30268368,10
channel-2188,43559,30268360,30268364,4
channel-412,64487,30268364,30268399,35
channel-19774,345830,30268365,30268377,12
channel-6994,1323606,30268372,30268383,11
channel-0,4037588,30268373,30268383,10
channel-85077,59609,30268377,30268386,9
channel-0,4037589,30268381,30268393,12
channel-85077,59610,30268388,30268396,8
channel-750,682004,30268392,30268408,16
channel-782,310115,30268394,30268399,5
channel-89321,19375,30268404,30268410,6
channel-6994,1323607,30268421,30268432,11
channel-6994,1323608,30268438,30268451,13
channel-326,537585,30268444,30268453,9
channel-326,537586,30268444,30268453,9
channel-326,537587,30268444,30268453,9
channel-326,537588,30268444,30268453,9
channel-91017,2778,30268448,30268456,8
channel-6994,1323609,30268455,30268465,10
channel-208,1489733,30268455,30268467,12
channel-122,667802,30268456,30268459,3
channel-2,130598,30268461,30268473,12
channel-0,4037590,30268469,30268478,9
channel-85077,59611,30268483,30268492,9
channel-2,130599,30268487,30268499,12
channel-8945,17739,30268491,30268502,11
channel-1,408245,30268499,30268509,10
channel-165,71431,30268500,30268528,28
channel-874,292773,30268502,30268522,20
channel-75,844890,30268503,30268509,6
channel-0,4037591,30268518,30268531,13
channel-208,1489734,30268536,30268547,11
channel-165,71432,30268539,30269098,559
channel-85077,59612,30268541,30268551,10
channel-8945,17740,30268544,30268553,9
channel-89298,18616,30268549,30268557,8
channel-0,4037592,30268552,30268564,12
channel-19774,345831,30268552,30268561,9
channel-874,292774,30268579,30268586,7
channel-0,4037593,30268608,30268618,10
channel-6994,1323610,30268613,30268624,11
channel-2186,40763,30268638,30268658,20
channel-4,166865,30268645,30268666,21
channel-19774,345832,30268655,30268663,8
channel-0,4037594,30268665,30268674,9
channel-1,408246,30268666,30268682,16
channel-412,64488,30268667,30268675,8
channel-0,4037595,30268667,30268678,11
channel-42,1489946,30268669,30268674,5
channel-89298,18617,30268673,30268683,10
channel-0,4037596,30268678,30268689,11
channel-6994,1323611,30268686,30268695,9
channel-750,682005,30268691,30268711,20
channel-340,3168,30268694,30268701,7
channel-259,314220,30268696,30268702,6
channel-412,64489,30268700,30268709,9
channel-208,1489735,30268700,30268710,10
channel-750,682006,30268704,30268709,5
channel-6994,1323612,30268719,30268746,27
channel-326,537589,30268722,30268749,27
channel-88,467077,30268733,30268746,13
channel-259,314221,30268741,30268747,6
channel-750,682007,30268757,30268774,17
channel-0,4037597,30268763,30268776,13
channel-750,682008,30268767,30268780,13
channel-0,4037598,30268769,30268781,12
channel-0,4037599,30268772,30268781,9
channel-0,4037600,30268776,30268800,24
channel-0,4037601,30268780,30268792,12
channel-412,64490,30268780,30268793,13
channel-6994,1323613,30268787,30268799,12
channel-0,4037602,30268787,30268798,11
channel-85077,59613,30268798,30268804,6
channel-0,4037603,30268798,30268807,9
channel-0,4037604,30268799,30268807,8
channel-0,4037605,30268801,30268810,9
channel-0,4037606,30268804,30268816,12
channel-6994,1323614,30268814,30268827,13
channel-0,4037607,30268816,30268828,12
channel-782,310116,30268825,30268832,7
channel-6994,1323615,30268834,30268848,14
channel-0,4037608,30268846,30268856,10
channel-0,4037609,30268849,30268859,10
channel-6994,1323616,30268852,30268862,10
channel-326,537590,30268858,30268877,19
channel-85077,59614,30268866,30268876,10
channel-19774,345833,30268875,30268883,8
channel-122,667803,30268879,30268883,4
channel-0,4037610,30268887,30268895,8
channel-0,4037611,30268893,30268914,21
channel-750,682009,30268893,30268903,10
channel-0,4037612,30268893,30268904,11
channel-122,667804,30268897,30268901,4
channel-38946,124091,30268915,30268932,17
channel-85077,59615,30268916,30268923,7
channel-2188,43560,30268917,30268921,4
channel-767,14359,30268921,30268931,10
channel-208,1489736,30268925,30268933,8
channel-208,1489737,30268951,30268962,11
channel-0,4037613,30268969,30268995,26
channel-208,1489738,30268971,30268982,11
channel-85077,59616,30268971,30268983,12
channel-6994,1323617,30268991,30269000,9
channel-0,4037614,30268998,30269009,11
channel-38946,124092,30269000,30269019,19
channel-2186,40764,30269004,30269016,12
channel-122,667805,30269004,30269008,4
channel-94814,3746,30269005,30269013,8
channel-75,844891,30269014,30269022,8
channel-6994,1323618,30269017,30269031,14
channel-6994,1323619,30269025,30269038,13
channel-0,4037615,30269035,30269041,6
channel-750,682010,30269039,30269041,2
channel-89298,18618,30269041,30269051,10
channel-89321,19376,30269044,30269070,26
channel-75,844892,30269045,30269051,6
channel-0,4037616,30269051,30269064,13
channel-0,4037617,30269056,30269070,14
channel-208,1489739,30269057,30269069,12
channel-85077,59617,30269058,30269069,11
channel-15464,2652,30269065,30269080,15
channel-79703,4416,30269080,30269091,11
channel-38946,124093,30269088,30269099,11
channel-208,1489740,30269099,30269110,11
channel-199,132609,30269101,30269110,9
channel-750,682011,30269109,30269122,13
channel-208,1489741,30269112,30269121,9
channel-199,132610,30269114,30269124,10
channel-216,94154,30269115,30269186,71
channel-874,292775,30269122,30269127,5
channel-340,3169,30269124,30269133,9
channel-0,4037618,30269135,30269144,9
channel-6994,1323620,30269138,30269151,13
channel-122,667806,30269152,30269156,4
channel-750,682012,30269158,30269167,9
channel-874,292776,30269168,30269173,5
channel-122,667807,30269171,30269175,4
channel-0,4037619,30269174,30269185,11
channel-750,682013,30269178,30269183,5
channel-88,467078,30269193,30269213,20
channel-6994,1323621,30269204,30269217,13
channel-750,682014,30269222,30269235,13
channel-0,4037620,30269227,30269237,10
channel-251,85174,30269227,30269236,9
channel-0,4037621,30269236,30269245,9
channel-750,682015,30269237,30269241,4
channel-0,4037622,30269243,30269254,11
channel-750,682016,30269264,30269275,11
channel-85077,59618,30269269,30269284,15
channel-750,682017,30269274,30269285,11
channel-6994,1323622,30269278,30269289,11
channel-750,682018,30269281,30269297,16
channel-0,4037623,30269289,30269302,13
channel-0,4037624,30269295,30269305,10
channel-0,4037625,30269304,30269333,29
channel-0,4037626,30269305,30269314,9
channel-98130,76,30269306,30269319,13
channel-0,4037627,30269314,30269323,9
channel-750,682019,30269322,30269372,50
channel-38946,124094,30269322,30269336,14
channel-750,682020,30269322,30269372,50
channel-0,4037628,30269330,30269347,17
channel-85077,59619,30269336,30269346,10
channel-204,670763,30269338,30269347,9
channel-750,682021,30269339,30269349,10
channel-6994,1323623,30269340,30269355,15
channel-750,682022,30269347,30269359,12
channel-6994,1323624,30269349,30269361,12
channel-0,4037629,30269351,30269359,8
channel-42,1489947,30269353,30269361,8
channel-6994,1323625,30269355,30269364,9
channel-6994,1323626,30269366,30269379,13
channel-6994,1323627,30269368,30269379,11
channel-6994,1323628,30269373,30269385,12
channel-85077,59620,30269374,30269385,11
channel-0,4037630,30269377,30269385,8
channel-0,4037631,30269386,30269399,13
channel-4,166866,30269389,30269422,33
channel-0,4037632,30269393,30269405,12
channel-208,1489742,30269394,30269404,10
channel-76971,12226,30269397,30269412,15
channel-6994,1323629,30269414,30269424,10
channel-0,4037633,30269416,30269426,10
channel-75,844893,30269418,30269424,6
channel-750,682023,30269420,30269429,9
channel-89298,18619,30269421,30269432,11
channel-85077,59621,30269422,30269430,8
channel-85077,59622,30269423,30269440,17
channel-85077,59623,30269430,30269448,18
channel-85077,59624,30269440,30269460,20
channel-89321,19377,30269444,30269454,10
channel-0,4037634,30269446,30269458,12
channel-15464,2653,30269446,30269460,14
channel-6994,1323630,30269459,30269468,9
channel-6994,1323631,30269460,30269492,32
channel-0,4037635,30269463,30269471,8
channel-750,682024,30269466,30269469,3
channel-85077,59625,30269468,30269478,10
channel-208,1489743,30269474,30269485,11
channel-0,4037636,30269477,30269488,11
channel-85077,59626,30269477,30269485,8
channel-143,128287,30269482,30269491,9
channel-6994,1323632,30269484,30269497,13
channel-75,844894,30269484,30269492,8
channel-98130,77,30269485,30269501,16
channel-75,844895,30269489,30269497,8
channel-750,682025,30269497,30269513,16
channel-85077,59627,30269499,30269509,10
channel-750,682026,30269501,30269507,6
channel-0,4037637,30269501,30269512,11
channel-75,844896,30269502,30269510,8
channel-750,682027,30269504,30269514,10
channel-85077,59628,30269504,30269514,10
channel-85077,59629,30269504,30269518,14
channel-89321,19378,30269505,30269514,9
channel-6994,1323633,30269514,30269523,9
channel-0,4037638,30269515,30269522,7
channel-750,682028,30269516,30269521,5
channel-0,4037639,30269520,30269529,9
channel-89321,19379,30269520,30269526,6
channel-204,670764,30269522,30269533,11
channel-85077,59630,30269522,30269532,10
channel-0,4037640,30269523,30269534,11
channel-6994,1323634,30269525,30269537,12
channel-2186,40765,30269526,30269537,11
channel-85077,59631,30269526,30269535,9
channel-19774,345834,30269533,30269542,9
channel-750,682029,30269533,30269538,5
channel-76971,12227,30269534,30269553,19
channel-6994,1323635,30269535,30269547,12
channel-0,4037641,30269535,30269543,8
channel-208,1489744,30269538,30269550,12
channel-75,844897,30269538,30269547,9
channel-98130,78,30269538,30269555,17
channel-85077,59632,30269546,30269558,12
channel-750,682030,30269549,30269571,22
channel-85077,59633,30269551,30269567,16
channel-0,4037642,30269552,30269562,10
channel-88,467079,30269553,30269619,66
channel-6994,1323636,30269556,30269568,12
channel-750,682031,30269556,30269561,5
channel-229,55007,30269558,30269571,13
channel-85077,59634,30269558,30269567,9
channel-0,4037643,30269564,30269576,12
channel-98130,79,30269579,30269595,16
channel-85077,59635,30269581,30269593,12
channel-1575,15185,30269586,30269600,14
channel-6994,1323637,30269588,30269601,13
channel-6994,1323638,30269593,30269606,13
channel-75,844898,30269596,30269604,8
channel-750,682032,30269604,30269621,17
channel-750,682033,30269609,30269614,5
channel-208,1489745,30269610,30269623,13
channel-98130,80,30269611,30269627,16
channel-85077,59636,30269637,30269647,10
channel-208,1489746,30269639,30269648,9
channel-42,1489948,30269642,30269652,10
channel-76971,12228,30269643,30269667,24
channel-750,682034,30269644,30269650,6
channel-216,94155,30269645,30269676,31
channel-75,844899,30269646,30269653,7
channel-216,94156,30269651,30269676,25
channel-6994,1323639,30269656,30269672,16
channel-122,667808,30269656,30269660,4
channel-0,4037644,30269666,30269678,12
channel-5485,1705,30269671,30269682,11
channel-1,408247,30269676,30269686,10
channel-75,844900,30269676,30269682,6
channel-2188,43561,30269679,30269684,5
channel-38946,124095,30269686,30269703,17
channel-6994,1323640,30269689,30269700,11
channel-75,844901,30269689,30269696,7
channel-38946,124096,30269690,30269703,13
channel-76971,12229,30269696,30269703,7
channel-85077,59637,30269698,30269707,9
channel-6994,1323641,30269699,30269711,12
channel-88,467080,30269717,30269732,15
channel-874,292777,30269719,30269726,7
channel-75,844902,30269722,30269731,9
channel-79703,4417,30269728,30269739,11
channel-522,40425,30269730,30269739,9
channel-750,682035,30269730,30269739,9
channel-6994,1323642,30269736,30269772,36
channel-85077,59638,30269737,30269751,14
channel-79703,4418,30269746,30269761,15
channel-208,1489747,30269747,30269757,10
channel-0,4037645,30269748,30269769,21
channel-85077,59639,30269755,30269765,10
channel-85077,59640,30269771,30269783,12
channel-98130,81,30269776,30269788,12
channel-6994,1323643,30269786,30269799,13
channel-6994,1323644,30269789,30269799,10
channel-6994,1323645,30269794,30269804,10
channel-6994,1323646,30269807,30269825,18
channel-6994,1323647,30269819,30269831,12
channel-85077,59641,30269822,30269832,10
channel-75,844903,30269823,30269830,7
channel-6994,1323648,30269823,30269836,13
channel-750,682036,30269825,30269832,7
channel-6994,1323649,30269825,30269836,11
channel-208,1489748,30269826,30269838,12
channel-204,670765,30269829,30269838,9
channel-0,4037646,30269830,30269842,12
channel-208,1489749,30269839,30269852,13
channel-208,1489750,30269840,30269852,12
channel-85077,59642,30269844,30269857,13
channel-1,408248,30269847,30269862,15
channel-874,292778,30269849,30269854,5
channel-0,4037647,30269849,30269865,16
channel-208,1489751,30269849,30269861,12
channel-21113,25299,30269852,30269859,7
channel-0,4037648,30269853,30269870,17
channel-0,4037649,30269853,30269875,22
channel-85077,59643,30269856,30269864,8
channel-85077,59644,30269858,30269870,12
channel-76971,12230,30269860,30269880,20
channel-85077,59645,30269861,30269878,17
channel-0,4037650,30269862,30269870,8
channel-0,4037651,30269864,30269875,11
channel-85077,59646,30269865,30269878,13
channel-85077,59647,30269869,30269878,9
channel-85077,59648,30269882,30269892,10
channel-79180,3373,30269882,30269890,8
channel-1429,140690,30269883,30269897,14
channel-6994,1323650,30269887,30269899,12
channel-122,667809,30269888,30269900,12
channel-0,4037652,30269895,30269904,9
channel-85077,59649,30269897,30269907,10
channel-85077,59650,30269899,30269910,11
channel-85077,59651,30269900,30269912,12
channel-216,94160,30269900,30270132,232
channel-750,682037,30269902,30269913,11
channel-750,682038,30269906,30269912,6
channel-85077,59652,30269907,30269918,11
channel-75,844904,30269907,30269914,7
channel-21113,25300,30269912,30269920,8
channel-6994,1323651,30269914,30269923,9
channel-85077,59653,30269914,30269923,9
channel-750,682039,30269918,30269929,11
channel-750,682040,30269921,30269932,11
channel-0,4037653,30269921,30269932,11
channel-6994,1323652,30269924,30269937,13
channel-750,682041,30269932,30269939,7
channel-750,682042,30269932,30269936,4
channel-5485,1706,30269934,30269948,14
channel-208,1489752,30269936,30269946,10
channel-122,667810,30269942,30269945,3
channel-85077,59654,30269943,30269951,8
channel-85077,59655,30269943,30269951,8
channel-122,667811,30269946,30269951,5
channel-216,94162,30269951,30270132,181
channel-21113,25301,30269953,30269958,5
channel-208,1489753,30269958,30269971,13
channel-0,4037654,30269960,30269968,8
channel-0,4037655,30269962,30269974,12
channel-85077,59656,30269963,30269972,9
channel-0,4037656,30269965,30269974,9
channel-0,4037657,30269966,30269987,21
channel-5485,1707,30269968,30269979,11
channel-0,4037658,30269974,30269982,8
channel-5485,1708,30269985,30269997,12
channel-97998,52,30270006,30270012,6
channel-0,4037659,30270007,30270018,11
channel-85077,59657,30270009,30270021,12
channel-6994,1323653,30270012,30270026,14
channel-208,1489754,30270014,30270028,14
channel-1,408249,30270015,30270040,25
channel-0,4037660,30270020,30270033,13
channel-208,1489755,30270036,30270046,10
channel-259,314222,30270041,30270047,6
channel-85077,59658,30270069,30270078,9
channel-216,94163,30270070,30270132,62
channel-750,682043,30270082,30270086,4
channel-0,4037661,30270082,30270092,10
channel-204,670766,30270083,30270091,8
channel-750,682044,30270097,30270105,8
channel-122,667812,30270098,30270106,8
channel-143,128288,30270101,30270110,9
channel-216,94164,30270106,30270169,63
channel-75,844905,30270116,30270122,6
channel-750,682045,30270123,30270133,10
channel-874,292779,30270124,30270129,5
channel-208,1489756,30270132,30270142,10
channel-6994,1323654,30270134,30270143,9
channel-750,682046,30270153,30270164,11
channel-2188,43562,30270162,30270167,5
channel-326,537591,30270165,30270170,5
channel-6994,1323655,30270168,30270177,9
channel-0,4037662,30270182,30270193,11
channel-122,667813,30270184,30270187,3
channel-750,682047,30270189,30270201,12
channel-0,4037663,30270190,30270202,12
channel-259,314223,30270200,30270207,7
channel-0,4037664,30270212,30270220,8
channel-88,467081,30270217,30270235,18
channel-0,4037665,30270220,30270248,28
channel-208,1489757,30270231,30270243,12
channel-122,667814,30270232,30270235,3
channel-6994,1323656,30270235,30270249,14
channel-782,310117,30270238,30270244,6
channel-122,667815,30270252,30270256,4
channel-0,4037666,30270253,30270264,11
channel-76971,12231,30270260,30270274,14
channel-750,682048,30270269,30270288,19
channel-82,18948,30270269,30270299,30
channel-6994,1323657,30270276,30270309,33
channel-782,310118,30270277,30270284,7
channel-115,20356,30270286,30270296,10
channel-6994,1323658,30270306,30270320,14
channel-20082,9876,30270308,30270318,10
channel-75,844906,30270312,30270319,7
channel-782,310119,30270320,30270326,6
channel-204,670767,30270326,30270339,13
channel-6994,1323659,30270331,30270346,15
channel-0,4037667,30270335,30270345,10
channel-6994,1323660,30270338,30270350,12
channel-341,3387,30270342,30270356,14
channel-42,1489949,30270344,30270350,6
channel-750,682049,30270354,30270360,6
channel-782,310120,30270356,30270361,5
channel-0,4037668,30270358,30270369,11
channel-0,4037669,30270376,30270386,10
channel-782,310121,30270376,30270383,7
channel-522,40426,30270378,30270431,53
channel-750,682050,30270383,30270398,15
channel-782,310122,30270388,30270397,9
channel-2188,43563,30270392,30270396,4
channel-6994,1323661,30270395,30270406,11
channel-750,682051,30270397,30270420,23
channel-6994,1323662,30270418,30270443,25
channel-6994,1323663,30270419,30270431,12
channel-2188,43564,30270422,30270427,5
channel-6994,1323664,30270424,30270434,10
channel-750,682052,30270424,30270429,5
channel-0,4037670,30270441,30270450,9
channel-85077,59659,30270449,30270459,10
channel-326,537592,30270453,30270460,7
channel-122,667816,30270471,30270475,4
channel-122,667817,30270473,30270477,4
channel-326,537593,30270473,30270483,10
channel-208,1489758,30270484,30270495,11
channel-85077,59660,30270489,30270499,10
channel-782,310123,30270491,30270496,5
channel-4,166867,30270492,30270555,63
channel-6994,1323665,30270500,30270514,14
channel-6994,1323666,30270508,30270520,12
channel-750,682053,30270511,30270521,10
channel-750,682054,30270514,30270520,6
channel-6994,1323667,30270517,30270536,19
channel-259,314224,30270534,30270540,6
channel-85077,59661,30270536,30270544,8
channel-874,292780,30270540,30270547,7
channel-326,537594,30270544,30270548,4
channel-2188,43565,30270548,30270553,5
channel-6994,1323668,30270550,30270562,12
channel-0,4037671,30270550,30270558,8
channel-6994,1323669,30270550,30270562,12
channel-6994,1323670,30270558,30270571,13
channel-89321,19380,30270561,30270570,9
channel-216,94165,30270570,30270588,18
channel-1,408250,30270572,30270599,27
channel-750,682055,30270572,30270577,5
channel-89321,19381,30270583,30270590,7
channel-782,310124,30270586,30270593,7
channel-6994,1323671,30270593,30270613,20
channel-204,670769,30270594,30270605,11
channel-0,4037672,30270597,30270608,11
channel-75,844907,30270599,30270605,6
channel-122,667818,30270613,30270617,4
channel-38946,124097,30270615,30270628,13
channel-750,682056,30270616,30270632,16
channel-79703,4419,30270659,30270671,12
channel-6994,1323672,30270669,30270682,13
channel-6994,1323673,30270679,30270709,30
channel-6994,1323674,30270681,30270704,23
channel-750,682057,30270718,30270729,11
channel-782,310125,30270720,30270724,4
channel-4,166868,30270724,30270746,22
channel-6994,1323675,30270732,30270742,10
channel-75,844908,30270742,30270748,6
channel-2494,31894,30270745,30270755,10
channel-6994,1323676,30270749,30270760,11
channel-208,1489759,30270753,30270765,12
channel-208,1489760,30270778,30270790,12
channel-0,4037673,30270788,30270795,7
channel-6787,166650,30270790,30270794,4
channel-0,4037674,30270794,30270806,12
channel-85791,3746,30270799,30270805,6
channel-0,4037675,30270800,30270806,6
channel-85077,59662,30270802,30270868,66
channel-750,682058,30270806,30270818,12
channel-208,1489761,30270807,30270819,12
channel-6994,1323677,30270811,30270825,14
channel-122,667819,30270814,30270818,4
channel-750,682059,30270816,30270821,5
channel-6787,166651,30270817,30270821,4
channel-782,310126,30270833,30270839,6
channel-874,292781,30270837,30270842,5
channel-6994,1323678,30270840,30270856,16
channel-750,682060,30270844,30270863,19
channel-75,844909,30270854,30270862,8
channel-750,682061,30270860,30270863,3
channel-782,310127,30270861,30270868,7
channel-208,1489762,30270861,30270873,12
channel-0,4037676,30270877,30270902,25
channel-251,85175,30270881,30270889,8
channel-0,4037677,30270884,30270898,14
channel-0,4037678,30270885,30270909,24
channel-750,682062,30270893,30270910,17
channel-6994,1323679,30270907,30270921,14
channel-341,3388,30270907,30270915,8
channel-0,4037679,30270920,30270940,20
channel-208,1489763,30270921,30270934,13
channel-0,4037680,30270922,30270946,24
channel-208,1489764,30270923,30270934,11
channel-122,667820,30270937,30270940,3
channel-6994,1323680,30270937,30270950,13
channel-89298,18621,30270939,30270949,10
channel-199,132611,30270940,30270953,13
channel-113,301307,30270942,30270988,46
channel-122,667821,30270946,30270950,4
channel-122,667822,30270959,30270963,4
channel-85077,59663,30270961,30270968,7
channel-412,64491,30270967,30270976,9
channel-6994,1323681,30270971,30270989,18
channel-4,166869,30270972,30270999,27
channel-85077,59664,30270978,30270987,9
channel-89321,19382,30270983,30271022,39
channel-208,1489765,30270989,30271000,11
channel-208,1489766,30270992,30271004,12
channel-0,4037681,30270992,30271005,13
channel-98130,82,30270999,30271014,15
channel-85077,59665,30271003,30271013,10
channel-6994,1323682,30271011,30271025,14
channel-2,130600,30271015,30271030,15
channel-85077,59666,30271019,30271028,9
channel-0,4037682,30271021,30271032,11
channel-108,39836,30271022,30271075,53
channel-6994,1323683,30271025,30271038,13
channel-326,537595,30271042,30271051,9
channel-750,682063,30271046,30271060,14
channel-122,667823,30271049,30271053,4
channel-208,1489767,30271063,30271073,10
channel-108,39837,30271064,30271075,11
channel-216,94166,30271068,30271176,108
channel-75,844910,30271072,30271077,5
channel-6994,1323684,30271085,30271100,15
channel-6994,1323685,30271090,30271119,29
channel-6994,1323686,30271091,30271105,14
channel-259,314225,30271102,30271108,6
channel-199,132612,30271103,30271114,11
channel-85077,59667,30271105,30271117,12
channel-2494,31895,30271111,30271121,10
channel-85077,59668,30271116,30271125,9
channel-750,682064,30271123,30271133,10
channel-412,64492,30271125,30271138,13
channel-6994,1323687,30271128,30271140,12
channel-0,4037683,30271129,30271141,12
channel-208,1489768,30271131,30271140,9
channel-6994,1323688,30271134,30271144,10
channel-204,670770,30271134,30271142,8
channel-326,537596,30271136,30271145,9
channel-326,537597,30271136,30271145,9
channel-326,537598,30271136,30271145,9
channel-326,537599,30271136,30271145,9
channel-326,537600,30271136,30271145,9
channel-750,682065,30271137,30271150,13
channel-6994,1323689,30271137,30271155,18
channel-750,682066,30271140,30271154,14
channel-0,4037684,30271145,30271157,12
channel-750,682067,30271151,30271208,57
channel-1,408251,30271153,30271162,9
channel-750,682068,30271158,30271165,7
channel-199,132613,30271159,30271167,8
channel-85077,59669,30271160,30271169,9
channel-85077,59670,30271164,30271170,6
channel-199,132614,30271171,30271180,9
channel-85077,59671,30271177,30271190,13
channel-79703,4420,30271180,30271191,11
channel-199,132615,30271183,30271191,8
channel-6994,1323690,30271186,30271195,9
channel-42,1489950,30271190,30271213,23
channel-0,4037685,30271193,30271203,10
channel-6994,1323691,30271196,30271211,15
channel-1,408252,30271215,30271234,19
channel-750,682069,30271216,30271230,14
channel-85077,59672,30271217,30271228,11
channel-0,4037686,30271222,30271242,20
channel-6994,1323692,30271238,30271258,20
channel-750,682070,30271241,30271254,13
channel-199,132616,30271248,30271260,12
channel-6994,1323693,30271248,30271261,13
channel-6994,1323694,30271259,30271268,9
channel-6994,1323695,30271260,30271268,8
channel-199,132617,30271264,30271275,11
channel-6994,1323696,30271283,30271293,10
channel-750,682071,30271289,30271293,4
channel-85077,59673,30271291,30271300,9
channel-750,682072,30271308,30271312,4
channel-199,132618,30271310,30271321,11
channel-6994,1323697,30271315,30271333,18
channel-326,537601,30271318,30271325,7
channel-199,132619,30271319,30271331,12
channel-75016,4579,30271320,30271340,20
channel-2494,31896,30271325,30271334,9
channel-143,128289,30271331,30271348,17
channel-75,844911,30271344,30271351,7
channel-6994,1323698,30271344,30271357,13
channel-0,4037687,30271348,30271356,8
channel-1634,6716,30271356,30271365,9
channel-6994,1323699,30271356,30271365,9
channel-0,4037688,30271362,30271373,11
channel-6994,1323700,30271364,30271374,10
channel-88,467082,30271364,30271376,12
channel-199,132620,30271365,30271380,15
channel-6994,1323701,30271368,30271380,12
channel-6994,1323702,30271375,30271385,10
channel-0,4037689,30271379,30271401,22
channel-89321,19383,30271383,30271389,6
channel-6994,1323703,30271383,30271393,10
channel-750,682073,30271383,30271394,11
channel-6897,5634,30271391,30271399,8
channel-199,132621,30271394,30271405,11
channel-6994,1323704,30271395,30271410,15
channel-199,132622,30271408,30271419,11
channel-0,4037690,30271433,30271444,11
channel-2,130601,30271436,30271447,11
channel-6994,1323705,30271440,30271454,14
channel-42,1489951,30271444,30271452,8
channel-326,537602,30271449,30271455,6
channel-85077,59674,30271449,30271460,11
channel-75,844912,30271451,30271462,11
channel-0,4037691,30271455,30271468,13
channel-6,66633,30271458,30271470,12
channel-6994,1323706,30271460,30271475,15
channel-6994,1323707,30271468,30271480,12
channel-0,4037692,30271472,30271481,9
channel-208,1489769,30271480,30271489,9
channel-75016,4580,30271484,30271501,17
channel-0,4037693,30271488,30271501,13
channel-0,4037694,30271491,30271514,23
channel-85077,59675,30271491,30271509,18
channel-85077,59676,30271495,30271504,9
channel-85077,59677,30271504,30271519,15
channel-85077,59678,30271507,30271519,12
channel-75,844913,30271509,30271516,7
channel-6994,1323708,30271512,30271523,11
channel-85077,59679,30271515,30271525,10
channel-6994,1323709,30271544,30271555,11
channel-85077,59680,30271546,30271555,9
channel-85077,59681,30271547,30271562,15
channel-6994,1323710,30271554,30271566,12
channel-85077,59682,30271563,30271577,14
channel-75016,4581,30271567,30271587,20
channel-85077,59683,30271573,30271587,14
channel-85077,59684,30271575,30271581,6
channel-6994,1323711,30271578,30271592,14
channel-75016,4582,30271581,30271600,19
channel-340,3170,30271589,30271601,12
channel-85077,59685,30271589,30271598,9
channel-75,844914,30271589,30271597,8
channel-6994,1323712,30271592,30271603,11
channel-2188,43566,30271593,30271597,4
channel-85077,59686,30271596,30271603,7
channel-85077,59687,30271600,30271619,19
channel-326,537603,30271612,30271619,7
channel-75016,4583,30271619,30271641,22
channel-2186,40766,30271622,30271636,14
channel-75016,4584,30271625,30271647,22
channel-1,408253,30271627,30271642,15
channel-6994,1323713,30271627,30271638,11
channel-75016,4585,30271629,30271647,18
channel-85077,59688,30271637,30271646,9
channel-85077,59689,30271637,30271646,9
channel-6994,1323714,30271646,30271655,9
channel-75016,4586,30271648,30271672,24
channel-6994,1323715,30271649,30271660,11
channel-750,682074,30271666,30271682,16
channel-6994,1323716,30271676,30271690,14
channel-6994,1323717,30271685,30271697,12
channel-208,1489770,30271688,30271701,13
channel-6994,1323718,30271690,30271702,12
channel-0,4037695,30271690,30271699,9
channel-0,4037696,30271694,30271704,10
channel-6994,1323719,30271699,30271712,13
channel-208,1489771,30271701,30271713,12
channel-6994,1323720,30271710,30271723,13
channel-75,844915,30271711,30271722,11
channel-122,667824,30271712,30271716,4
channel-642,126494,30271719,30271733,14
channel-6994,1323721,30271719,30271731,12
channel-1,408254,30271722,30271754,32
channel-0,4037697,30271726,30271738,12
channel-0,4037698,30271730,30271757,27
channel-750,682075,30271733,30271738,5
channel-750,682076,30271739,30271745,6
channel-75016,4587,30271747,30271768,21
channel-75016,4588,30271754,30271776,22
channel-75016,4589,30271755,30271776,21
channel-75,844916,30271755,30271763,8
channel-0,4037699,30271766,30271786,20
channel-75016,4590,30271774,30271791,17
channel-75016,4591,30271776,30271799,23
channel-0,4037700,30271776,30271786,10
channel-750,682077,30271778,30271783,5
channel-75016,4592,30271778,30271799,21
channel-75016,4593,30271780,30271799,19
channel-208,1489772,30271788,30271797,9
channel-113,301308,30271790,30271904,114
channel-412,64493,30271793,30271802,9
channel-2188,43567,30271796,30271800,4
channel-208,1489773,30271800,30271809,9
channel-0,4037701,30271804,30271815,11
channel-75016,4594,30271804,30271822,18
channel-75016,4595,30271805,30271822,17
channel-85077,59690,30271805,30271812,7
channel-75016,4596,30271805,30271822,17
channel-6994,1323722,30271806,30271816,10
channel-0,4037702,30271809,30271831,22
channel-42,1489952,30271810,30271817,7
channel-85077,59691,30271814,30271824,10
channel-2188,43568,30271815,30271820,5
channel-85077,59692,30271815,30271830,15
channel-75016,4597,30271815,30271840,25
channel-750,682078,30271817,30271840,23
channel-783,104208,30271817,30271826,9
channel-412,64494,30271819,30271829,10
channel-6994,1323723,30271827,30271841,14
channel-2186,40767,30271829,30271841,12
channel-2188,43569,30271837,30271841,4
channel-94814,3747,30271837,30271849,12
channel-0,4037703,30271842,30271855,13
channel-0,4037704,30271845,30271872,27
channel-75016,4598,30271846,30271865,19
channel-0,4037705,30271848,30271867,19
channel-85077,59693,30271849,30271861,12
channel-6994,1323724,30271856,30271869,13
channel-85077,59694,30271856,30271864,8
channel-85077,59695,30271859,30271867,8
channel-2188,43570,30271860,30271864,4
channel-85077,59696,30271863,30271870,7
channel-6994,1323725,30271876,30271887,11
channel-6994,1323726,30271877,30271887,10
channel-199,132623,30271880,30271890,10
channel-2188,43571,30271882,30271887,5
channel-6994,1323727,30271883,30271892,9
channel-0,4037706,30271888,30271906,18
channel-6994,1323728,30271904,30271914,10
channel-75016,4599,30271907,30271922,15
channel-6994,1323729,30271909,30271922,13
channel-85077,59697,30271910,30271918,8
channel-1,408255,30271912,30271921,9
channel-0,4037707,30271917,30271928,11
channel-85077,59698,30271917,30271927,10
channel-0,4037708,30271919,30271944,25
channel-75016,4600,30271920,30271937,17
channel-6994,1323730,30271921,30271930,9
channel-75016,4601,30271924,30271944,20
channel-6994,1323731,30271928,30271940,12
channel-750,682079,30271932,30271936,4
channel-75016,4602,30271932,30271960,28
channel-0,4037709,30271933,30271944,11
channel-0,4037710,30271934,30271944,10
channel-75,844917,30271934,30271944,10
channel-750,682080,30271935,30271940,5
channel-76971,12232,30271936,30271960,24
channel-0,4037711,30271939,30271953,14
channel-750,682081,30271942,30271952,10
channel-750,682082,30271944,30271955,11
channel-208,1489774,30271944,30271957,13
channel-75016,4603,30271947,30271967,20
channel-208,1489775,30271948,30271961,13
channel-6994,1323732,30271952,30271962,10
channel-6994,1323733,30271953,30271962,9
channel-750,682083,30271953,30271966,13
channel-750,682084,30271960,30271966,6
channel-0,4037712,30271972,30271999,27
channel-89298,18622,30271972,30271980,8
channel-6994,1323734,30271976,30271988,12
channel-21113,25302,30271976,30271986,10
channel-2494,31897,30271976,30271987,11
channel-340,3171,30271978,30271988,10
channel-750,682085,30271991,30271996,5
channel-6994,1323735,30271998,30272013,15
channel-750,682086,30272000,30272006,6
channel-75,844918,30272001,30272009,8
channel-208,1489776,30272002,30272016,14
channel-0,4037713,30272012,30272025,13
channel-85077,59699,30272016,30272027,11
channel-6994,1323736,30272020,30272030,10
channel-0,4037714,30272034,30272043,9
channel-874,292782,30272035,30272039,4
channel-767,14360,30272037,30272047,10
channel-85077,59700,30272038,30272047,9
channel-208,1489777,30272039,30272049,10
channel-75016,4604,30272044,30272065,21
channel-0,4037715,30272067,30272078,11
channel-0,4037716,30272067,30272078,11
channel-6994,1323737,30272075,30272089,14
channel-767,14361,30272075,30272084,9
channel-6994,1323738,30272077,30272093,16
channel-750,682087,30272078,30272083,5
channel-0,4037717,30272081,30272091,10
channel-259,314226,30272087,30272093,6
channel-19774,345835,30272091,30272105,14
channel-75016,4605,30272096,30272114,18
channel-85077,59701,30272106,30272116,10
channel-0,4037718,30272107,30272116,9
channel-750,682088,30272111,30272121,10
channel-122,667825,30272111,30272115,4
channel-75016,4606,30272117,30272132,15
channel-0,4037719,30272122,30272130,8
channel-143,128290,30272123,30272144,21
channel-85077,59702,30272136,30272149,13
channel-85077,59703,30272147,30272154,7
channel-1,408256,30272148,30272164,16
channel-72,516408,30272155,30272188,33
channel-208,1489778,30272158,30272169,11
channel-208,1489779,30272172,30272186,14
channel-2188,43572,30272173,30272177,4
channel-0,4037720,30272175,30272200,25
channel-42,1489953,30272175,30272181,6
channel-750,682089,30272175,30272204,29
channel-6994,1323739,30272176,30272192,16
channel-0,4037721,30272179,30272191,12
channel-75,844919,30272189,30272196,7
channel-2188,43573,30272196,30272201,5
channel-750,682090,30272196,30272202,6
channel-21113,25303,30272202,30272208,6
channel-75016,4607,30272205,30272225,20
channel-750,682091,30272211,30272225,14
channel-783,104209,30272211,30272215,4
channel-6994,1323740,30272215,30272230,15
channel-6994,1323741,30272219,30272260,41
channel-2188,43574,30272222,30272226,4
channel-0,4037722,30272224,30272245,21
channel-0,4037723,30272231,30272243,12
channel-144,86677,30272231,30272240,9
channel-750,682092,30272235,30272251,16
channel-0,4037724,30272238,30272245,7
channel-750,682093,30272247,30272257,10
channel-0,4037725,30272247,30272259,12
channel-0,4037726,30272249,30272259,10
channel-0,4037727,30272251,30272259,8
channel-113,301309,30272257,30272304,47
channel-6994,1323742,30272262,30272278,16
channel-144,86678,30272262,30272272,10
channel-75016,4608,30272262,30272280,18
channel-75016,4609,30272270,30272287,17
channel-2188,43575,30272271,30272275,4
channel-5485,1709,30272274,30272284,10
channel-208,1489780,30272276,30272289,13
channel-208,1489781,30272289,30272298,9
channel-6994,1323743,30272293,30272306,13
channel-6994,1323744,30272294,30272320,26
channel-75016,4610,30272298,30272316,18
channel-1279,67113,30272300,30272311,11
channel-6994,1323745,30272302,30272316,14
channel-75016,4611,30272307,30272329,22
channel-0,4037728,30272308,30272319,11
channel-216,94167,30272321,30272394,73
channel-1279,67114,30272323,30272338,15
channel-2,130602,30272323,30272333,10
channel-75,844920,30272324,30272332,8
channel-88,467083,30272339,30272353,14
channel-6994,1323746,30272351,30272361,10
channel-89298,18623,30272356,30272367,11
channel-326,537604,30272362,30272371,9
channel-216,94168,30272375,30272417,42
channel-874,292783,30272375,30272385,10
channel-75016,4612,30272375,30272392,17
channel-113,301310,30272396,30272428,32
channel-750,682094,30272400,30272407,7
channel-75,844921,30272402,30272407,5
channel-208,1489782,30272402,30272411,9
channel-750,682095,30272403,30272407,4
channel-251,85176,30272406,30272419,13
channel-251,85177,30272411,30272419,8
channel-326,537605,30272416,30272419,3
channel-0,4037729,30272420,30272430,10
channel-0,4037730,30272421,30272430,9
channel-85077,59704,30272423,30272433,10
channel-251,85178,30272423,30272439,16
channel-251,85179,30272430,30272443,13
channel-0,4037731,30272439,30272447,8
channel-522,40427,30272444,30272455,11
channel-0,4037732,30272445,30272456,11
channel-85077,59705,30272453,30272463,10
channel-91017,2779,30272455,30272465,10
channel-85077,59706,30272455,30272465,10
channel-326,537606,30272461,30272469,8
channel-6897,5635,30272462,30272469,7
channel-0,4037733,30272464,30272472,8
channel-199,132624,30272470,30272480,10
channel-122,667826,30272488,30272493,5
channel-108,39838,30272488,30272508,20
channel-91017,2780,30272490,30272499,9
channel-326,537607,30272493,30272499,6
channel-108,39839,30272493,30272508,15
channel-0,4037734,30272494,30272504,10
channel-6994,1323747,30272495,30272504,9
channel-108,39840,30272509,30272553,44
channel-0,4037735,30272516,30272525,9
channel-6994,1323748,30272520,30272534,14
channel-412,64495,30272525,30272535,10
channel-0,4037736,30272527,30272540,13
channel-6994,1323749,30272538,30272549,11
channel-0,4037737,30272543,30272553,10
channel-6994,1323750,30272545,30272555,10
channel-326,537608,30272545,30272553,8
channel-0,4037738,30272547,30272555,8
channel-85077,59707,30272549,30272555,6
channel-0,4037739,30272552,30272564,12
channel-6994,1323751,30272555,30272564,9
channel-251,85180,30272564,30272574,10
channel-0,4037740,30272565,30272578,13
channel-143,128291,30272567,30272578,11
channel-750,682096,30272570,30272574,4
channel-6994,1323752,30272578,30272596,18
channel-326,537609,30272582,30272587,5
channel-750,682097,30272585,30272591,6
channel-0,4037741,30272591,30272603,12
channel-6994,1323753,30272592,30272604,12
channel-259,314227,30272596,30272603,7
channel-750,682098,30272604,30272620,16
channel-6994,1323754,30272606,30272625,19
channel-199,132625,30272610,30272631,21
channel-6994,1323755,30272619,30272627,8
channel-76971,12233,30272620,30272636,16
channel-5,184258,30272628,30272639,11
channel-6994,1323756,30272628,30272651,23
channel-199,132626,30272628,30272641,13
channel-750,682099,30272631,30272636,5
channel-199,132627,30272631,30272642,11
channel-340,3172,30272635,30272642,7
channel-6994,1323757,30272642,30272651,9
channel-750,682100,30272642,30272646,4
channel-85077,59708,30272642,30272648,6
channel-0,4037742,30272642,30272647,5
channel-750,682101,30272643,30272654,11
channel-85077,59709,30272646,30272655,9
channel-85077,59710,30272653,30272663,10
channel-750,682102,30272655,30272667,12
channel-326,537610,30272660,30272665,5
channel-6994,1323758,30272668,30272680,12
channel-326,537611,30272668,30272676,8
channel-750,682103,30272668,30272674,6
channel-6994,1323759,30272671,30272700,29
channel-750,682104,30272681,30272686,5
channel-199,132628,30272683,30272712,29
channel-750,682105,30272687,30272691,4
channel-122,667827,30272690,30272694,4
channel-6994,1323760,30272706,30272714,8
channel-199,132629,30272708,30272715,7
channel-199,132630,30272709,30272737,28
channel-326,537612,30272713,30272719,6
channel-5,184259,30272715,30272724,9
channel-38946,124098,30272719,30272731,12
channel-208,1489783,30272728,30272741,13
channel-38946,124099,30272729,30272766,37
channel-6994,1323761,30272730,30272745,15
channel-6994,1323762,30272732,30272745,13
channel-5,184260,30272737,30272747,10
channel-326,537613,30272739,30272750,11
channel-326,537614,30272741,30272751,10
channel-85077,59711,30272757,30272763,6
channel-5,184261,30272757,30272766,9
channel-6994,1323763,30272757,30272767,10
channel-6994,1323764,30272760,30272769,9
channel-6994,1323765,30272762,30272772,10
channel-1,408257,30272767,30272778,11
channel-750,682106,30272771,30272787,16
channel-750,682107,30272772,30272785,13
channel-1429,140691,30272772,30272781,9
channel-2188,43576,30272774,30272779,5
channel-6994,1323766,30272776,30272789,13
channel-259,314228,30272778,30272784,6
channel-750,682108,30272782,30272793,11
channel-326,537615,30272786,30272795,9
channel-0,4037743,30272787,30272814,27
channel-6994,1323767,30272787,30272798,11
channel-208,1489784,30272789,30272801,12
channel-750,682109,30272790,30272802,12
channel-750,682110,30272794,30272802,8
channel-326,537616,30272798,30272805,7
channel-85077,59712,30272808,30272821,13
channel-19774,345836,30272822,30272835,13
channel-0,4037744,30272826,30272854,28
channel-874,292784,30272827,30272843,16
channel-259,314229,30272830,30272836,6
channel-326,537617,30272831,30272837,6
channel-750,682111,30272837,30272850,13
channel-208,1489785,30272838,30272846,8
channel-122,667828,30272838,30272842,4
channel-326,537618,30272841,30272845,4
channel-0,4037745,30272851,30272884,33
channel-6994,1323768,30272853,30272879,26
channel-85077,59713,30272858,30272869,11
channel-0,4037746,30272863,30272873,10
channel-251,85181,30272878,30272890,12
channel-320,119174,30272878,30272920,42
channel-326,537619,30272881,30272887,6
channel-0,4037747,30272882,30272895,13
channel-208,1489786,30272887,30272898,11
channel-85077,59714,30272889,30272896,7
channel-6994,1323769,30272891,30272903,12
channel-750,682112,30272896,30272912,16
channel-750,682113,30272899,30272916,17
channel-94814,3748,30272900,30272909,9
channel-6994,1323770,30272903,30272913,10
channel-0,4037748,30272906,30272916,10
channel-85077,59715,30272911,30272929,18
channel-750,682114,30272919,30272934,15
channel-6994,1323771,30272920,30272933,13
channel-0,4037749,30272928,30272938,10
channel-326,537620,30272931,30272937,6
channel-208,1489787,30272934,30272947,13
channel-6994,1323772,30272936,30272947,11
channel-72,516409,30272939,30272968,29
channel-85077,59716,30272940,30272948,8
channel-750,682115,30272941,30272952,11
channel-199,132631,30272945,30272956,11
channel-6787,166652,30272953,30272958,5
channel-6994,1323773,30272965,30272980,15
channel-0,4037750,30272970,30272983,13
channel-6994,1323774,30272975,30272988,13
channel-326,537621,30272975,30272984,9
channel-750,682116,30272977,30272986,9
channel-326,537622,30272986,30272995,9
channel-85077,59717,30272987,30273008,21
channel-6994,1323775,30272994,30273004,10
channel-6994,1323776,30272995,30273009,14
channel-6994,1323777,30273003,30273012,9
channel-326,537623,30273009,30273015,6
channel-122,667829,30273032,30273036,4
channel-85077,59718,30273032,30273042,10
channel-85077,59719,30273036,30273045,9
channel-6994,1323778,30273037,30273050,13
channel-0,4037751,30273038,30273046,8
channel-750,682117,30273043,30273054,11
channel-326,537624,30273046,30273052,6
channel-6994,1323779,30273048,30273057,9
channel-2188,43577,30273061,30273065,4
channel-326,537625,30273063,30273068,5
channel-6787,166653,30273068,30273073,5
channel-85077,59720,30273071,30273078,7
channel-108,39841,30273075,30273114,39
channel-6994,1323780,30273080,30273095,15
channel-874,292785,30273089,30273093,4
channel-750,682118,30273090,30273094,4
channel-199,132632,30273103,30273111,8
channel-326,537626,30273108,30273114,6
channel-2188,43578,30273108,30273112,4
channel-326,537627,30273110,30273116,6
channel-2186,40768,30273122,30273134,12
channel-6994,1323781,30273125,30273139,14
channel-91017,2781,30273125,30273134,9
channel-199,132633,30273144,30273157,13
channel-85077,59721,30273147,30273158,11
channel-326,537628,30273155,30273161,6
channel-85077,59722,30273155,30273160,5
channel-85077,59723,30273158,30273169,11
channel-0,4037752,30273159,30273169,10
channel-251,85182,30273161,30273173,12
channel-2188,43579,30273178,30273182,4
channel-412,64496,30273184,30273194,10
channel-108,39842,30273190,30273207,17
channel-326,537629,30273191,30273198,7
channel-85077,59724,30273191,30273200,9
channel-6994,1323782,30273204,30273217,13
channel-122,667830,30273205,30273208,3
channel-199,132634,30273208,30273221,13
channel-6994,1323783,30273213,30273227,14
channel-412,64497,30273215,30273225,10
channel-750,682119,30273215,30273231,16
channel-6994,1323784,30273216,30273227,11
channel-0,4037753,30273217,30273224,7
channel-122,667831,30273221,30273230,9
channel-6994,1323785,30273221,30273232,11
channel-85077,59725,30273230,30273240,10
channel-6994,1323786,30273231,30273240,9
channel-6994,1323787,30273236,30273244,8
channel-122,667832,30273238,30273241,3
channel-326,537630,30273239,30273247,8
channel-6994,1323788,30273239,30273249,10
channel-85077,59726,30273243,30273249,6
channel-0,4037754,30273253,30273262,9
channel-326,537631,30273255,30273265,10
channel-199,132635,30273257,30273265,8
channel-75,844922,30273258,30273267,9
channel-6994,1323789,30273260,30273270,10
channel-75,844923,30273262,30273273,11
channel-85077,59727,30273268,30273276,8
channel-750,682120,30273268,30273274,6
channel-199,132636,30273270,30273280,10
channel-750,682121,30273271,30273275,4
channel-326,537632,30273284,30273289,5
channel-108,39843,30273284,30273297,13
channel-0,4037755,30273286,30273296,10
channel-782,310128,30273286,30273296,10
channel-85077,59728,30273289,30273299,10
channel-326,537633,30273294,30273300,6
channel-6994,1323790,30273299,30273310,11
channel-204,670771,30273302,30273310,8
channel-85077,59729,30273305,30273312,7
channel-0,4037756,30273311,30273321,10
channel-1279,67115,30273311,30273348,37
channel-6994,1323791,30273311,30273324,13
channel-0,4037757,30273311,30273321,10
channel-251,85183,30273314,30273322,8
channel-6994,1323792,30273316,30273328,12
channel-326,537634,30273320,30273325,5
channel-204,670772,30273321,30273329,8
channel-6994,1323793,30273321,30273332,11
channel-85077,59730,30273322,30273331,9
channel-251,85184,30273331,30273339,8
channel-204,670773,30273335,30273344,9
channel-326,537635,30273337,30273342,5
channel-6994,1323794,30273339,30273354,15
channel-6994,1323795,30273343,30273359,16
channel-6994,1323796,30273345,30273359,14
channel-113,301311,30273345,30273406,61
channel-88,467084,30273348,30273367,19
channel-2494,31898,30273350,30273361,11
channel-6994,1323797,30273352,30273362,10
channel-85077,59731,30273353,30273362,9
channel-76971,12234,30273367,30273384,17
channel-326,537636,30273368,30273373,5
channel-750,682122,30273369,30273383,14
channel-208,1489788,30273377,30273386,9
channel-85077,59732,30273377,30273385,8
channel-0,4037758,30273379,30273391,12
channel-122,667833,30273380,30273384,4
channel-85077,59733,30273383,30273393,10
channel-85077,59734,30273389,30273400,11
channel-6994,1323798,30273405,30273415,10
channel-750,682123,30273405,30273415,10
channel-6994,1323799,30273407,30273419,12
channel-251,85185,30273425,30273440,15
channel-113,301312,30273430,30273476,46
channel-6994,1323800,30273431,30273439,8
channel-6994,1323801,30273437,30273449,12
channel-85077,59735,30273443,30273455,12
channel-6994,1323802,30273444,30273469,25
channel-19774,345837,30273445,30273459,14
channel-750,682124,30273445,30273450,5
channel-85077,59736,30273446,30273461,15
channel-85077,59737,30273447,30273458,11
channel-6994,1323803,30273459,30273469,10
channel-1,408258,30273465,30273500,35
channel-6994,1323804,30273468,30273475,7
channel-11348,962,30273468,30275827,2359
channel-85077,59738,30273469,30273476,7
channel-6787,166654,30273469,30273473,4
channel-19774,345838,30273469,30273472,3
channel-326,537637,30273471,30273476,5
channel-6994,1323805,30273471,30273479,8
channel-85077,59739,30273485,30273495,10
channel-0,4037759,30273485,30273494,9
channel-208,1489789,30273491,30273501,10
channel-6994,1323806,30273495,30273508,13
channel-750,682125,30273501,30273529,28
channel-6994,1323807,30273504,30273516,12
channel-6787,166655,30273506,30273509,3
channel-0,4037760,30273506,30273516,10
channel-85077,59740,30273507,30273516,9
channel-874,292786,30273509,30273515,6
channel-6994,1323808,30273510,30273522,12
channel-750,682126,30273513,30273524,11
channel-6994,1323809,30273515,30273527,12
channel-208,1489790,30273517,30273529,12
channel-412,64498,30273520,30273529,9
channel-6994,1323810,30273524,30273536,12
channel-6994,1323811,30273528,30273539,11
channel-326,537638,30273532,30273540,8
channel-6994,1323812,30273537,30273549,12
channel-85077,59741,30273540,30273549,9
channel-2,130603,30273544,30273552,8
channel-251,85186,30273551,30273564,13
channel-0,4037761,30273551,30273561,10
channel-326,537639,30273552,30273561,9
channel-326,537640,30273562,30273568,6
channel-326,537641,30273572,30273579,7
channel-6994,1323813,30273573,30273584,11
channel-0,4037762,30273580,30273591,11
channel-0,4037763,30273584,30273594,10
channel-6994,1323814,30273585,30273595,10
channel-6994,1323815,30273588,30273600,12
channel-85077,59742,30273588,30273600,12
channel-0,4037764,30273589,30273614,25
channel-6994,1323816,30273595,30273606,11
channel-85077,59743,30273600,30273611,11
channel-85077,59744,30273604,30273613,9
channel-6994,1323817,30273608,30273620,12
channel-1,408259,30273613,30273634,21
channel-85077,59745,30273615,30273626,11
channel-85077,59746,30273617,30273626,9
channel-0,4037765,30273617,30273626,9
channel-85077,59747,30273619,30273650,31
channel-0,4037766,30273620,30273628,8
channel-229,55008,30273626,30273637,11
channel-6994,1323818,30273626,30273637,11
channel-6994,1323819,30273632,30273642,10
channel-6994,1323820,30273632,30273642,10
channel-85077,59748,30273633,30273657,24
channel-750,682127,30273636,30273656,20
channel-199,132637,30273639,30273650,11
channel-85077,59749,30273639,30273657,18
channel-85077,59750,30273640,30273652,12
channel-85077,59751,30273641,30273652,11
channel-6994,1323821,30273643,30273657,14
channel-782,310129,30273645,30273651,6
channel-326,537642,30273647,30273652,5
channel-85077,59752,30273649,30273661,12
channel-782,310130,30273650,30273656,6
channel-0,4037767,30273651,30273661,10
channel-6897,5636,30273657,30273665,8
channel-6994,1323822,30273657,30273669,12
channel-326,537643,30273657,30273661,4
channel-85077,59753,30273661,30273670,9
channel-688,33509,30273661,30273671,10
channel-85077,59754,30273662,30273672,10
channel-85077,59755,30273663,30273672,9
channel-85077,59756,30273670,30273676,6
channel-0,4037768,30273671,30273680,9
channel-6994,1323823,30273671,30273680,9
channel-85077,59757,30273671,30273690,19
channel-165,71433,30273674,30273878,204
channel-85077,59758,30273677,30273685,8
channel-199,132638,30273678,30273688,10
channel-204,670774,30273683,30273697,14
channel-259,314230,30273683,30273688,5
channel-85077,59759,30273684,30273693,9
channel-6994,1323824,30273685,30273695,10
channel-6994,1323825,30273686,30273700,14
channel-326,537644,30273687,30273695,8
channel-122,667834,30273695,30273699,4
channel-326,537645,30273701,30273712,11
channel-6994,1323826,30273703,30273714,11
channel-1,408260,30273721,30273738,17
channel-85077,59760,30273721,30273730,9
channel-326,537646,30273721,30273735,14
channel-6994,1323827,30273724,30273735,11
channel-199,132639,30273728,30273738,10
channel-208,1489791,30273729,30273741,12
channel-326,537647,30273738,30273743,5
channel-199,132640,30273741,30273756,15
channel-783,104210,30273743,30273752,9
channel-199,132641,30273750,30273761,11
channel-750,682128,30273765,30273770,5
channel-208,1489792,30273767,30273776,9
channel-0,4037769,30273771,30273784,13
channel-208,1489793,30273771,30273781,10
channel-6994,1323828,30273773,30273787,14
channel-6994,1323829,30273781,30273791,10
channel-75,844924,30273782,30273789,7
channel-165,71434,30273783,30273791,8
channel-6994,1323830,30273784,30273810,26
channel-42,1489954,30273784,30273791,7
channel-122,667835,30273786,30273790,4
channel-0,4037770,30273786,30273799,13
channel-122,667836,30273787,30273791,4
channel-0,4037771,30273790,30273799,9
channel-89321,19384,30273791,30273803,12
channel-326,537648,30273791,30273800,9
channel-6994,1323831,30273792,30273800,8
channel-6994,1323832,30273796,30273831,35
channel-750,682129,30273796,30273801,5
channel-6787,166656,30273799,30273804,5
channel-326,537649,30273803,30273809,6
channel-6994,1323833,30273810,30273820,10
channel-85077,59761,30273812,30273821,9
channel-6994,1323834,30273813,30273826,13
channel-6994,1323835,30273820,30273831,11
channel-75,844925,30273820,30273829,9
channel-208,1489794,30273821,30273832,11
channel-326,537650,30273828,30273834,6
channel-6994,1323836,30273830,30273842,12
channel-326,537651,30273840,30273849,9
channel-1,408261,30273841,30273849,8
channel-19774,345839,30273846,30273852,6
channel-6994,1323837,30273846,30273855,9
channel-6994,1323838,30273851,30273864,13
channel-199,132642,30273854,30273862,8
channel-2,130604,30273856,30273864,8
channel-6994,1323839,30273860,30273868,8
channel-326,537652,30273860,30273866,6
channel-122,667837,30273862,30273865,3
channel-326,537653,30273863,30273868,5
channel-75,844926,30273869,30273876,7
channel-6994,1323840,30273870,30273882,12
channel-750,682130,30273873,30273878,5
channel-326,537654,30273877,30273882,5
channel-6994,1323841,30273881,30273894,13
channel-326,537655,30273887,30273900,13
channel-6787,166657,30273889,30273893,4
channel-75,844927,30273891,30273899,8
channel-199,132643,30273894,30273904,10
channel-19774,345840,30273908,30273919,11
channel-6994,1323842,30273913,30273925,12
channel-122,667838,30273916,30273920,4
channel-6994,1323843,30273917,30273930,13
channel-85077,59762,30273917,30273926,9
channel-208,1489795,30273919,30273930,11
channel-750,682131,30273920,30273929,9
channel-326,537656,30273921,30273929,8
channel-199,132644,30273922,30273932,10
channel-143,128292,30273922,30273934,12
channel-98451,3,30273924,30273934,10
channel-208,1489796,30273925,30273935,10
channel-259,314231,30273928,30273934,6
channel-750,682132,30273931,30273940,9
channel-6994,1323844,30273931,30273943,12
channel-0,4037772,30273933,30273942,9
channel-326,537657,30273933,30273938,5
channel-85077,59763,30273941,30273949,8
channel-6994,1323845,30273956,30273967,11
channel-326,537658,30273967,30273971,4
channel-750,682133,30273971,30273977,6
channel-6994,1323846,30273972,30273983,11
channel-199,132645,30273974,30273985,11
channel-750,682134,30273976,30273989,13
channel-85077,59764,30273978,30274010,32
channel-122,667839,30273979,30273983,4
channel-750,682135,30273984,30274000,16
channel-6787,166658,30273987,30273991,4
channel-750,682136,30273989,30273994,5
channel-0,4037773,30273989,30273998,9
channel-6994,1323847,30273989,30273998,9
channel-750,682137,30273994,30274006,12
channel-750,682138,30274002,30274018,16
channel-750,682139,30274003,30274008,5
channel-0,4037774,30274009,30274017,8
channel-6994,1323848,30274010,30274019,9
channel-412,64499,30274021,30274028,7
channel-326,537659,30274024,30274033,9
channel-0,4037775,30274024,30274037,13
channel-115,20357,30274024,30274033,9
channel-750,682140,30274024,30274030,6
channel-6994,1323849,30274027,30291033,17006
channel-85077,59765,30274031,30274048,17
channel-750,682141,30274032,30274047,15
channel-326,537660,30274034,30274039,5
channel-184,137398,30274041,30274051,10
channel-115,20358,30274049,30274060,11
channel-326,537661,30274059,30274065,6
channel-47,198636,30274063,30274074,11
channel-326,537662,30274088,30274093,5
channel-85077,59766,30274089,30274112,23
channel-143,128293,30274090,30274102,12
channel-0,4037776,30274097,30274106,9
channel-326,537663,30274099,30274104,5
channel-750,682142,30274099,30274104,5
channel-0,4037777,30274107,30274115,8
channel-6994,1323850,30274110,30274118,8
channel-6994,1323851,30274118,30274133,15
channel-85077,59767,30274127,30274136,9
channel-874,292787,30274128,30274138,10
channel-259,314232,30274135,30274143,8
channel-6994,1323852,30274137,30274147,10
channel-6994,1323853,30274137,30274147,10
channel-750,682143,30274145,30274149,4
channel-326,537664,30274145,30274151,6
channel-0,4037778,30274146,30274156,10
channel-0,4037779,30274149,30274161,12
channel-2188,43580,30274161,30274165,4
channel-6994,1323854,30274167,30274182,15
channel-6994,1323855,30274174,30274186,12
channel-6994,1323856,30274174,30274185,11
channel-326,537665,30274184,30274189,5
channel-6994,1323857,30274194,30274201,7
channel-0,4037780,30274194,30274200,6
channel-208,1489797,30274200,30274210,10
channel-6994,1323858,30274200,30274211,11
channel-0,4037781,30274207,30274220,13
channel-0,4037782,30274209,30274220,11
channel-0,4037783,30274225,30274235,10
channel-85077,59768,30274226,30274234,8
channel-0,4037784,30274230,30274240,10
channel-6994,1323859,30274234,30274249,15
channel-326,537666,30274236,30274242,6
channel-208,1489798,30274249,30274260,11
channel-782,310131,30274250,30274255,5
channel-326,537667,30274250,30274258,8
channel-6994,1323860,30274254,30274270,16
channel-0,4037785,30274255,30274267,12
channel-122,667840,30274255,30274260,5
channel-199,132646,30274259,30274269,10
channel-91017,2782,30274264,30274273,9
channel-0,4037786,30274266,30274277,11
channel-6994,1323861,30274270,30274280,10
channel-6994,1323862,30274271,30274280,9
channel-208,1489799,30274275,30274283,8
channel-6994,1323863,30274277,30274286,9
channel-326,537668,30274278,30274281,3
channel-6994,1323864,30274287,30274294,7
channel-326,537669,30274295,30274304,9
channel-91017,2783,30274295,30274306,11
channel-6994,1323865,30274303,30274316,13
channel-6994,1323866,30274310,30274320,10
channel-6994,1323867,30274315,30274326,11
channel-750,682144,30274316,30274328,12
channel-326,537670,30274326,30274333,7
channel-6994,1323868,30274332,30274347,15
channel-122,667841,30274338,30274342,4
channel-326,537671,30274344,30274353,9
channel-199,132647,30274347,30274356,9
channel-1,408262,30274355,30274389,34
channel-89298,18624,30274358,30274370,12
channel-6994,1323869,30274358,30274371,13
channel-6994,1323870,30274359,30274371,12
channel-326,537672,30274361,30274367,6
channel-122,667842,30274361,30274365,4
channel-326,537673,30274368,30274372,4
channel-98451,4,30274369,30274385,16
channel-199,132648,30274379,30274407,28
channel-6994,1323871,30274388,30274398,10
channel-6994,1323872,30274395,30274407,12
channel-340,3173,30274396,30274409,13
channel-6994,1323873,30274398,30274407,9
channel-199,132649,30274399,30274412,13
channel-1575,15186,30274399,30274408,9
channel-208,1489800,30274409,30274421,12
channel-199,132650,30274410,30274439,29
channel-326,537674,30274417,30274422,5
channel-1,408263,30274425,30274436,11
channel-208,1489801,30274427,30274440,13
channel-750,682145,30274431,30274436,5
channel-362,86677,30274436,30274446,10
channel-5,184262,30274441,30274451,10
channel-0,4037787,30274442,30274453,11
channel-6994,1323874,30274450,30274462,12
channel-326,537675,30274454,30274465,11
channel-0,4037788,30274456,30274465,9
channel-122,667843,30274458,30274462,4
channel-6994,1323875,30274462,30274473,11
channel-89298,18625,30274465,30274476,11
channel-326,537676,30274469,30274476,7
channel-6994,1323876,30274482,30274491,9
channel-184,137399,30274482,30274491,9
channel-72,516410,30274483,30274526,43
channel-122,667844,30274483,30274487,4
channel-72,516411,30274499,30274545,46
channel-326,537677,30274504,30274514,10
channel-85077,59769,30274506,30274516,10
channel-85077,59770,30274506,30274518,12
channel-199,132651,30274509,30274535,26
channel-750,682146,30274514,30274528,14
channel-208,1489802,30274528,30274539,11
channel-1,408264,30274532,30274571,39
channel-0,4037789,30274533,30274540,7
channel-199,132652,30274534,30274558,24
channel-89298,18626,30274540,30274551,11
channel-75755,5536,30274540,30274550,10
channel-326,537678,30274541,30274548,7
channel-1,408265,30274545,30274571,26
channel-0,4037790,30274548,30274558,10
channel-0,4037791,30274553,30274562,9
channel-0,4037792,30274556,30274567,11
channel-6787,166659,30274559,30274562,3
channel-0,4037793,30274567,30274579,12
channel-85077,59771,30274567,30274575,8
channel-199,132653,30274567,30274577,10
channel-0,4037794,30274568,30274579,11
channel-85077,59772,30274568,30274579,11
channel-85077,59773,30274571,30274583,12
channel-72,516412,30274574,30274609,35
channel-85077,59774,30274578,30274588,10
channel-85077,59775,30274585,30274595,10
channel-750,682147,30274586,30274598,12
channel-6994,1323877,30274590,30274601,11
channel-326,537679,30274591,30274597,6
channel-750,682148,30274593,30274607,14
channel-750,682149,30274595,30274600,5
channel-6994,1323878,30274596,30274606,10
channel-1429,140692,30274601,30274610,9
channel-326,537680,30274604,30274611,7
channel-750,682150,30274605,30274609,4
channel-0,4037795,30274606,30274615,9
channel-6994,1323879,30274609,30274622,13
channel-326,537681,30274611,30274620,9
channel-6994,1323880,30274615,30274626,11
channel-85077,59776,30274615,30274625,10
channel-6994,1323881,30274616,30274626,10
channel-72,516413,30274618,30274655,37
channel-1575,15187,30274620,30274631,11
channel-6994,1323882,30274622,30274634,12
channel-326,537682,30274629,30274634,5
channel-0,4037796,30274631,30274644,13
channel-0,4037797,30274631,30274644,13
channel-165,71435,30274634,30274897,263
channel-76971,12235,30274642,30274660,18
channel-259,314233,30274642,30274648,6
channel-89298,18627,30274644,30274653,9
channel-2494,31899,30274649,30274662,13
channel-6994,1323883,30274649,30274663,14
channel-0,4037798,30274651,30274661,10
channel-0,4037799,30274659,30274672,13
channel-75,844928,30274665,30274671,6
channel-326,537683,30274685,30274694,9
channel-326,537684,30274685,30274694,9
channel-326,537685,30274685,30274694,9
channel-326,537686,30274685,30274694,9
channel-326,537687,30274685,30274694,9
channel-326,537688,30274691,30274696,5
channel-2,130605,30274699,30274707,8
channel-89298,18628,30274704,30274711,7
channel-82,18949,30274706,30274718,12
channel-85077,59777,30274711,30274719,8
channel-6994,1323884,30274713,30274721,8
channel-782,310132,30274717,30274722,5
channel-204,670775,30274722,30304981,30259
channel-0,4037800,30274724,30274733,9
channel-326,537689,30274726,30274730,4
channel-412,64500,30274728,30274739,11
channel-88,467085,30274731,30274748,17
channel-6994,1323885,30274735,30274747,12
channel-2188,43581,30274750,30274755,5
channel-750,682151,30274756,30274761,5
channel-0,4037801,30274757,30274771,14
channel-199,132654,30274767,30274788,21
channel-143,128294,30274771,30274786,15
channel-750,682152,30274771,30274786,15
channel-2,130606,30274771,30274782,11
channel-326,537690,30274772,30274778,6
channel-89321,19385,30274772,30274779,7
channel-750,682153,30274773,30274786,13
channel-208,1489803,30274774,30274784,10
channel-6994,1323886,30274774,30274787,13
channel-6994,1323887,30274776,30274787,11
channel-6994,1323888,30274784,30274796,12
channel-199,132655,30274788,30274807,19
channel-0,4037802,30274788,30274798,10
channel-2188,43582,30274803,30274807,4
channel-326,537691,30274807,30274813,6
channel-6994,1323889,30274809,30274821,12
channel-326,537692,30274810,30274821,11
channel-6994,1323890,30274833,30274847,14
channel-122,667845,30274841,30274844,3
channel-6994,1323891,30274853,30274868,15
channel-6994,1323892,30274853,30274868,15
channel-326,537693,30274859,30274872,13
channel-42,1489955,30274860,30274867,7
channel-42,1489956,30274863,30274872,9
channel-6994,1323893,30274864,30274878,14
channel-0,4037803,30274870,30274881,11
channel-42,1489957,30274886,30274898,12
channel-85077,59778,30274888,30274899,11
channel-6994,1323894,30274890,30274905,15
channel-1,408266,30274891,30274906,15
channel-750,682154,30274905,30274910,5
channel-42,1489958,30274908,30274916,8
channel-6994,1323895,30274910,30274923,13
channel-750,682155,30274923,30274931,8
channel-199,132656,30274924,30274934,10
channel-85077,59779,30274929,30274940,11
channel-6994,1323896,30274941,30274957,16
channel-326,537694,30274941,30275004,63
channel-326,537695,30274941,30275004,63
channel-326,537696,30274941,30275004,63
channel-326,537697,30274941,30275004,63
channel-326,537698,30274941,30275004,63
channel-326,537699,30274941,30275004,63
channel-750,682156,30274941,30274946,5
channel-750,682157,30274983,30274988,5
channel-199,132657,30274988,30275064,76
channel-6994,1323897,30274999,30275012,13
channel-199,132658,30274999,30275011,12
channel-1575,15188,30275005,30275018,13
channel-0,4037804,30275006,30275032,26
channel-199,132659,30275012,30275039,27
channel-6994,1323898,30275031,30275042,11
channel-199,132660,30275035,30275064,29
channel-6994,1323899,30275037,30275047,10
channel-750,682158,30275040,30275053,13
channel-85077,59780,30275045,30275071,26
channel-0,4037805,30275045,30275055,10
channel-75,844929,30275048,30275058,10
channel-0,4037806,30275050,30275061,11
channel-6994,1323900,30275054,30275066,12
channel-199,132661,30275058,30275086,28
channel-6994,1323901,30275061,30275074,13
channel-85077,59781,30275061,30275075,14
channel-199,132662,30275063,30275073,10
channel-199,132663,30275081,30275108,27
channel-0,4037807,30275081,30275114,33
channel-750,682159,30275082,30275094,12
channel-6994,1323902,30275088,30275100,12
channel-75,844930,30275090,30275096,6
channel-85077,59782,30275103,30275112,9
channel-199,132664,30275105,30275127,22
channel-750,682160,30275106,30275121,15
channel-85077,59783,30275112,30275120,8
channel-750,682161,30275114,30275138,24
channel-85077,59784,30275114,30275122,8
channel-6994,1323903,30275121,30275130,9
channel-208,1489804,30275122,30275130,8
channel-75,844931,30275124,30275130,6
channel-204,670776,30275126,30275139,13
channel-6994,1323904,30275126,30275141,15
channel-75016,4613,30275130,30275151,21
channel-85077,59785,30275133,30275149,16
channel-750,682162,30275137,30275149,12
channel-2188,43583,30275141,30275145,4
channel-113,301313,30275141,30275189,48
channel-85077,59786,30275143,30275152,9
channel-0,4037808,30275146,30275152,6
channel-0,4037809,30275151,30275161,10
channel-94814,3749,30275152,30275159,7
channel-6994,1323905,30275157,30275168,11
channel-0,4037810,30275159,30275182,23
channel-199,132665,30275161,30275174,13
channel-6994,1323906,30275164,30275172,8
channel-0,4037811,30275167,30275177,10
channel-199,132666,30275175,30275188,13
channel-750,682163,30275176,30275189,13
channel-85077,59787,30275180,30275190,10
channel-208,1489805,30275195,30275207,12
channel-85077,59788,30275195,30275205,10
channel-199,132667,30275198,30275212,14
channel-783,104211,30275203,30275208,5
channel-0,4037812,30275204,30275214,10
channel-208,1489806,30275210,30275220,10
channel-750,682164,30275213,30275220,7
channel-6994,1323907,30275217,30275238,21
channel-199,132668,30275220,30275236,16
channel-874,292788,30275222,30275230,8
channel-1429,140693,30275223,30275230,7
channel-750,682165,30275224,30275235,11
channel-122,667846,30275226,30275230,4
channel-208,1489807,30275228,30275238,10
channel-122,667847,30275230,30275234,4
channel-85077,59789,30275235,30275243,8
channel-0,4037813,30275235,30275243,8
channel-85077,59790,30275237,30275248,11
channel-0,4037814,30275244,30275255,11
channel-89298,18629,30275248,30275258,10
channel-42,1489959,30275252,30275258,6
channel-72,516414,30275252,30275280,28
channel-85077,59791,30275253,30275262,9
channel-199,132669,30275257,30275269,12
channel-199,132670,30275258,30275415,157
channel-6994,1323908,30275263,30275274,11
channel-75,844932,30275268,30275275,7
channel-874,292789,30275269,30275276,7
channel-6787,166660,30275270,30275275,5
channel-750,682166,30275272,30275284,12
channel-222,3832,30275274,30275284,10
channel-6994,1323909,30275280,30275294,14
channel-0,4037815,30275280,30275292,12
channel-199,132671,30275282,30275303,21
channel-98451,6,30275283,30275295,12
channel-6994,1323910,30275288,30275298,10
channel-6787,166661,30275295,30275299,4
channel-0,4037816,30275296,30275306,10
channel-208,1489808,30275308,30275321,13
channel-208,1489809,30275312,30275323,11
channel-85077,59792,30275317,30275324,7
channel-750,682167,30275318,30275327,9
channel-199,132672,30275323,30275330,7
channel-0,4037817,30275325,30275337,12
channel-6994,1323911,30275329,30275342,13
channel-0,4037818,30275331,30275359,28
channel-750,682168,30275332,30275351,19
channel-782,310133,30275338,30275344,6
channel-6994,1323912,30275348,30275357,9
channel-19774,345841,30275359,30275369,10
channel-85077,59793,30275360,30275367,7
channel-85077,59794,30275362,30275371,9
channel-750,682169,30275363,30275375,12
channel-1424,7336,30275368,30275379,11
channel-199,132673,30275371,30275384,13
channel-6994,1323913,30275375,30275387,12
channel-87,182890,30275377,30275391,14
channel-208,1489810,30275379,30275391,12
channel-6994,1323914,30275380,30275392,12
channel-6994,1323915,30275381,30275394,13
channel-85077,59795,30275391,30275409,18
channel-85077,59796,30275393,30275404,11
channel-143,128295,30275399,30275409,10
channel-750,682170,30275399,30275408,9
channel-85077,59797,30275403,30275411,8
channel-750,682171,30275411,30275424,13
channel-750,682172,30275411,30275415,4
channel-184,137400,30275423,30275439,16
channel-6994,1323916,30275424,30275436,12
channel-6994,1323917,30275433,30275446,13
channel-85077,59798,30275441,30275454,13
channel-98451,7,30275447,30275460,13
channel-199,132674,30275450,30275459,9
channel-42,1489960,30275452,30275459,7
channel-6994,1323918,30275453,30275465,12
channel-750,682173,30275469,30275482,13
channel-85077,59799,30275470,30275478,8
channel-98451,8,30275470,30275483,13
channel-42,1489961,30275476,30275483,7
channel-89321,19386,30275476,30275486,10
channel-75755,5537,30275480,30275488,8
channel-6994,1323919,30275480,30275490,10
channel-750,682174,30275481,30275486,5
channel-0,4037819,30275496,30275505,9
channel-208,1489811,30275498,30275511,13
channel-0,4037820,30275508,30275519,11
channel-42,1489962,30275511,30275520,9
channel-6994,1323920,30275513,30275527,14
channel-750,682175,30275517,30275532,15
channel-750,682176,30275529,30275539,10
channel-1,408267,30275531,30275544,13
channel-85077,59800,30275534,30275541,7
channel-85077,59801,30275536,30275542,6
channel-6994,1323921,30275537,30275542,5
channel-88,467086,30275538,30275547,9
channel-122,667848,30275541,30275544,3
channel-2,130607,30275541,30275553,12
channel-85077,59802,30275542,30275554,12
channel-85077,59803,30275548,30275558,10
channel-5485,1710,30275550,30275559,9
channel-42,1489963,30275552,30275612,60
channel-6994,1323922,30275558,30275570,12
channel-199,132675,30275559,30275569,10
channel-91017,2784,30275567,30275575,8
channel-6994,1323923,30275570,30275582,12
channel-6994,1323924,30275571,30275586,15
channel-143,128296,30275576,30275585,9
channel-750,682177,30275586,30275599,13
channel-85077,59804,30275598,30275606,8
channel-750,682178,30275603,30275607,4
channel-6994,1323925,30275611,30275620,9
channel-98451,9,30275613,30275626,13
channel-144,86679,30275614,30275624,10
channel-184,137401,30275620,30275632,12
channel-6994,1323926,30275624,30275636,12
channel-204,670777,30275627,30275636,9
channel-89321,19387,30275628,30275688,60
channel-76971,12236,30275632,30275650,18
channel-6994,1323927,30275632,30275647,15
channel-38946,124100,30275636,30275651,15
channel-85077,59805,30275643,30275652,9
channel-259,314234,30275644,30275651,7
channel-115,20359,30275647,30275657,10
channel-750,682179,30275656,30275661,5
channel-4,166870,30275656,30275687,31
channel-216,94169,30275656,30275745,89
channel-204,670778,30275657,30304981,29324
channel-208,1489812,30275663,30275673,10
channel-85077,59806,30275663,30275671,8
channel-750,682180,30275669,30275679,10
channel-165,71436,30275671,30275827,156
channel-72,516415,30275676,30275715,39
channel-85077,59807,30275680,30275688,8
channel-19774,345842,30275683,30275694,11
channel-750,682181,30275683,30275695,12
channel-19774,345843,30275688,30275696,8
channel-0,4037821,30275688,30275707,19
channel-362,86678,30275689,30275695,6
channel-750,682182,30275695,30275706,11
channel-1429,140694,30275700,30275710,10
channel-204,670779,30275705,30275715,10
channel-188,190543,30275707,30275723,16
channel-88,467087,30275707,30275814,107
channel-85077,59808,30275708,30275719,11
channel-75,844933,30275708,30275716,8
channel-1,408268,30275709,30275724,15
channel-320,119175,30275722,30275755,33
channel-6994,1323928,30275722,30275736,14
channel-412,64501,30275727,30275737,10
channel-0,4037822,30275731,30275742,11
channel-1,408269,30275732,30275842,110
channel-750,682183,30275742,30275756,14
channel-412,64502,30275750,30275757,7
channel-6994,1323929,30275760,30275770,10
channel-6994,1323930,30275762,30275774,12
channel-199,132676,30275765,30275775,10
channel-6994,1323931,30275766,30275782,16
channel-2186,40769,30275773,30275787,14
channel-1,408270,30275776,30275843,67
channel-0,4037823,30275785,30275791,6
channel-6994,1323932,30275786,30275796,10
channel-19774,345844,30275786,30275796,10
channel-0,4037824,30275796,30275805,9
channel-199,132677,30275796,30275805,9
channel-208,1489813,30275800,30275810,10
channel-1,408271,30275802,30275843,41
channel-6994,1323933,30275807,30275819,12
channel-0,4037825,30275824,30275833,9
channel-85077,59809,30275833,30275861,28
channel-85077,59810,30275837,30275847,10
channel-122,667849,30275840,30275843,3
channel-204,670780,30275847,30275859,12
channel-85077,59811,30275850,30275880,30
channel-6994,1323934,30275859,30275871,12
channel-326,537700,30275866,30275874,8
channel-85077,59812,30275868,30275876,8
channel-326,537701,30275870,30275875,5
channel-6994,1323935,30275877,30275902,25
channel-85077,59813,30275877,30275888,11
channel-522,40428,30275881,30275890,9
channel-326,537702,30275885,30275893,8
channel-91017,2785,30275888,30275897,9
channel-122,667850,30275890,30275893,3
channel-0,4037826,30275894,30275905,11
channel-522,40429,30275897,30275907,10
channel-750,682184,30275897,30275901,4
channel-85077,59814,30275898,30275908,10
channel-85077,59815,30275902,30275911,9
channel-122,667851,30275904,30275908,4
channel-85077,59816,30275906,30275914,8
channel-750,682185,30275912,30275926,14
channel-0,4037827,30275918,30275945,27
channel-85077,59817,30275918,30275927,9
channel-208,1489814,30275923,30275931,8
channel-85077,59818,30275924,30275933,9
channel-0,4037828,30275926,30275949,23
channel-85077,59819,30275927,30275936,9
channel-98451,11,30275928,30275941,13
channel-750,682186,30275935,30275949,14
channel-6994,1323936,30275938,30275948,10
channel-85077,59820,30275942,30275961,19
channel-85077,59821,30275946,30275955,9
channel-85077,59822,30275948,30275958,10
channel-85077,59823,30275950,30275961,11
channel-89298,18630,30275957,30275967,10
channel-89321,19388,30275958,30275984,26
channel-750,682187,30275958,30275961,3
channel-85077,59824,30275965,30275973,8
channel-113,301314,30275967,30276013,46
channel-85077,59825,30275977,30275986,9
channel-0,4037829,30275998,30276006,8
channel-782,310134,30275998,30276015,17
channel-199,132678,30276002,30276014,12
channel-85077,59826,30276015,30276025,10
channel-6994,1323937,30276024,30276037,13
channel-6994,1323938,30276025,30276041,16
channel-73,51330,30276036,30276044,8
channel-0,4037830,30276037,30276062,25
channel-6994,1323939,30276038,30276050,12
channel-85077,59827,30276043,30276052,9
channel-0,4037831,30276046,30276057,11
channel-326,537703,30276062,30276070,8
channel-6994,1323940,30276063,30276458,395
channel-88,467088,30276064,30276075,11
channel-85077,59828,30276064,30276074,10
channel-750,682188,30276066,30276077,11
channel-208,1489815,30276066,30276075,9
channel-750,682189,30276073,30276078,5
channel-184,137402,30276084,30276092,8
channel-208,1489816,30276088,30276096,8
channel-85077,59829,30276091,30276100,9
channel-750,682190,30276091,30276106,15
channel-0,4037832,30276099,30276126,27
channel-85077,59830,30276102,30276112,10
channel-0,4037833,30276116,30276126,10
channel-0,4037834,30276134,30276142,8
channel-750,682191,30276135,30276149,14
channel-1,408272,30276136,30276151,15
channel-6994,1323941,30276138,30276150,12
channel-6994,1323942,30276147,30276161,14
channel-0,4037835,30276171,30276190,19
channel-782,310135,30276173,30276179,6
channel-0,4037836,30276186,30276198,12
channel-0,4037837,30276191,30276214,23
channel-750,682192,30276191,30276208,17
channel-326,537704,30276193,30276209,16
channel-0,4037838,30276205,30276214,9
channel-0,4037839,30276216,30276240,24
channel-1279,67116,30276223,30276233,10
channel-6994,1323943,30276223,30276246,23
channel-750,682193,30276226,30276236,10
channel-22172,2616,30276229,30276239,10
channel-0,4037840,30276239,30276249,10
channel-42,1489964,30276239,30276297,58
channel-0,4037841,30276241,30276253,12
channel-1,408273,30276241,30276256,15
channel-73,51331,30276248,30276257,9
channel-0,4037842,30276252,30276278,26
channel-85077,59831,30276254,30276268,14
channel-85077,59832,30276258,30276268,10
channel-6994,1323944,30276267,30276279,12
channel-2188,43584,30276271,30276275,4
channel-85077,59833,30276274,30276297,23
channel-20082,9877,30276280,30276291,11
channel-750,682194,30276283,30276292,9
channel-0,4037843,30276283,30276297,14
channel-85077,59834,30276283,30276294,11
channel-1,408274,30276283,30276320,37
channel-750,682195,30276283,30276293,10
channel-85077,59835,30276285,30276297,12
channel-6994,1323945,30276292,30276301,9
channel-0,4037844,30276298,30276307,9
channel-0,4037845,30276302,30276329,27
channel-115,20360,30276308,30276324,16
channel-85077,59836,30276311,30276335,24
channel-122,667852,30276316,30276319,3
channel-0,4037846,30276316,30276325,9
channel-750,682196,30276322,30276334,12
channel-85077,59837,30276329,30276337,8
channel-6994,1323946,30276336,30276361,25
channel-89321,19389,30276346,30276362,16
channel-89298,18631,30276346,30276355,9
channel-208,1489817,30276357,30276368,11
channel-122,667853,30276358,30276361,3
channel-642,126495,30276358,30276378,20
channel-6994,1323947,30276362,30276375,13
channel-750,682197,30276366,30276378,12
channel-6994,1323948,30276366,30276378,12
channel-89298,18632,30276375,30276383,8
channel-199,132679,30276384,30276393,9
channel-6994,1323949,30276384,30276396,12
channel-6994,1323950,30276394,30276406,12
channel-108,39844,30276403,30276413,10
channel-0,4037847,30276406,30276415,9
channel-326,537705,30276431,30276443,12
channel-199,132680,30276432,30276440,8
channel-750,682198,30276432,30276445,13
channel-412,64503,30276432,30276445,13
channel-0,4037848,30276438,30276446,8
channel-1,408275,30276445,30276461,16
channel-412,64504,30276453,30276465,12
channel-6994,1323951,30276453,30276468,15
channel-42,1489965,30276460,30276479,19
channel-326,537706,30276485,30276505,20
channel-6994,1323952,30276500,30276511,11
channel-2494,31900,30276502,30276515,13
channel-750,682199,30276509,30276523,14
channel-88,467089,30276515,30276526,11
channel-0,4037849,30276532,30276540,8
channel-208,1489818,30276535,30276546,11
channel-6994,1323953,30276536,30276548,12
channel-0,4037850,30276539,30276548,9
channel-6994,1323954,30276542,30276552,10
channel-19774,345845,30276546,30276556,10
channel-0,4037851,30276548,30276555,7
channel-6994,1323955,30276550,30276561,11
channel-412,64505,30276551,30276563,12
channel-6787,166662,30276552,30276556,4
channel-6994,1323956,30276553,30276567,14
channel-6994,1323957,30276557,30276571,14
channel-2494,31901,30276573,30276582,9
channel-98451,13,30276574,30276582,8
channel-0,4037852,30276579,30276585,6
channel-6994,1323958,30276580,30276588,8
channel-1429,140695,30276588,30276598,10
channel-6994,1323959,30276598,30276607,9
channel-89298,18633,30276601,30276611,10
channel-6994,1323960,30276602,30276612,10
channel-199,132681,30276605,30276614,9
channel-208,1489819,30276611,30276623,12
channel-0,4037853,30276627,30276637,10
channel-73755,5830,30276652,30276659,7
channel-208,1489820,30276658,30276669,11
channel-89298,18634,30276673,30276685,12
channel-122,667854,30276679,30276682,3
channel-326,537707,30276687,30276691,4
channel-750,682200,30276687,30276700,13
channel-750,682201,30276687,30276691,4
channel-89321,19390,30276690,30276713,23
channel-0,4037854,30276693,30276709,16
channel-0,4037855,30276695,30276709,14
channel-21113,25304,30276696,30276703,7
channel-251,85187,30276696,30276707,11
channel-750,682202,30276696,30276709,13
channel-750,682203,30276699,30276708,9
channel-208,1489821,30276701,30276707,6
channel-750,682204,30276713,30276725,12
channel-208,1489822,30276721,30276731,10
channel-229,55009,30276721,30276731,10
channel-208,1489823,30276722,30276735,13
channel-642,126496,30276729,30276742,13
channel-874,292791,30276733,30276744,11
channel-320,119176,30276734,30276750,16
channel-6994,1323961,30276753,30276764,11
channel-6994,1323962,30276755,30276768,13
channel-6994,1323963,30276772,30276782,10
channel-89298,18635,30276773,30276782,9
channel-73,51332,30276774,30276788,14
channel-6994,1323964,30276785,30276794,9
channel-208,1489824,30276788,30276798,10
channel-320,119177,30276788,30276797,9
channel-0,4037856,30276794,30276802,8
channel-88,467090,30276803,30276817,14
channel-0,4037857,30276803,30276811,8
channel-79703,4421,30276803,30276815,12
channel-0,4037858,30276804,30276836,32
channel-2188,43585,30276806,30276810,4
channel-6994,1323965,30276810,30276820,10
channel-0,4037859,30276810,30276838,28
channel-6994,1323966,30276814,30276826,12
channel-0,4037860,30276817,30276826,9
channel-85077,59838,30276819,30276858,39
channel-208,1489825,30276819,30276830,11
channel-0,4037861,30276829,30276852,23
channel-4,166871,30276833,30276850,17
channel-1429,140696,30276836,30276846,10
channel-0,4037862,30276845,30276857,12
channel-85077,59839,30276847,30276858,11
channel-122,667855,30276847,30276850,3
channel-75,844934,30276855,30276860,5
channel-0,4037863,30276856,30276881,25
channel-6897,5637,30276858,30276865,7
channel-4,166872,30276876,30276886,10
channel-216,94170,30276878,30276993,115
channel-216,94171,30276883,30276993,110
channel-85077,59840,30276887,30276899,12
channel-750,682205,30276892,30276907,15
channel-0,4037864,30276896,30276908,12
channel-122,667856,30276897,30276901,4
channel-115,20361,30276900,30276912,12
channel-208,1489826,30276900,30276911,11
channel-0,4037865,30276901,30276926,25
channel-0,4037866,30276901,30276926,25
channel-216,94172,30276903,30276993,90
channel-85077,59841,30276903,30276912,9
channel-874,292792,30276905,30276910,5
channel-184,137403,30276923,30276939,16
channel-0,4037867,30276928,30276955,27
channel-216,94173,30276934,30277052,118
channel-6994,1323967,30276937,30276950,13
channel-2,130608,30276939,30276949,10
channel-783,104212,30276944,30276952,8
channel-0,4037868,30276954,30276963,9
channel-0,4037869,30276955,30276981,26
channel-42,1489966,30276956,30276971,15
channel-216,94174,30276958,30277052,94
channel-0,4037870,30276967,30276976,9
channel-6994,1323968,30276973,30276985,12
channel-122,667857,30276973,30276977,4
channel-6994,1323969,30276984,30276995,11
channel-326,537708,30276984,30276990,6
channel-326,537709,30276984,30276990,6
channel-326,537710,30276984,30276990,6
channel-326,537711,30276984,30276990,6
channel-326,537712,30276984,30276990,6
channel-326,537713,30276984,30276990,6
channel-0,4037871,30276991,30277020,29
channel-6994,1323970,30276998,30277010,12
channel-208,1489827,30277004,30277010,6
channel-6994,1323971,30277008,30277017,9
channel-6994,1323972,30277010,30277022,12
channel-6994,1323973,30277027,30277038,11
channel-6994,1323974,30277033,30277043,10
channel-6994,1323975,30277035,30277047,12
channel-6994,1323976,30277037,30277047,10
channel-199,132682,30277044,30277053,9
channel-72,516416,30277046,30277091,45
channel-326,537714,30277057,30277070,13
channel-94814,3750,30277057,30277066,9
channel-6994,1323977,30277059,30277072,13
channel-39535,10291,30277059,30278007,948
channel-0,4037872,30277064,30277074,10
channel-0,4037873,30277067,30277097,30
channel-6994,1323978,30277069,30277080,11
channel-750,682206,30277073,30277078,5
channel-6994,1323979,30277078,30277089,11
channel-6994,1323980,30277081,30277089,8
channel-2494,31902,30277081,30277089,8
channel-6994,1323981,30277086,30277099,13
channel-6994,1323982,30277091,30277103,12
channel-4,166873,30277100,30277110,10
channel-6994,1323983,30277105,30277115,10
channel-6994,1323984,30277108,30277134,26
channel-0,4037874,30277126,30277135,9
channel-1,408276,30277127,30277155,28
channel-89321,19391,30277127,30277135,8
channel-2494,31903,30277132,30277142,10
channel-6994,1323985,30277138,30277164,26
channel-6994,1323986,30277144,30277181,37
channel-91017,2786,30277148,30277161,13
channel-259,314235,30277152,30277158,6
channel-6994,1323987,30277161,30277197,36
channel-1429,140697,30277170,30277178,8
channel-89298,18636,30277174,30277184,10
channel-0,4037875,30277182,30277208,26
channel-216,94175,30277185,30277255,70
channel-0,4037876,30277190,30277198,8
channel-6994,1323988,30277192,30277200,8
channel-6994,1323989,30277197,30277211,14
channel-6994,1323990,30277197,30277211,14
channel-6994,1323991,30277199,30277254,55
channel-6994,1323992,30277199,30277211,12
channel-6994,1323993,30277208,30277220,12
channel-199,132683,30277208,30277221,13
channel-38946,124101,30277211,30277302,91
channel-89298,18637,30277213,30277224,11
channel-2188,43586,30277220,30277224,4
channel-750,682207,30277226,30277235,9
channel-75,844935,30277228,30277235,7
channel-2188,43587,30277242,30277247,5
channel-6994,1323994,30277258,30277271,13
channel-208,1489828,30277258,30277269,11
channel-750,682208,30277260,30277267,7
channel-0,4037877,30277260,30277300,40
channel-6994,1323995,30277262,30277328,66
channel-6787,166663,30277264,30277268,4
channel-208,1489829,30277285,30277296,11
channel-6994,1323996,30277287,30277328,41
channel-326,537715,30277287,30277294,7
channel-75,844936,30277291,30277294,3
channel-750,682209,30277297,30277307,10
channel-115,20362,30277301,30277313,12
channel-6994,1323997,30277309,30277322,13
channel-642,126497,30277318,30277351,33
channel-85791,3747,30277321,30277327,6
channel-6994,1323998,30277326,30277338,12
channel-94814,3751,30277328,30277340,12
channel-199,132684,30277332,30277343,11
channel-2188,43588,30277332,30277336,4
channel-199,132685,30277338,30277348,10
channel-85077,59842,30277343,30277354,11
channel-750,682210,30277348,30277359,11
channel-216,94176,30277350,30277405,55
channel-89298,18638,30277351,30277362,11
channel-6994,1323999,30277353,30277400,47
channel-199,132686,30277353,30277381,28
channel-6994,1324000,30277354,30277368,14
channel-6787,166664,30277361,30277365,4
channel-85791,3748,30277361,30277367,6
channel-1,408277,30277363,30277376,13
channel-0,4037878,30277381,30277392,11
channel-94814,3752,30277392,30277400,8
channel-6994,1324001,30277400,30277410,10
channel-6994,1324002,30277401,30277410,9
channel-6994,1324003,30277401,30277410,9
channel-6994,1324004,30277403,30277414,11
channel-208,1489830,30277407,30277418,11
channel-216,94177,30277409,30277576,167
channel-0,4037879,30277409,30277419,10
channel-75016,4614,30277410,30277433,23
channel-85791,3749,30277413,30277419,6
channel-122,667858,30277414,30277417,3
channel-6994,1324005,30277417,30277430,13
channel-6994,1324006,30277420,30277447,27
channel-750,682211,30277432,30277437,5
channel-1,408278,30277433,30277471,38
channel-6994,1324007,30277434,30277447,13
channel-85077,59843,30277435,30277444,9
channel-6994,1324008,30277440,30277452,12
channel-783,104213,30277441,30277447,6
channel-0,4037880,30277444,30277453,9
channel-85077,59844,30277453,30277465,12
channel-85077,59845,30277466,30277480,14
channel-199,132687,30277471,30277482,11
channel-874,292793,30277478,30277483,5
channel-6994,1324009,30277487,30277498,11
channel-216,94178,30277498,30277628,130
channel-412,64506,30277498,30277509,11
channel-75016,4615,30277500,30277518,18
channel-6994,1324010,30277502,30277512,10
channel-85077,59846,30277510,30277518,8
channel-6994,1324011,30277515,30277563,48
channel-85077,59847,30277516,30277529,13
channel-320,119178,30277521,30277566,45
channel-750,682212,30277523,30277536,13
channel-208,1489831,30277524,30277536,12
channel-89321,19392,30277529,30277538,9
channel-208,1489832,30277535,30277545,10
channel-85077,59848,30277548,30277558,10
channel-750,682213,30277553,30277567,14
channel-874,292794,30277563,30277570,7
channel-6994,1324012,30277563,30277577,14
channel-6994,1324013,30277566,30277628,62
channel-782,310136,30277570,30277582,12
channel-85077,59849,30277570,30277582,12
channel-6994,1324014,30277576,30277586,10
channel-0,4037881,30277586,30277595,9
channel-85077,59850,30277586,30277595,9
channel-6994,1324015,30277593,30277607,14
channel-6994,1324016,30277594,30277607,13
channel-85077,59851,30277600,30277619,19
channel-85077,59852,30277601,30277611,10
channel-783,104214,30277601,30277608,7
channel-85077,59853,30277610,30277619,9
channel-75,844937,30277611,30277618,7
channel-85077,59854,30277613,30277622,9
channel-216,94179,30277619,30277687,68
channel-1,408279,30277626,30277640,14
channel-216,94180,30277628,30277687,59
channel-85077,59855,30277635,30277645,10
channel-122,667859,30277642,30277646,4
channel-6787,166665,30277649,30277654,5
channel-199,132688,30277649,30277660,11
channel-6994,1324017,30277651,30277660,9
channel-19774,345846,30277663,30277669,6
channel-6994,1324018,30277666,30277676,10
channel-199,132689,30277667,30277677,10
channel-85077,59856,30277669,30277677,8
channel-85077,59857,30277679,30277687,8
channel-6787,166666,30277682,30277686,4
channel-85077,59858,30277682,30277698,16
channel-89321,19393,30277698,30277704,6
channel-0,4037882,30277706,30277714,8
channel-6994,1324019,30277710,30277746,36
channel-874,292795,30277711,30277717,6
channel-6994,1324020,30277712,30277724,12
channel-91017,2787,30277717,30277726,9
channel-750,682214,30277720,30277736,16
channel-750,682215,30277723,30277737,14
channel-208,1489833,30277724,30277734,10
channel-2188,43589,30277724,30277729,5
channel-6787,166667,30277727,30277732,5
channel-6994,1324021,30277728,30277737,9
channel-783,104215,30277730,30277736,6
channel-4,166874,30277731,30277766,35
channel-208,1489834,30277732,30277744,12
channel-85077,59859,30277737,30277746,9
channel-72,516417,30277747,30277787,40
channel-85077,59860,30277748,30277758,10
channel-208,1489835,30277759,30277768,9
channel-4,166875,30277760,30277790,30
channel-2186,40770,30277763,30277775,12
channel-208,1489836,30277765,30277779,14
channel-6994,1324022,30277766,30277809,43
channel-0,4037883,30277770,30277781,11
channel-783,104216,30277776,30277781,5
channel-4,166876,30277781,30277794,13
channel-216,94181,30277785,30277882,97
channel-4,166877,30277786,30277798,12
channel-6994,1324023,30277788,30277800,12
channel-750,682216,30277789,30277802,13
channel-85077,59861,30277801,30277813,12
channel-6994,1324024,30277802,30277815,13
channel-208,1489837,30277822,30277833,11
channel-0,4037884,30277823,30277831,8
channel-6994,1324025,30277825,30277871,46
channel-750,682217,30277826,30277840,14
channel-199,132690,30277831,30277840,9
channel-42,1489967,30277834,30277839,5
channel-85077,59862,30277834,30277848,14
channel-208,1489838,30277835,30277847,12
channel-79703,4422,30277836,30277853,17
channel-6994,1324026,30277842,30277853,11
channel-4,166878,30277847,30277880,33
channel-85077,59863,30277849,30277858,9
channel-216,94182,30277849,30277962,113
channel-6994,1324027,30277852,30277862,10
channel-42,1489968,30277854,30277860,6
channel-0,4037885,30277856,30277880,24
channel-42,1489969,30277860,30277866,6
channel-750,682218,30277864,30277882,18
channel-42,1489970,30277869,30277880,11
channel-6994,1324028,30277870,30277881,11
channel-42,1489971,30277872,30277880,8
channel-1,408280,30277873,30277907,34
channel-783,104217,30277875,30277883,8
channel-42,1489972,30277880,30277894,14
channel-85077,59864,30277880,30277891,11
channel-750,682219,30277881,30277892,11
channel-326,537716,30277888,30277895,7
channel-326,537717,30277888,30277895,7
channel-326,537718,30277888,30277895,7
channel-326,537719,30277888,30277895,7
channel-326,537720,30277888,30277895,7
channel-326,537721,30277888,30277895,7
channel-326,537722,30277888,30277895,7
channel-6994,1324029,30277892,30277907,15
channel-122,667860,30277895,30277899,4
channel-208,1489839,30277908,30277917,9
channel-2188,43590,30277913,30277917,4
channel-6994,1324030,30277920,30277930,10
channel-42,1489973,30277921,30277937,16
channel-85077,59865,30277922,30277931,9
channel-184,137404,30277923,30277932,9
channel-42,1489974,30277923,30277930,7
channel-0,4037886,30277924,30277935,11
channel-412,64507,30277925,30277940,15
channel-326,537723,30277933,30277945,12
channel-0,4037887,30277935,30277966,31
channel-0,4037888,30277937,30277966,29
channel-6994,1324031,30277939,30277947,8
channel-6994,1324032,30277950,30277964,14
channel-6994,1324033,30277953,30277964,11
channel-0,4037889,30277955,30277966,11
channel-4,166879,30277963,30277986,23
channel-232,49192,30277964,30277975,11
channel-750,682220,30277964,30277976,12
channel-4,166880,30277965,30277986,21
channel-0,4037890,30277993,30278007,14
channel-750,682221,30277997,30278003,6
channel-0,4037891,30278002,30278029,27
channel-85077,59866,30278003,30278011,8
channel-0,4037892,30278004,30278016,12
channel-0,4037893,30278008,30278042,34
channel-122,667861,30278010,30278013,3
channel-750,682222,30278011,30278016,5
channel-750,682223,30278012,30278017,5
channel-184,137405,30278013,30278021,8
channel-0,4037894,30278021,30278045,24
channel-4,166881,30278022,30278102,80
channel-199,132691,30278023,30278032,9
channel-4,166882,30278025,30278107,82
channel-0,4037895,30278028,30278053,25
channel-0,4037896,30278031,30278058,27
channel-75,844938,30278032,30278039,7
channel-4,166883,30278033,30278150,117
channel-1424,7337,30278033,30278044,11
channel-6994,1324034,30278051,30278060,9
channel-89298,18639,30278051,30278061,10
channel-122,667862,30278053,30278058,5
channel-2,130609,30278053,30278064,11
channel-4,166884,30278057,30278146,89
channel-122,667863,30278063,30278066,3
channel-122,667864,30278083,30278087,4
channel-115,20363,30278083,30278091,8
channel-6994,1324035,30278087,30278099,12
channel-0,4037897,30278090,30278101,11
channel-6994,1324036,30278094,30278104,10
channel-1,408281,30278104,30278116,12
channel-750,682224,30278117,30278127,10
channel-85077,59867,30278119,30278145,26
channel-412,64508,30278125,30278150,25
channel-0,4037898,30278131,30278142,11
channel-0,4037899,30278138,30278147,9
channel-0,4037900,30278146,30278155,9
channel-6994,1324037,30278148,30278160,12
channel-85077,59868,30278150,30278158,8
channel-1,408282,30278154,30278174,20
channel-767,14362,30278154,30278163,9
channel-874,292796,30278154,30278159,5
channel-89298,18640,30278156,30278166,10
channel-6994,1324038,30278163,30278174,11
channel-6994,1324039,30278164,30278178,14
channel-85077,59869,30278177,30278185,8
channel-6994,1324040,30278190,30278205,15
channel-208,1489840,30278191,30278200,9
channel-216,94183,30278194,30278314,120
channel-75,844939,30278198,30278204,6
channel-750,682225,30278201,30278208,7
channel-0,4037901,30278223,30278232,9
channel-750,682226,30278236,30278248,12
channel-259,314236,30278236,30278245,9
channel-204,670781,30278242,30278250,8
channel-0,4037902,30278252,30278260,8
channel-98451,14,30278260,30278271,11
channel-0,4037903,30278260,30278272,12
channel-874,292797,30278272,30278281,9
channel-412,64509,30278282,30278297,15
channel-0,4037904,30278282,30278296,14
channel-326,537724,30278291,30278298,7
channel-199,132692,30278292,30278303,11
channel-326,537725,30278324,30278329,5
channel-6994,1324041,30278325,30278338,13
channel-412,64510,30278340,30278352,12
channel-6994,1324042,30278347,30278357,10
channel-782,310137,30278350,30278357,7
channel-122,667865,30278353,30278357,4
channel-4,166885,30278353,30278385,32
channel-0,4037905,30278359,30278372,13
channel-6994,1324043,30278362,30278376,14
channel-85077,59870,30278362,30278371,9
channel-750,682227,30278376,30278411,35
channel-1,408283,30278380,30278405,25
channel-6994,1324044,30278389,30278401,12
channel-19774,345847,30278389,30278400,11
channel-750,682228,30278392,30278410,18
channel-326,537726,30278396,30278406,10
channel-750,682229,30278396,30278405,9
channel-122,667866,30278397,30278400,3
channel-2494,31904,30278398,30278409,11
channel-115,20364,30278401,30278411,10
channel-750,682230,30278422,30278428,6
channel-75016,4616,30278422,30278446,24
channel-750,682231,30278435,30278444,9
channel-122,667867,30278435,30278438,3
channel-2,130610,30278435,30278444,9
channel-208,1489841,30278439,30278446,7
channel-98451,15,30278445,30278463,18
channel-782,310138,30278447,30278453,6
channel-188,190544,30278458,30278489,31
channel-122,667868,30278462,30278466,4
channel-340,3174,30278478,30278486,8
channel-412,64511,30278478,30278490,12
channel-75016,4617,30278494,30278516,22
channel-6994,1324045,30278499,30278511,12
channel-6994,1324046,30278505,30291033,12528
channel-6897,5638,30278510,30278517,7
channel-4,166886,30278510,30278523,13
channel-115,20365,30278514,30278525,11
channel-0,4037906,30278523,30278536,13
channel-320,119179,30278524,30278556,32
channel-2188,43591,30278533,30278538,5
channel-0,4037907,30278543,30278550,7
channel-412,64512,30278545,30278554,9
channel-19774,345848,30278550,30278561,11
channel-259,314237,30278554,30278558,4
channel-2188,43592,30278558,30278564,6
channel-208,1489842,30278561,30278572,11
channel-122,667869,30278567,30278571,4
channel-85077,59871,30278579,30278588,9
channel-2188,43593,30278582,30278586,4
channel-2188,43594,30278604,30278609,5
channel-750,682232,30278622,30278634,12
channel-2188,43595,30278631,30278635,4
channel-208,1489843,30278631,30278640,9
channel-1,408284,30278636,30278645,9
channel-75755,5538,30278646,30278663,17
channel-0,4037908,30278650,30278671,21
channel-0,4037909,30278662,30278671,9
channel-4,166887,30278672,30278683,11
channel-6994,1324047,30278674,30278685,11
channel-6994,1324048,30278674,30278685,11
channel-0,4037910,30278675,30278681,6
channel-0,4037911,30278676,30278681,5
channel-0,4037912,30278679,30278692,13
channel-188,190545,30278684,30278695,11
channel-750,682233,30278694,30278703,9
channel-122,667870,30278700,30278703,3
channel-208,1489844,30278702,30278713,11
channel-0,4037913,30278709,30278719,10
channel-85077,59872,30278714,30278726,12
channel-782,310139,30278714,30278720,6
channel-75755,5539,30278715,30278726,11
channel-208,1489845,30278719,30278735,16
channel-6897,5639,30278728,30278736,8
channel-6994,1324049,30278732,30278743,11
channel-320,119180,30278740,30278748,8
channel-0,4037914,30278745,30278760,15
channel-2188,43596,30278754,30278760,6
channel-6787,166668,30278754,30278760,6
channel-85077,59873,30278760,30278771,11
channel-85077,59874,30278769,30278778,9
channel-91017,2788,30278769,30278780,11
channel-750,682234,30278770,30278775,5
channel-1,408285,30278772,30278808,36
channel-6994,1324050,30278773,30278783,10
channel-326,537727,30278777,30278785,8
channel-208,1489846,30278787,30278801,14
channel-75,844940,30278792,30278799,7
channel-143,128297,30278796,30278808,12
channel-208,1489847,30278798,30278807,9
channel-874,292798,30278800,30278805,5
channel-208,1489848,30278801,30278811,10
channel-750,682235,30278802,30278813,11
channel-6994,1324051,30278808,30278819,11
channel-750,682236,30278808,30278826,18
channel-208,1489849,30278811,30278820,9
channel-208,1489850,30278811,30278820,9
channel-91017,2789,30278815,30278825,10
channel-750,682237,30278820,30278834,14
channel-19774,345849,30278821,30278831,10
channel-75,844941,30278822,30278830,8
channel-122,667871,30278822,30278827,5
channel-2188,43597,30278826,30278832,6
channel-259,314238,30278826,30278833,7
channel-6994,1324052,30278831,30278867,36
channel-0,4037915,30278837,30278861,24
channel-91017,2790,30278845,30278855,10
channel-8,43452,30278856,30278868,12
channel-4,166888,30278859,30278866,7
channel-87,182891,30278861,30278892,31
channel-143,128298,30278867,30278877,10
channel-85077,59875,30278868,30278880,12
channel-91017,2791,30278868,30278876,8
channel-6994,1324053,30278871,30278881,10
channel-6897,5640,30278871,30278880,9
channel-5485,1711,30278872,30278885,13
channel-750,682238,30278874,30278880,6
channel-204,670782,30278874,30278884,10
channel-42,1489975,30278881,30278889,8
channel-91017,2792,30278884,30278897,13
channel-782,310140,30278891,30278899,8
channel-6994,1324054,30278893,30278949,56
channel-6994,1324055,30278904,30278916,12
channel-750,682239,30278921,30278926,5
channel-91017,2793,30278921,30278931,10
channel-0,4037916,30278923,30278945,22
channel-750,682240,30278931,30278939,8
channel-750,682241,30278933,30278943,10
channel-412,64513,30278934,30278948,14
channel-8,43453,30278939,30278963,24
channel-6994,1324056,30278950,30278962,12
channel-77,50257,30278956,30278965,9
channel-6994,1324057,30278958,30278998,40
channel-6994,1324058,30278959,30279002,43
channel-8,43454,30278961,30278996,35
channel-259,314239,30278963,30278970,7
channel-85077,59876,30278966,30278977,11
channel-1,408286,30278974,30279002,28
channel-91017,2794,30278974,30278983,9
channel-98451,16,30278977,30278993,16
channel-6897,5641,30278980,30278988,8
channel-6994,1324059,30278985,30278998,13
channel-6994,1324060,30278990,30279002,12
channel-208,1489851,30278995,30279005,10
channel-91017,2795,30278995,30279005,10
channel-1,408287,30278999,30279050,51
channel-204,670783,30278999,30279006,7
channel-91017,2796,30279000,30279043,43
channel-782,310141,30279003,30279010,7
channel-6994,1324061,30279004,30279031,27
channel-0,4037917,30279004,30279013,9
channel-98451,18,30279004,30279014,10
channel-6994,1324062,30279009,30279036,27
channel-320,119181,30279015,30279026,11
channel-750,682242,30279021,30279026,5
channel-2188,43598,30279021,30279025,4
channel-0,4037918,30279031,30279043,12
channel-0,4037919,30279041,30279064,23
channel-0,4037920,30279046,30279059,13
channel-6994,1324063,30279047,30279074,27
channel-6994,1324064,30279051,30279063,12
channel-91017,2797,30279051,30279061,10
channel-782,310142,30279051,30279058,7
channel-6994,1324065,30279051,30279063,12
channel-6994,1324066,30279074,30279083,9
channel-0,4037921,30279082,30279093,11
channel-0,4037922,30279087,30279112,25
channel-0,4037923,30279088,30279112,24
channel-108,39845,30279088,30279114,26
channel-208,1489852,30279089,30279099,10
channel-750,682243,30279093,30279109,16
channel-750,682244,30279100,30279110,10
channel-874,292799,30279104,30279114,10
channel-750,682245,30279117,30279123,6
channel-6994,1324067,30279122,30279131,9
channel-0,4037924,30279127,30279134,7
channel-750,682246,30279131,30279135,4
channel-750,682247,30279134,30279143,9
channel-6994,1324068,30279135,30279147,12
channel-259,314240,30279135,30279140,5
channel-874,292800,30279135,30279141,6
channel-6994,1324069,30279140,30279167,27
channel-412,64514,30279142,30279154,12
channel-208,1489853,30279148,30279155,7
channel-122,667872,30279148,30279152,4
channel-6994,1324070,30279153,30279198,45
channel-2188,43599,30279153,30279157,4
channel-6994,1324071,30279154,30279171,17
channel-750,682248,30279157,30279168,11
channel-42,1489976,30279158,30279166,8
channel-412,64515,30279158,30279171,13
channel-75,844942,30279165,30279171,6
channel-0,4037925,30279167,30279189,22
channel-750,682249,30279167,30279178,11
channel-874,292801,30279170,30279177,7
channel-6994,1324072,30279174,30279187,13
channel-259,314241,30279176,30279186,10
channel-122,667873,30279176,30279180,4
channel-0,4037926,30279181,30279200,19
channel-783,104218,30279186,30279196,10
channel-750,682250,30279187,30279202,15
channel-6994,1324073,30279189,30279206,17
channel-750,682251,30279198,30279206,8
channel-85077,59877,30279204,30279214,10
channel-874,292802,30279204,30279219,15
channel-0,4037927,30279216,30279227,11
channel-750,682252,30279218,30279223,5
channel-6994,1324074,30279219,30279269,50
channel-750,682253,30279222,30279233,11
channel-750,682254,30279224,30279255,31
channel-642,126498,30279228,30279253,25
channel-0,4037928,30279229,30279255,26
channel-750,682255,30279229,30279240,11
channel-750,682256,30279237,30279255,18
channel-874,292803,30279244,30279264,20
channel-6994,1324075,30279245,30279259,14
channel-199,132693,30279245,30279256,11
channel-522,40430,30279247,30279261,14
channel-143,128299,30279248,30279261,13
channel-6994,1324076,30279255,30279269,14
channel-412,64516,30279256,30279265,9
channel-2186,40771,30279259,30279282,23
channel-750,682257,30279260,30279269,9
channel-750,682258,30279260,30279269,9
channel-874,292804,30279263,30279276,13
channel-326,537728,30279264,30279284,20
channel-750,682259,30279266,30279278,12
channel-0,4037929,30279270,30279316,46
channel-0,4037930,30279271,30279280,9
channel-1,408288,30279272,30279302,30
channel-122,667874,30279274,30279279,5
channel-19774,345850,30279274,30279284,10
channel-874,292805,30279280,30279310,30
channel-1,408289,30279282,30279302,20
channel-6994,1324077,30279283,30279327,44
channel-1,408290,30279287,30279302,15
channel-6994,1324078,30279287,30279298,11
channel-874,292806,30279289,30279310,21
channel-5,184263,30279290,30279299,9
channel-5,184264,30279293,30279302,9
channel-874,292807,30279293,30279320,27
channel-143,128300,30279293,30279304,11
channel-0,4037931,30279295,30279302,7
channel-750,682260,30279297,30279311,14
channel-0,4037932,30279298,30279325,27
channel-0,4037933,30279300,30279331,31
channel-208,1489854,30279300,30279308,8
channel-85077,59878,30279301,30279310,9
channel-6,66634,30279302,30279317,15
channel-15464,2654,30279304,30279321,17
channel-259,314242,30279305,30279310,5
channel-0,4037934,30279307,30279337,30
channel-874,292808,30279309,30279332,23
channel-5,184265,30279309,30279319,10
channel-1,408291,30279313,30279355,42
channel-94814,3753,30279315,30279324,9
channel-5,184266,30279316,30279325,9
channel-6994,1324079,30279318,30279332,14
channel-6994,1324080,30279319,30279332,13
channel-259,314243,30279319,30279325,6
channel-181,13585,30279326,30279337,11
channel-4,166889,30279328,30279346,18
channel-21113,25305,30279331,30279345,14
channel-208,1489855,30279334,30279343,9
channel-874,292809,30279334,30279344,10
channel-5,184267,30279337,30279347,10
channel-874,292810,30279337,30279346,9
channel-122,667875,30279339,30279343,4
channel-19774,345851,30279340,30279351,11
channel-75,844943,30279342,30279357,15
channel-6994,1324081,30279343,30279388,45
channel-208,1489856,30279346,30279357,11
channel-4,166890,30279353,30279370,17
channel-115,20366,30279357,30279366,9
channel-89298,18641,30279361,30279369,8
channel-5,184268,30279365,30279376,11
channel-6994,1324082,30279365,30279373,8
channel-122,667876,30279365,30279369,4
channel-783,104219,30279367,30279374,7
channel-874,292811,30279367,30279374,7
channel-5,184269,30279374,30279385,11
channel-75,844944,30279379,30279393,14
channel-326,537729,30279382,30279398,16
channel-1,408292,30279386,30279419,33
channel-326,537730,30279386,30279388,2
channel-0,4037935,30279387,30279409,22
channel-2,130611,30279388,30279401,13
channel-5,184270,30279388,30279399,11
channel-750,682261,30279395,30279424,29
channel-874,292812,30279395,30279402,7
channel-874,292813,30279402,30279407,5
channel-874,292814,30279408,30279424,16
channel-85077,59879,30279409,30279419,10
channel-0,4037936,30279410,30279419,9
channel-0,4037937,30279420,30279427,7
channel-750,682262,30279427,30279437,10
channel-6994,1324083,30279430,30279449,19
channel-0,4037938,30279432,30279458,26
channel-2188,43600,30279432,30279437,5
channel-122,667877,30279434,30279438,4
channel-767,14363,30279435,30279446,11
channel-6994,1324084,30279439,30279453,14
channel-874,292815,30279444,30279451,7
channel-208,1489857,30279450,30279463,13
channel-1,408293,30279455,30279474,19
channel-87,182892,30279455,30279489,34
channel-208,1489858,30279456,30279467,11
channel-0,4037939,30279458,30279480,22
channel-874,292816,30279460,30279466,6
channel-122,667878,30279468,30279471,3
channel-122,667879,30279468,30279471,3
channel-85077,59880,30279471,30279488,17
channel-6994,1324085,30279474,30279485,11
channel-85077,59881,30279478,30279488,10
channel-6994,1324086,30279485,30279493,8
channel-122,667880,30279486,30279488,2
channel-232,49193,30279488,30279501,13
channel-750,682263,30279495,30279506,11
channel-0,4037940,30279496,30279524,28
channel-874,292817,30279501,30279506,5
channel-6994,1324087,30279501,30279514,13
channel-122,667881,30279513,30279517,4
channel-6994,1324088,30279514,30279526,12
channel-208,1489859,30279514,30279525,11
channel-874,292818,30279524,30279536,12
channel-1,408294,30279537,30279550,13
channel-5,184271,30279538,30279549,11
channel-85077,59882,30279541,30279549,8
channel-122,667882,30279546,30279550,4
channel-5,184272,30279547,30279555,8
channel-1,408295,30279550,30279558,8
channel-6994,1324089,30279550,30279562,12
channel-5,184273,30279554,30279562,8
channel-874,292819,30279562,30279571,9
channel-6994,1324090,30279566,30279578,12
channel-0,4037941,30279567,30279577,10
channel-199,132694,30279575,30279583,8
channel-5,184274,30279575,30279585,10
channel-122,667883,30279579,30279583,4
channel-122,667884,30279581,30279584,3
channel-85077,59883,30279585,30279597,12
channel-75,844945,30279593,30279599,6
channel-326,537731,30279597,30279605,8
channel-0,4037942,30279603,30279612,9
channel-115,20367,30279604,30279614,10
channel-326,537732,30279607,30279628,21
channel-1,408296,30279608,30279619,11
channel-208,1489860,30279609,30279620,11
channel-1,408297,30279627,30279661,34
channel-75,844946,30279628,30279635,7
channel-6994,1324091,30279643,30279656,13
channel-208,1489861,30279668,30279678,10
channel-6994,1324092,30279673,30279686,13
channel-208,1489862,30279679,30279691,12
channel-6994,1324093,30279693,30279707,14
channel-782,310143,30279696,30279703,7
channel-122,667885,30279702,30279705,3
channel-750,682264,30279702,30279710,8
channel-326,537733,30279705,30279725,20
channel-85077,59884,30279706,30279735,29
channel-750,682265,30279710,30279726,16
channel-21113,25306,30279710,30279716,6
channel-98451,20,30279730,30279741,11
channel-19774,345852,30279737,30279749,12
channel-6994,1324094,30279742,30279755,13
channel-326,537734,30279750,30279755,5
channel-85077,59885,30279756,30279762,6
channel-184,137406,30279761,30279772,11
channel-0,4037943,30279762,30279773,11
channel-750,682266,30279772,30279783,11
channel-782,310144,30279787,30279796,9
channel-6994,1324095,30279790,30279798,8
channel-750,682267,30279791,30279796,5
channel-199,132695,30279792,30279803,11
channel-85077,59886,30279797,30279806,9
channel-6994,1324096,30279814,30279822,8
channel-326,537735,30279816,30279823,7
channel-326,537736,30279816,30279823,7
channel-326,537737,30279816,30279823,7
channel-326,537738,30279816,30279823,7
channel-326,537739,30279816,30279823,7
channel-326,537740,30279816,30279823,7
channel-326,537741,30279816,30279823,7
channel-326,537742,30279816,30279823,7
channel-6787,166669,30279824,30279829,5
channel-6994,1324097,30279824,30279835,11
channel-208,1489863,30279824,30279833,9
channel-874,292820,30279824,30279833,9
channel-0,4037944,30279827,30279836,9
channel-6994,1324098,30279831,30279840,9
channel-216,94184,30279833,30279898,65
channel-6994,1324099,30279844,30279857,13
channel-750,682268,30279845,30279857,12
channel-6994,1324100,30279847,30279857,10
channel-75,844947,30279847,30279855,8
channel-6787,166670,30279850,30279856,6
channel-750,682269,30279856,30279860,4
channel-2188,43601,30279860,30280004,144
channel-750,682270,30279861,30279875,14
channel-76971,12237,30279864,30279874,10
channel-326,537743,30279871,30279884,13
channel-326,537744,30279871,30279879,8
channel-4,166891,30279883,30279894,11
channel-6994,1324101,30279886,30279893,7
channel-750,682271,30279891,30279897,6
channel-6994,1324102,30279893,30279903,10
channel-0,4037945,30279899,30279912,13
channel-0,4037946,30279899,30279912,13
channel-143,128301,30279905,30279913,8
channel-326,537745,30279905,30279913,8
channel-21113,25307,30279907,30279915,8
channel-4,166892,30279915,30279946,31
channel-144,86680,30279922,30279932,10
channel-750,682272,30279924,30279943,19
channel-6787,166671,30279925,30279930,5
channel-165,71437,30279948,30281178,1230
channel-0,4037947,30279957,30279963,6
channel-6994,1324103,30279969,30279983,14
channel-874,292821,30279969,30279976,7
channel-75,844948,30279969,30279978,9
channel-874,292822,30279985,30279996,11
channel-85077,59887,30279989,30279996,7
channel-75,844949,30279993,30279997,4
channel-88,467091,30279996,30280011,15
channel-782,310145,30280004,30280010,6
channel-6994,1324104,30280013,30280025,12
channel-89298,18642,30280015,30280025,10
channel-6787,166672,30280019,30280023,4
channel-750,682273,30280025,30280029,4
channel-782,310146,30280026,30280033,7
channel-75,844950,30280033,30280038,5
channel-750,682274,30280037,30280049,12
channel-1,408298,30280042,30280074,32
channel-750,682275,30280042,30280058,16
channel-750,682276,30280045,30280058,13
channel-85077,59888,30280054,30280062,8
channel-216,94185,30280059,30280193,134
channel-85077,59889,30280060,30280084,24
channel-6994,1324105,30280063,30280073,10
channel-216,94186,30280068,30280193,125
channel-75,844951,30280072,30280080,8
channel-199,132696,30280076,30280087,11
channel-6787,166673,30280077,30280082,5
channel-85077,59890,30280079,30280089,10
channel-216,94187,30280093,30280293,200
channel-6994,1324106,30280099,30280109,10
channel-208,1489864,30280102,30280112,10
channel-6994,1324107,30280103,30280114,11
channel-750,682277,30280103,30280116,13
channel-6994,1324108,30280114,30280124,10
channel-6994,1324109,30280118,30280129,11
channel-782,310147,30280122,30280130,8
channel-1,408299,30280127,30280154,27
channel-750,682278,30280128,30280145,17
channel-320,119182,30280130,30280144,14
channel-6787,166674,30280130,30280135,5
channel-326,537746,30280134,30280143,9
channel-0,4037948,30280135,30280148,13
channel-782,310148,30280137,30280143,6
channel-0,4037949,30280149,30280164,15
channel-85077,59891,30280153,30280164,11
channel-874,292823,30280169,30280180,11
channel-750,682279,30280170,30280192,22
channel-412,64517,30280174,30280183,9
channel-750,682280,30280175,30280179,4
channel-0,4037950,30280176,30280186,10
channel-89321,19394,30280186,30280195,9
channel-0,4037951,30280198,30280209,11
channel-0,4037952,30280198,30280220,22
channel-320,119183,30280201,30280235,34
channel-122,667886,30280203,30280208,5
channel-1429,140698,30280205,30280216,11
channel-122,667887,30280219,30280223,4
channel-122,667888,30280224,30280227,3
channel-1,408300,30280230,30280255,25
channel-98451,22,30280235,30280245,10
channel-0,4037953,30280236,30280243,7
channel-208,1489865,30280250,30280256,6
channel-19774,345853,30280250,30280255,5
channel-6994,1324110,30280256,30280266,10
channel-750,682281,30280259,30280273,14
channel-750,682282,30280260,30280275,15
channel-0,4037954,30280271,30280281,10
channel-6994,1324111,30280271,30280281,10
channel-0,4037955,30280271,30280281,10
channel-6994,1324112,30280276,30280286,10
channel-1,408301,30280276,30280295,19
channel-1,408302,30280276,30280295,19
channel-208,1489866,30280281,30280290,9
channel-750,682283,30280295,30280299,4
channel-0,4037956,30280295,30280306,11
channel-1,408303,30280301,30280328,27
channel-0,4037957,30280302,30280309,7
channel-0,4037958,30280303,30280314,11
channel-1,408304,30280307,30280328,21
channel-94814,3754,30280311,30280319,8
channel-0,4037959,30280311,30280331,20
channel-6994,1324113,30280317,30280327,10
channel-6994,1324114,30280322,30280337,15
channel-1575,15189,30280335,30280343,8
channel-750,682284,30280340,30280343,3
channel-208,1489867,30280349,30280359,10
channel-85077,59892,30280349,30280358,9
channel-6994,1324115,30280354,30280387,33
channel-6787,166675,30280356,30280362,6
channel-38946,124102,30280358,30280380,22
channel-750,682285,30280358,30280380,22
channel-326,537747,30280363,30280370,7
channel-21113,25308,30280368,30280377,9
channel-122,667889,30280373,30280377,4
channel-21113,25309,30280374,30280383,9
channel-85077,59893,30280374,30280383,9
channel-750,682286,30280375,30280392,17
channel-326,537748,30280378,30280390,12
channel-0,4037960,30280384,30280395,11
channel-5,184275,30280387,30280395,8
channel-750,682287,30280410,30280421,11
channel-750,682288,30280410,30280421,11
channel-85077,59894,30280410,30280427,17
channel-94814,3755,30280423,30280434,11
channel-782,310149,30280424,30280429,5
channel-0,4037961,30280430,30280438,8
channel-6994,1324116,30280431,30280445,14
channel-0,4037962,30280435,30280463,28
channel-122,667890,30280436,30280440,4
channel-750,682289,30280437,30280444,7
channel-750,682290,30280437,30280457,20
channel-144,86681,30280439,30280451,12
channel-38946,124103,30280442,30280451,9
channel-6994,1324117,30280455,30280466,11
channel-122,667891,30280459,30280463,4
channel-412,64518,30280465,30280475,10
channel-750,682291,30280471,30280476,5
channel-259,314244,30280478,30280484,6
channel-750,682292,30280482,30280492,10
channel-750,682293,30280490,30280499,9
channel-0,4037963,30280510,30280519,9
channel-85077,59895,30280510,30280520,10
channel-85077,59896,30280512,30280521,9
channel-750,682294,30280515,30280521,6
channel-750,682295,30280520,30280524,4
channel-0,4037964,30280520,30280542,22
channel-0,4037965,30280530,30280542,12
channel-750,682296,30280557,30280568,11
channel-143,128302,30280559,30280583,24
channel-6994,1324118,30280564,30280578,14
channel-750,682297,30280566,30280571,5
channel-208,1489868,30280571,30280582,11
channel-6994,1324119,30280577,30280587,10
channel-216,94188,30280581,30280672,91
channel-326,537749,30280588,30280595,7
channel-91017,2798,30280591,30280600,9
channel-208,1489869,30280593,30280603,10
channel-85077,59897,30280593,30280600,7
channel-750,682298,30280596,30280607,11
channel-208,1489870,30280600,30280612,12
channel-75,844952,30280604,30280610,6
channel-750,682299,30280614,30280619,5
channel-91017,2799,30280617,30280625,8
channel-208,1489871,30280619,30280629,10
channel-208,1489872,30280619,30280629,10
channel-0,4037966,30280625,30280637,12
channel-750,682300,30280630,30280664,34
channel-5,184276,30280635,30280646,11
channel-750,682301,30280651,30280657,6
channel-208,1489873,30280656,30280666,10
channel-208,1489874,30280671,30280685,14
channel-750,682302,30280677,30280683,6
channel-6994,1324120,30280689,30280702,13
channel-750,682303,30280689,30280694,5
channel-6994,1324121,30280695,30280707,12
channel-0,4037967,30280696,30280706,10
channel-6994,1324122,30280700,30280713,13
channel-783,104220,30280704,30280716,12
channel-0,4037968,30280707,30280717,10
channel-750,682304,30280710,30280720,10
channel-6994,1324123,30280728,30280736,8
channel-122,667892,30280733,30280736,3
channel-750,682305,30280741,30280746,5
channel-98451,25,30280741,30280751,10
channel-750,682306,30280747,30280761,14
channel-208,1489875,30280752,30280763,11
channel-6994,1324124,30280760,30280771,11
channel-216,94189,30280765,30280872,107
channel-259,314245,30280767,30280773,6
channel-216,94190,30280767,30280872,105
channel-874,292824,30280771,30280787,16
channel-6994,1324125,30280790,30280803,13
channel-6994,1324126,30280796,30280806,10
channel-0,4037969,30280798,30280811,13
channel-216,94191,30280811,30280887,76
channel-1,408305,30280820,30280852,32
channel-98451,27,30280824,30280842,18
channel-85077,59898,30280825,30280835,10
channel-122,667893,30280830,30280834,4
channel-6994,1324127,30280837,30280849,12
channel-0,4037970,30280841,30280849,8
channel-122,667894,30280847,30280852,5
channel-412,64519,30280849,30280876,27
channel-208,1489876,30280854,30280864,10
channel-6994,1324128,30280854,30280862,8
channel-750,682307,30280856,30280860,4
channel-6994,1324129,30280866,30280878,12
channel-199,132697,30280867,30280876,9
channel-122,667895,30280870,30280875,5
channel-340,3175,30280872,30280881,9
channel-85077,59899,30280873,30280900,27
channel-783,104221,30280876,30280884,8
channel-208,1489877,30280880,30280893,13
channel-85791,3750,30280882,30280889,7
channel-122,667896,30280884,30280889,5
channel-6994,1324130,30280886,30280898,12
channel-6994,1324131,30280889,30280898,9
channel-75,844953,30280889,30280896,7
channel-750,682308,30280891,30280896,5
channel-208,1489878,30280897,30280907,10
channel-0,4037971,30280901,30280911,10
channel-122,667897,30280901,30280905,4
channel-750,682309,30280903,30280916,13
channel-122,667898,30280910,30280914,4
channel-2,130612,30280913,30280922,9
channel-326,537750,30280914,30280929,15
channel-0,4037972,30280923,30280935,12
channel-122,667899,30280925,30280929,4
channel-73,51333,30280929,30280940,11
channel-85077,59900,30280938,30280944,6
channel-6994,1324132,30280950,30280962,12
channel-6994,1324133,30280951,30280962,11
channel-88,467092,30280961,30280980,19
channel-874,292825,30280961,30280969,8
channel-6994,1324134,30280963,30280976,13
channel-85077,59901,30280965,30280974,9
channel-85077,59902,30280968,30280978,10
channel-98451,28,30280975,30280986,11
channel-0,4037973,30280985,30280995,10
channel-6994,1324135,30280985,30280997,12
channel-38946,124104,30280991,30281014,23
channel-208,1489879,30280993,30281003,10
channel-6994,1324136,30280997,30281008,11
channel-0,4037974,30281005,30281014,9
channel-208,1489880,30281010,30281020,10
channel-6994,1324137,30281012,30281022,10
channel-148,16083,30281035,30281043,8
channel-750,682310,30281039,30281056,17
channel-326,537751,30281041,30281047,6
channel-874,292826,30281051,30281061,10
channel-6994,1324138,30281064,30281075,11
channel-259,314246,30281078,30281084,6
channel-85077,59903,30281087,30281096,9
channel-88,467093,30281108,30281121,13
channel-38946,124105,30281111,30281129,18
channel-6994,1324139,30281120,30281131,11
channel-122,667900,30281126,30281129,3
channel-412,64520,30281130,30281138,8
channel-6994,1324140,30281132,30281147,15
channel-6994,1324141,30281140,30281152,12
channel-412,64521,30281148,30281155,7
channel-143,128303,30281151,30281170,19
channel-0,4037975,30281163,30281173,10
channel-115,20368,30281171,30281181,10
channel-0,4037976,30281174,30281184,10
channel-750,682311,30281174,30281182,8
channel-251,85188,30281181,30281212,31
channel-143,128304,30281188,30281199,11
channel-750,682312,30281195,30281203,8
channel-750,682313,30281197,30281201,4
channel-6994,1324142,30281199,30281211,12
channel-0,4037977,30281210,30281223,13
channel-1279,67117,30281211,30281248,37
channel-1,408306,30281223,30281271,48
channel-85077,59904,30281225,30281234,9
channel-143,128305,30281236,30281246,10
channel-6994,1324143,30281237,30281247,10
channel-184,137407,30281239,30281249,10
channel-6994,1324144,30281245,30281258,13
channel-1,408307,30281247,30281289,42
channel-6994,1324145,30281248,30281263,15
channel-6994,1324146,30281249,30281263,14
channel-6994,1324147,30281262,30281272,10
channel-94814,3756,30281265,30281275,10
channel-1,408308,30281267,30281289,22
channel-6994,1324148,30281270,30281282,12
channel-6994,1324149,30281272,30281282,10
channel-6994,1324150,30281280,30281290,10
channel-208,1489881,30281289,30281299,10
channel-216,94192,30281292,30281349,57
channel-208,1489882,30281297,30281308,11
channel-0,4037978,30281300,30281312,12
channel-38946,124106,30281306,30281325,19
channel-42,1489977,30281317,30281324,7
channel-85077,59905,30281333,30281345,12
channel-6994,1324151,30281340,30281353,13
channel-6994,1324152,30281341,30281353,12
channel-122,667901,30281347,30281349,2
channel-85077,59906,30281351,30281361,10
channel-21113,25310,30281353,30281360,7
channel-184,137408,30281355,30281362,7
channel-94814,3757,30281356,30281365,9
channel-20082,9878,30281359,30281372,13
channel-199,132698,30281385,30281397,12
channel-85077,59907,30281394,30281401,7
channel-208,1489883,30281397,30281405,8
channel-199,132699,30281397,30281409,12
channel-0,4037979,30281421,30281434,13
channel-259,314247,30281421,30281427,6
channel-122,667902,30281430,30281435,5
channel-6994,1324153,30281446,30281462,16
channel-251,85189,30281447,30281456,9
channel-750,682314,30281448,30281453,5
channel-38946,124107,30281448,30281461,13
channel-340,3176,30281459,30281471,12
channel-8,43455,30281469,30281494,25
channel-4,166893,30281471,30281488,17
channel-6994,1324154,30281483,30281497,14
channel-216,94193,30281489,30281558,69
channel-38946,124108,30281492,30281518,26
channel-208,1489884,30281493,30281506,13
channel-208,1489885,30281529,30281539,10
channel-6994,1324155,30281537,30281545,8
channel-0,4037980,30281551,30281556,5
channel-6994,1324156,30281555,30281564,9
channel-0,4037981,30281558,30281568,10
channel-94814,3758,30281568,30281581,13
channel-6994,1324157,30281571,30281585,14
channel-91017,2800,30281581,30281595,14
channel-874,292827,30281588,30281594,6
channel-38946,124109,30281593,30281609,16
channel-782,310150,30281600,30281605,5
channel-750,682315,30281603,30281608,5
channel-188,190546,30281610,30281670,60
channel-122,667903,30281617,30281621,4
channel-750,682316,30281631,30281637,6
channel-874,292828,30281635,30281658,23
channel-85077,59908,30281638,30281647,9
channel-122,667904,30281639,30281641,2
channel-750,682317,30281642,30281655,13
channel-38946,124110,30281648,30281657,9
channel-38946,124111,30281653,30281666,13
channel-85077,59909,30281654,30281661,7
channel-75,844954,30281664,30281671,7
channel-0,4037982,30281665,30281674,9
channel-750,682318,30281666,30281676,10
channel-8945,17741,30281683,30281698,15
channel-874,292829,30281691,30281697,6
channel-85077,59910,30281696,30281704,8
channel-4,166894,30281711,30281734,23
channel-8945,17742,30281714,30281725,11
channel-85791,3751,30281714,30281718,4
channel-85077,59911,30281717,30281725,8
channel-216,94194,30281718,30281785,67
channel-85077,59912,30281721,30281731,10
channel-122,667905,30281721,30281727,6
channel-8945,17743,30281730,30281753,23
channel-6994,1324158,30281736,30281746,10
channel-75,844955,30281737,30281743,6
channel-91017,2801,30281752,30281761,9
channel-6994,1324159,30281756,30281766,10
channel-0,4037983,30281759,30281769,10
channel-85077,59913,30281780,30281789,9
channel-122,667906,30281784,30281787,3
channel-143,128306,30281785,30281798,13
channel-38946,124113,30281786,30281797,11
channel-38946,124114,30281790,30281814,24
channel-113,301315,30281796,30281832,36
channel-782,310151,30281798,30281804,6
channel-326,537752,30281800,30281809,9
channel-750,682319,30281806,30281822,16
channel-0,4037984,30281809,30281815,6
channel-38946,124115,30281818,30281832,14
channel-19774,345854,30281819,30281830,11
channel-122,667907,30281821,30281825,4
channel-1,408309,30281821,30281845,24
channel-199,132700,30281823,30281830,7
channel-0,4037985,30281830,30281842,12
channel-6994,1324160,30281834,30281846,12
channel-259,314248,30281837,30281844,7
channel-2494,31905,30281839,30281850,11
channel-0,4037986,30281842,30281850,8
channel-6994,1324161,30281842,30281855,13
channel-0,4037987,30281850,30281860,10
channel-750,682320,30281856,30281860,4
channel-0,4037988,30281860,30281871,11
channel-38946,124116,30281864,30281886,22
channel-208,1489886,30281871,30281882,11
channel-0,4037989,30281877,30281890,13
channel-412,64522,30281880,30281889,9
channel-38946,124117,30281882,30281896,14
channel-0,4037990,30281883,30281895,12
channel-75,844956,30281887,30281895,8
channel-85077,59914,30281889,30281899,10
channel-412,64523,30281889,30281900,11
channel-208,1489887,30281894,30281903,9
channel-75,844957,30281895,30281899,4
channel-208,1489888,30281899,30281912,13
channel-6994,1324162,30281901,30281912,11
channel-0,4037991,30281909,30281920,11
channel-6994,1324163,30281909,30281923,14
channel-2494,31906,30281910,30281922,12
channel-750,682321,30281914,30281937,23
channel-85077,59915,30281923,30281932,9
channel-85077,59916,30281925,30281938,13
channel-85077,59917,30281928,30281938,10
channel-6994,1324164,30281929,30281940,11
channel-750,682322,30281933,30281942,9
channel-6994,1324165,30281936,30281952,16
channel-750,682323,30281936,30281950,14
channel-412,64524,30281943,30281954,11
channel-85077,59918,30281945,30281953,8
channel-85077,59919,30281950,30281959,9
channel-85077,59920,30281953,30281963,10
channel-6994,1324166,30281953,30281966,13
channel-85077,59921,30281954,30281971,17
channel-6994,1324167,30281956,30281966,10
channel-122,667908,30281963,30281966,3
channel-0,4037992,30281963,30281968,5
channel-85077,59922,30281969,30281975,6
channel-85077,59923,30281975,30281985,10
channel-85077,59924,30281977,30281987,10
channel-326,537753,30282000,30282024,24
channel-85077,59925,30282014,30282024,10
channel-6994,1324168,30282018,30282029,11
channel-85077,59926,30282022,30282035,13
channel-0,4037993,30282026,30282035,9
channel-115,20369,30282026,30282036,10
channel-2716,2664,30282027,30282042,15
channel-2494,31907,30282032,30282042,10
channel-85077,59927,30282033,30282043,10
channel-750,682324,30282035,30282039,4
channel-122,667909,30282036,30282040,4
channel-85077,59928,30282040,30282060,20
channel-2494,31908,30282043,30282059,16
channel-85077,59929,30282044,30282055,11
channel-38946,124118,30282046,30282072,26
channel-2494,31909,30282048,30282059,11
channel-6994,1324169,30282050,30282066,16
channel-2,130613,30282050,30282063,13
channel-85077,59930,30282058,30282064,6
channel-2494,31910,30282062,30282072,10
channel-750,682325,30282064,30282084,20
channel-750,682326,30282065,30282071,6
channel-199,132701,30282066,30282076,10
channel-122,667910,30282072,30282076,4
channel-85077,59931,30282073,30282085,12
channel-85077,59932,30282076,30282099,23
channel-750,682327,30282079,30282084,5
channel-0,4037994,30282086,30282099,13
channel-85077,59933,30282086,30282096,10
channel-0,4037995,30282087,30282099,12
channel-38946,124119,30282093,30282106,13
channel-85077,59934,30282100,30282107,7
channel-750,682328,30282101,30282106,5
channel-0,4037996,30282119,30282130,11
channel-0,4037997,30282122,30282131,9
channel-85077,59935,30282126,30282140,14
channel-750,682329,30282126,30282145,19
channel-750,682330,30282129,30282145,16
channel-750,682331,30282129,30282145,16
channel-38946,124120,30282130,30282146,16
channel-38946,124121,30282133,30282146,13
channel-216,94195,30282134,30282187,53
channel-750,682332,30282137,30282152,15
channel-2494,31911,30282139,30282148,9
channel-326,537754,30282139,30282145,6
channel-85077,59936,30282140,30282151,11
channel-326,537755,30282149,30282170,21
channel-750,682333,30282150,30282160,10
channel-85077,59937,30282155,30282162,7
channel-122,667911,30282158,30282160,2
channel-326,537756,30282160,30282169,9
channel-85077,59938,30282160,30282171,11
channel-75,844958,30282162,30282169,7
channel-1,408310,30282173,30282185,12
channel-750,682334,30282175,30282182,7
channel-85077,59939,30282178,30282188,10
channel-38946,124122,30282181,30282232,51
channel-75,844959,30282182,30282191,9
channel-38946,124123,30282182,30282214,32
channel-122,667912,30282183,30282187,4
channel-782,310152,30282184,30282189,5
channel-6994,1324170,30282185,30282197,12
channel-0,4037998,30282186,30282199,13
channel-38946,124124,30282191,30282218,27
channel-216,94196,30282193,30282253,60
channel-208,1489889,30282193,30282208,15
channel-750,682335,30282196,30282206,10
channel-0,4037999,30282202,30282211,9
channel-122,667913,30282204,30282210,6
channel-0,4038000,30282211,30282220,9
channel-2,130614,30282216,30282225,9
channel-476,11799,30282228,30282238,10
channel-85077,59940,30282229,30282238,9
channel-85077,59941,30282231,30282244,13
channel-72,516418,30282234,30282276,42
channel-85077,59942,30282236,30282248,12
channel-0,4038001,30282239,30282248,9
channel-85077,59943,30282244,30282251,7
channel-0,4038002,30282246,30282256,10
channel-75,844960,30282249,30282258,9
channel-85077,59944,30282251,30282262,11
channel-6994,1324171,30282260,30282269,9
channel-75755,5540,30282262,30282275,13
channel-0,4038003,30282262,30282273,11
channel-208,1489890,30282263,30282272,9
channel-38946,124125,30282265,30282274,9
channel-208,1489891,30282269,30282282,13
channel-85077,59945,30282280,30282290,10
channel-6994,1324172,30282283,30282296,13
channel-0,4038004,30282284,30282295,11
channel-75,844961,30282300,30282310,10
channel-38946,124126,30282302,30282311,9
channel-0,4038005,30282317,30282349,32
channel-6994,1324173,30282325,30282341,16
channel-783,104222,30282330,30282337,7
channel-0,4038006,30282342,30282372,30
channel-750,682336,30282344,30282357,13
channel-85077,59946,30282348,30282359,11
channel-85077,59947,30282349,30282359,10
channel-208,1489892,30282352,30282361,9
channel-0,4038007,30282353,30282364,11
channel-85077,59948,30282362,30282370,8
channel-0,4038008,30282366,30282377,11
channel-326,537757,30282367,30282373,6
channel-4,166895,30282371,30282383,12
channel-0,4038009,30282373,30282402,29
channel-85077,59949,30282376,30282388,12
channel-0,4038010,30282376,30282387,11
channel-6994,1324174,30282376,30282387,11
channel-0,4038011,30282378,30282402,24
channel-208,1489893,30282380,30282389,9
channel-750,682337,30282380,30282389,9
channel-85077,59950,30282380,30282389,9
channel-6994,1324175,30282389,30282400,11
channel-0,4038012,30282406,30282415,9
channel-4,166896,30282410,30282450,40
channel-85077,59951,30282415,30282423,8
channel-85077,59952,30282416,30282423,7
channel-85077,59953,30282417,30282430,13
channel-208,1489894,30282418,30282434,16
channel-0,4038013,30282418,30282443,25
channel-208,1489895,30282418,30282434,16
channel-750,682338,30282422,30282427,5
channel-85077,59954,30282422,30282458,36
channel-85077,59955,30282423,30282433,10
channel-750,682339,30282429,30282434,5
channel-216,94197,30282430,30282511,81
channel-85077,59956,30282432,30282442,10
channel-85077,59957,30282438,30282458,20
channel-6994,1324176,30282445,30282455,10
channel-38946,124127,30282446,30282463,17
channel-85077,59958,30282454,30282468,14
channel-85077,59959,30282454,30282468,14
channel-6994,1324177,30282458,30282469,11
channel-326,537758,30282461,30282466,5
channel-326,537759,30282462,30282468,6
channel-85077,59960,30282470,30282488,18
channel-85077,59961,30282472,30282481,9
channel-85077,59962,30282473,30282485,12
channel-85077,59963,30282480,30282488,8
channel-750,682340,30282482,30282491,9
channel-75,844962,30282483,30282489,6
channel-750,682341,30282484,30282488,4
channel-326,537760,30282485,30282494,9
channel-750,682342,30282485,30282497,12
channel-85077,59964,30282486,30282495,9
channel-229,55010,30282491,30282501,10
channel-6994,1324178,30282497,30282507,10
channel-6994,1324179,30282498,30282507,9
channel-85077,59965,30282504,30282514,10
channel-85077,59966,30282506,30282516,10
channel-326,537761,30282510,30282515,5
channel-89298,18643,30282522,30282534,12
channel-115,20370,30282522,30282531,9
channel-4,166897,30282527,30282544,17
channel-122,667914,30282535,30282539,4
channel-122,667915,30282536,30282540,4
channel-0,4038014,30282540,30282550,10
channel-208,1489896,30282540,30282554,14
channel-85077,59967,30282544,30282551,7
channel-259,314249,30282562,30282567,5
channel-77,50258,30282576,30282585,9
channel-6994,1324180,30282582,30282593,11
channel-750,682343,30282585,30282610,25
channel-0,4038015,30282586,30282596,10
channel-750,682344,30282586,30282599,13
channel-0,4038016,30282588,30282610,22
channel-87,182893,30282589,30282604,15
channel-122,667916,30282589,30282593,4
channel-5,184277,30282593,30282603,10
channel-208,1489897,30282593,30282606,13
channel-6994,1324181,30282602,30282612,10
channel-184,137409,30282603,30282616,13
channel-6994,1324182,30282610,30282623,13
channel-0,4038017,30282612,30282628,16
channel-0,4038018,30282612,30282628,16
channel-750,682345,30282612,30282622,10
channel-259,314250,30282612,30282618,6
channel-77,50259,30282616,30282625,9
channel-6994,1324183,30282622,30282634,12
channel-85077,59968,30282625,30282650,25
channel-0,4038019,30282628,30282643,15
channel-6994,1324184,30282631,30282646,15
channel-208,1489898,30282633,30282646,13
channel-72,516419,30282636,30282664,28
channel-85077,59969,30282638,30282650,12
channel-85077,59970,30282642,30282673,31
channel-2188,43602,30282644,30282649,5
channel-6994,1324185,30282651,30282661,10
channel-122,667917,30282651,30282654,3
channel-6994,1324186,30282652,30282661,9
channel-750,682346,30282659,30282663,4
channel-75,844963,30282661,30282670,9
channel-750,682347,30282661,30282675,14
channel-259,314251,30282668,30282674,6
channel-208,1489899,30282673,30282683,10
channel-0,4038020,30282683,30282694,11
channel-6994,1324187,30282694,30282710,16
channel-750,682348,30282698,30282702,4
channel-750,682349,30282703,30282708,5
channel-750,682350,30282704,30282709,5
channel-0,4038021,30282704,30282718,14
channel-85077,59971,30282704,30282776,72
channel-208,1489900,30282706,30282720,14
channel-75,844964,30282708,30282715,7
channel-216,94198,30282709,30282770,61
channel-122,667918,30282713,30282717,4
channel-6994,1324188,30282733,30282743,10
channel-5,184278,30282733,30282741,8
channel-77,50260,30282733,30282744,11
channel-89321,19395,30282746,30282757,11
channel-75,844965,30282753,30282761,8
channel-208,1489901,30282754,30282765,11
channel-750,682351,30282757,30282763,6
channel-6994,1324189,30282776,30282786,10
channel-122,667919,30282778,30282782,4
channel-1,408311,30282778,30282799,21
channel-1429,140699,30282782,30282793,11
channel-874,292830,30282796,30282801,5
channel-6994,1324190,30282797,30282809,12
channel-6994,1324191,30282808,30282823,15
channel-0,4038022,30282812,30282819,7
channel-750,682352,30282815,30282821,6
channel-75,844966,30282827,30282836,9
channel-326,537762,30282827,30282834,7
channel-0,4038023,30282838,30282848,10
channel-6994,1324192,30282841,30282851,10
channel-0,4038024,30282849,30282856,7
channel-6994,1324193,30282853,30282866,13
channel-4,166898,30282855,30282867,12
channel-412,64525,30282859,30282870,11
channel-6994,1324194,30282862,30282871,9
channel-0,4038025,30282865,30282874,9
channel-113,301316,30282879,30282929,50
channel-0,4038026,30282880,30282888,8
channel-750,682353,30282882,30282897,15
channel-874,292831,30282885,30282890,5
channel-89321,19396,30282886,30282896,10
channel-85077,59972,30282895,30282904,9
channel-6994,1324195,30282898,30282909,11
channel-85077,59973,30282911,30282924,13
channel-0,4038027,30282916,30282925,9
channel-0,4038028,30282927,30282940,13
channel-0,4038029,30282941,30282961,20
channel-42,1489978,30282945,30282955,10
channel-98451,29,30282950,30282966,16
channel-522,40431,30282958,30282970,12
channel-750,682354,30282958,30282965,7
channel-85077,59974,30282966,30282983,17
channel-88,467094,30282996,30283011,15
channel-874,292832,30282997,30283004,7
channel-38946,124128,30283003,30283015,12
channel-122,667920,30283005,30283010,5
channel-199,132702,30283023,30283034,11
channel-122,667921,30283033,30283037,4
channel-6994,1324196,30283037,30283049,12
channel-0,4038030,30283044,30283055,11
channel-199,132703,30283045,30283060,15
channel-85077,59975,30283045,30283059,14
channel-412,64526,30283060,30283070,10
channel-122,667922,30283060,30283064,4
channel-6994,1324197,30283061,30283076,15
channel-208,1489902,30283063,30283073,10
channel-782,310153,30283064,30283073,9
channel-0,4038031,30283089,30283098,9
channel-165,71438,30283091,30283106,15
channel-750,682355,30283105,30283111,6
channel-6994,1324198,30283110,30283119,9
channel-38946,124129,30283112,30283121,9
channel-38946,124130,30283115,30283134,19
channel-750,682356,30283118,30283135,17
channel-89321,19397,30283134,30283144,10
channel-0,4038032,30283138,30283145,7
channel-750,682357,30283140,30283149,9
channel-89321,19398,30283141,30283154,13
channel-89321,19399,30283144,30283154,10
channel-122,667923,30283149,30283153,4
channel-216,94199,30283150,30283279,129
channel-750,682358,30283156,30283161,5
channel-122,667924,30283160,30283164,4
channel-204,670784,30283161,30283169,8
channel-89321,19400,30283169,30283179,10
channel-38946,124131,30283175,30283190,15
channel-0,4038033,30283178,30283191,13
channel-874,292833,30283188,30283193,5
channel-208,1489903,30283190,30283198,8
channel-122,667925,30283191,30283195,4
channel-750,682359,30283192,30283196,4
channel-8,43456,30283199,30283225,26
channel-1,408312,30283202,30283224,22
channel-782,310154,30283214,30283223,9
channel-89321,19401,30283220,30283247,27
channel-165,71439,30283226,30283269,43
channel-208,1489904,30283235,30283247,12
channel-6994,1324199,30283240,30283254,14
channel-208,1489905,30283241,30283251,10
channel-0,4038034,30283242,30283248,6
channel-251,85190,30283244,30283256,12
channel-89321,19402,30283244,30283250,6
channel-750,682360,30283245,30283250,5
channel-6994,1324200,30283247,30283257,10
channel-38946,124132,30283262,30283289,27
channel-8945,17744,30283267,30283278,11
channel-0,4038035,30283270,30283279,9
channel-208,1489906,30283271,30283280,9
channel-6994,1324201,30283275,30283286,11
channel-6994,1324202,30283281,30283290,9
channel-259,314252,30283282,30283288,6
channel-208,1489907,30283283,30283291,8
channel-89321,19403,30283287,30283298,11
channel-750,682361,30283287,30283302,15
channel-1,408313,30283288,30283337,49
channel-782,310155,30283288,30283297,9
channel-1429,140700,30283302,30283313,11
channel-122,667926,30283307,30283310,3
channel-208,1489908,30283314,30283324,10
channel-1,408314,30283316,30283338,22
channel-251,85191,30283326,30283333,7
channel-0,4038036,30283333,30283345,12
channel-208,1489909,30283343,30283356,13
channel-6994,1324203,30283351,30283364,13
channel-750,682362,30283354,30283369,15
channel-0,4038037,30283362,30283373,11
channel-750,682363,30283364,30283369,5
channel-412,64527,30283373,30283380,7
channel-38946,124133,30283382,30283392,10
channel-75,844967,30283387,30283394,7
channel-750,682364,30283403,30283417,14
channel-874,292834,30283406,30283412,6
channel-143,128307,30283408,30283420,12
channel-750,682365,30283412,30283417,5
channel-2494,31912,30283414,30283423,9
channel-85077,59976,30283424,30283435,11
channel-6994,1324204,30283435,30283445,10
channel-6994,1324205,30283458,30283468,10
channel-0,4038038,30283459,30283472,13
channel-0,4038039,30283466,30283491,25
channel-6994,1324206,30283476,30283488,12
channel-85077,59977,30283476,30283490,14
channel-2494,31913,30283478,30283488,10
channel-6994,1324207,30283479,30283492,13
channel-0,4038040,30283481,30283491,10
channel-6994,1324208,30283482,30283492,10
channel-782,310156,30283482,30283489,7
channel-89321,19404,30283485,30283493,8
channel-2,130615,30283493,30283504,11
channel-0,4038041,30283497,30283507,10
channel-98451,30,30283501,30283516,15
channel-88,467095,30283515,30283528,13
channel-85077,59978,30283518,30283544,26
channel-85077,59979,30283522,30283538,16
channel-750,682366,30283526,30283537,11
channel-6994,1324209,30283526,30283538,12
channel-0,4038042,30283542,30283553,11
channel-0,4038043,30283551,30283562,11
channel-5,184279,30283551,30283561,10
channel-6994,1324210,30283560,30283570,10
channel-251,85192,30283564,30283574,10
channel-89321,19405,30283572,30283599,27
channel-148,16084,30283572,30283579,7
channel-750,682367,30283579,30283586,7
channel-5,184280,30283582,30283617,35
channel-750,682368,30283585,30283598,13
channel-38946,124134,30283585,30283599,14
channel-0,4038044,30283609,30283620,11
channel-750,682369,30283617,30283621,4
channel-6994,1324211,30283618,30283631,13
channel-750,682370,30283624,30283630,6
channel-208,1489910,30283624,30283633,9
channel-6994,1324212,30283643,30283653,10
channel-2,130616,30283651,30283663,12
channel-326,537763,30283664,30283675,11
channel-143,128308,30283665,30283673,8
channel-6787,166676,30283666,30283670,4
channel-0,4038045,30283672,30283686,14
channel-0,4038046,30283696,30283707,11
channel-85791,3752,30283711,30283716,5
channel-0,4038047,30283712,30283720,8
channel-6994,1324213,30283715,30283724,9
channel-259,314253,30283719,30283724,5
channel-122,667927,30283734,30283738,4
channel-216,94200,30283741,30283796,55
channel-85791,3753,30283746,30283752,6
channel-216,94201,30283752,30283866,114
channel-750,682371,30283755,30283760,5
channel-259,314254,30283771,30283777,6
channel-0,4038048,30283777,30283788,11
channel-85791,3754,30283778,30283786,8
channel-89321,19406,30283779,30283814,35
channel-0,4038049,30283784,30283807,23
channel-143,128309,30283786,30283797,11
channel-216,94202,30283804,30283895,91
channel-108,39846,30283811,30283838,27
channel-0,4038050,30283814,30283826,12
channel-0,4038051,30283814,30283837,23
channel-4,166899,30283822,30283858,36
channel-251,85193,30283826,30283844,18
channel-0,4038052,30283828,30283837,9
channel-6994,1324214,30283828,30283838,10
channel-0,4038053,30283832,30283840,8
channel-188,190547,30283835,30283857,22
channel-216,94203,30283836,30283921,85
channel-208,1489911,30283838,30283850,12
channel-251,85194,30283843,30283853,10
channel-208,1489912,30283847,30283860,13
channel-42,1489979,30283851,30283860,9
channel-122,667928,30283853,30283862,9
channel-122,667929,30283861,30283865,4
channel-85791,3755,30283866,30283872,6
channel-750,682372,30283873,30283876,3
channel-75,844968,30283875,30283886,11
channel-85077,59980,30283882,30283891,9
channel-2,130617,30283896,30283909,13
channel-204,670785,30283901,30283909,8
channel-6994,1324215,30283906,30283915,9
channel-0,4038054,30283912,30283918,6
channel-204,670786,30283914,30283919,5
channel-6994,1324216,30283914,30283923,9
channel-216,94204,30283923,30284072,149
channel-750,682373,30283942,30283951,9
channel-2,130618,30283954,30283964,10
channel-122,667930,30283961,30283966,5
channel-98451,31,30283962,30283982,20
channel-42,1489980,30283973,30283981,8
channel-89298,18644,30283975,30283985,10
channel-6994,1324217,30283985,30283997,12
channel-782,310157,30283986,30283993,7
channel-208,1489913,30283987,30284001,14
channel-73755,5831,30283990,30283998,8
channel-750,682374,30283996,30284000,4
channel-6994,1324218,30284012,30284026,14
channel-208,1489914,30284016,30284029,13
channel-85077,59981,30284021,30284029,8
channel-75,844969,30284025,30284033,8
channel-89298,18645,30284033,30284041,8
channel-85077,59982,30284037,30284051,14
channel-259,314255,30284039,30284045,6
channel-782,310158,30284040,30284048,8
channel-208,1489915,30284041,30284051,10
channel-6994,1324219,30284045,30284053,8
channel-75,844970,30284051,30284058,7
channel-0,4038055,30284054,30284063,9
channel-750,682375,30284057,30284070,13
channel-19774,345855,30284060,30284067,7
channel-0,4038056,30284067,30284077,10
channel-782,310159,30284073,30284081,8
channel-0,4038057,30284085,30284095,10
channel-782,310160,30284086,30284092,6
channel-750,682376,30284088,30284097,9
channel-6994,1324220,30284090,30284102,12
channel-208,1489916,30284099,30284109,10
channel-6994,1324221,30284100,30284110,10
channel-6994,1324222,30284115,30284130,15
channel-208,1489917,30284119,30284131,12
channel-88,467096,30284120,30284140,20
channel-782,310161,30284136,30284144,8
channel-6994,1324223,30284137,30284150,13
channel-208,1489918,30284142,30284155,13
channel-6994,1324224,30284143,30284154,11
channel-199,132704,30284150,30284159,9
channel-782,310162,30284150,30284157,7
channel-750,682377,30284155,30284162,7
channel-188,190548,30284157,30284166,9
channel-412,64528,30284157,30284170,13
channel-6994,1324225,30284168,30284179,11
channel-208,1489919,30284169,30284180,11
channel-874,292835,30284177,30284190,13
channel-782,310163,30284188,30284196,8
channel-782,310164,30284190,30284200,10
channel-38946,124135,30284190,30284203,13
channel-782,310165,30284195,30284202,7
channel-143,128310,30284201,30284210,9
channel-75,844971,30284204,30284213,9
channel-85791,3756,30284214,30284220,6
channel-6994,1324226,30284217,30284228,11
channel-6994,1324227,30284219,30284228,9
channel-6994,1324228,30284226,30284239,13
channel-199,132705,30284227,30284240,13
channel-1429,140701,30284233,30284241,8
channel-122,667931,30284235,30284239,4
channel-1429,140702,30284237,30284246,9
channel-88,467097,30284237,30284248,11
channel-0,4038058,30284238,30284245,7
channel-782,310166,30284240,30284247,7
channel-6994,1324229,30284241,30284250,9
channel-6994,1324230,30284241,30284250,9
channel-6994,1324231,30284256,30284267,11
channel-199,132706,30284258,30284265,7
channel-208,1489920,30284264,30284274,10
channel-320,119184,30284265,30284301,36
channel-0,4038059,30284271,30284284,13
channel-38946,124136,30284273,30284285,12
channel-75,844972,30284277,30284285,8
channel-4,166900,30284282,30284301,19
channel-4,166901,30284285,30284301,16
channel-38946,124137,30284287,30284303,16
channel-115,20371,30284293,30284304,11
channel-199,132707,30284295,30284305,10
channel-320,119185,30284303,30284357,54
channel-4,166902,30284304,30284314,10
channel-2188,43603,30284312,30284317,5
channel-874,292836,30284324,30284330,6
channel-38946,124138,30284326,30284341,15
channel-4,166903,30284338,30284348,10
channel-4,166904,30284342,30284353,11
channel-2,130619,30284344,30284355,11
channel-750,682378,30284346,30284351,5
channel-4,166905,30284364,30284395,31
channel-4,166906,30284367,30284377,10
channel-0,4038060,30284378,30284388,10
channel-4,166907,30284379,30284390,11
channel-4,166908,30284380,30284390,10
channel-750,682379,30284381,30284387,6
channel-19774,345856,30284383,30284395,12
channel-4,166909,30284388,30284400,12
channel-4,166910,30284392,30284405,13
channel-750,682380,30284405,30284410,5
channel-4,166911,30284405,30284413,8
channel-4,166912,30284410,30284423,13
channel-5,184281,30284423,30284432,9
channel-4,166913,30284423,30284455,32
channel-19774,345857,30284429,30284442,13
channel-208,1489921,30284429,30284442,13
channel-0,4038061,30284434,30284443,9
channel-4,166914,30284434,30284466,32
channel-4,166915,30284435,30284460,25
channel-6994,1324232,30284441,30284450,9
channel-0,4038062,30284449,30284480,31
channel-204,670787,30284451,30304991,20540
channel-4,166916,30284451,30284482,31
channel-19774,345858,30284452,30284462,10
channel-4,166917,30284452,30284482,30
channel-38946,124139,30284454,30284463,9
channel-4,166918,30284459,30284482,23
channel-21113,25311,30284466,30284473,7
channel-1,408315,30284467,30284488,21
channel-75,844973,30284473,30284482,9
channel-0,4038063,30284495,30284509,14
channel-750,682381,30284497,30284501,4
channel-259,314256,30284517,30284524,7
channel-208,1489922,30284523,30284536,13
channel-122,667932,30284523,30284526,3
channel-85077,59983,30284527,30284537,10
channel-89321,19407,30284534,30284546,12
channel-5,184282,30284562,30284572,10
channel-6994,1324233,30284565,30284579,14
channel-326,537764,30284578,30284586,8
channel-750,682382,30284582,30284586,4
channel-6994,1324234,30284583,30284594,11
channel-89298,18646,30284584,30284591,7
channel-21113,25312,30284585,30284592,7
channel-144,86682,30284602,30284613,11
channel-0,4038064,30284617,30284629,12
channel-19774,345859,30284618,30284633,15
channel-0,4038065,30284620,30284629,9
channel-4,166919,30284621,30284631,10
channel-208,1489923,30284625,30284639,14
channel-91017,2802,30284643,30284654,11
channel-85077,59984,30284643,30284652,9
channel-750,682383,30284649,30284661,12
channel-340,3177,30284650,30284660,10
channel-85077,59985,30284652,30284661,9
channel-98451,32,30284658,30284666,8
channel-4,166920,30284663,30284672,9
channel-89298,18647,30284666,30284674,8
channel-87,182894,30284676,30284702,26
channel-122,667933,30284682,30284687,5
channel-122,667934,30284682,30284687,5
channel-89298,18648,30284686,30284695,9
channel-4,166921,30284687,30284703,16
channel-4,166922,30284688,30284703,15
channel-85077,59986,30284692,30284710,18
channel-0,4038066,30284692,30284701,9
channel-208,1489924,30284697,30284710,13
channel-4,166923,30284713,30284740,27
channel-0,4038067,30284713,30284751,38
channel-6994,1324235,30284728,30284739,11
channel-4,166924,30284736,30284759,23
channel-251,85195,30284736,30284749,13
channel-412,64529,30284739,30284752,13
channel-4,166925,30284740,30284773,33
channel-251,85196,30284747,30284758,11
channel-122,667935,30284749,30284753,4
channel-85077,59987,30284751,30284760,9
channel-89298,18649,30284751,30284761,10
channel-4,166926,30284757,30284797,40
channel-4,166927,30284762,30284826,64
channel-122,667936,30284762,30284767,5
channel-98451,33,30284763,30284789,26
channel-85077,59988,30284767,30284776,9
channel-4,166928,30284769,30284843,74
channel-79703,4423,30284785,30284799,14
channel-4,166929,30284787,30284856,69
channel-75,844974,30284801,30284807,6
channel-75,844975,30284801,30284807,6
channel-85077,59989,30284808,30284818,10
channel-750,682384,30284811,30284833,22
channel-4,166930,30284813,30284871,58
channel-0,4038068,30284818,30284831,13
channel-0,4038069,30284828,30284840,12
channel-4,166931,30284830,30284866,36
channel-522,40432,30284834,30284845,11
channel-326,537765,30284838,30284842,4
channel-4,166932,30284839,30284861,22
channel-0,4038070,30284846,30284855,9
channel-0,4038071,30284851,30284860,9
channel-522,40433,30284860,30284872,12
channel-216,94207,30284872,30284954,82
channel-38946,124140,30284878,30284890,12
channel-122,667937,30284883,30284893,10
channel-2188,43604,30284888,30284892,4
channel-0,4038072,30284890,30284900,10
channel-75,844976,30284909,30284917,8
channel-0,4038073,30284912,30284922,10
channel-0,4038074,30284914,30284922,8
channel-216,94208,30284917,30284983,66
channel-91017,2803,30284927,30284936,9
channel-208,1489925,30284928,30284942,14
channel-39535,10293,30284931,30285007,76
channel-208,1489926,30284933,30284945,12
channel-122,667938,30284936,30284940,4
channel-85077,59990,30284938,30284947,9
channel-750,682385,30284963,30284983,20
channel-89321,19408,30284966,30284975,9
channel-259,314257,30284970,30284975,5
channel-6994,1324236,30284976,30284989,13
channel-75,844977,30284978,30284985,7
channel-0,4038075,30284979,30285009,30
channel-85077,59991,30284981,30284990,9
channel-0,4038076,30284982,30284991,9
channel-326,537766,30284982,30284989,7
channel-1,408316,30284986,30285014,28
channel-1,408317,30285011,30285055,44
channel-89321,19409,30285015,30285026,11
channel-259,314258,30285015,30285020,5
channel-208,1489927,30285016,30285029,13
channel-1429,140703,30285018,30285027,9
channel-6787,166677,30285022,30285027,5
channel-1,408318,30285022,30285056,34
channel-750,682386,30285024,30285034,10
channel-412,64530,30285034,30285047,13
channel-0,4038077,30285049,30285062,13
channel-251,85197,30285058,30285070,12
channel-0,4038078,30285068,30285074,6
channel-750,682387,30285072,30285083,11
channel-1,408319,30285091,30285150,59
channel-89321,19410,30285092,30285103,11
channel-91017,2804,30285096,30285104,8
channel-750,682388,30285098,30285108,10
channel-85077,59992,30285102,30285108,6
channel-782,310167,30285103,30285108,5
channel-85077,59993,30285104,30285120,16
channel-259,314259,30285104,30285108,4
channel-0,4038079,30285104,30285114,10
channel-89321,19411,30285108,30285117,9
channel-874,292837,30285108,30285123,15
channel-122,667939,30285108,30285112,4
channel-0,4038080,30285115,30285128,13
channel-85077,59994,30285127,30285138,11
channel-85077,59995,30285133,30285141,8
channel-85077,59996,30285133,30285141,8
channel-208,1489928,30285141,30285152,11
channel-750,682389,30285151,30285170,19
channel-85077,59997,30285173,30285182,9
channel-89321,19412,30285188,30285193,5
channel-0,4038081,30285191,30285201,10
channel-19774,345860,30285193,30285208,15
channel-0,4038082,30285202,30285213,11
channel-89321,19413,30285213,30285221,8
channel-208,1489929,30285222,30285234,12
channel-6994,1324237,30285222,30285237,15
channel-188,190549,30285226,30285247,21
channel-750,682390,30285239,30285267,28
channel-232,49194,30285255,30285266,11
channel-6994,1324238,30285262,30285274,12
channel-85077,59998,30285264,30285274,10
channel-6994,1324239,30285265,30285274,9
channel-208,1489930,30285268,30285277,9
channel-1,408320,30285268,30285294,26
channel-0,4038083,30285271,30285280,9
channel-38946,124141,30285272,30285372,100
channel-1,408321,30285278,30285294,16
channel-85077,59999,30285283,30285294,11
channel-85077,60000,30285293,30285302,9
channel-208,1489931,30285300,30285309,9
channel-1,408322,30285304,30285333,29
channel-208,1489932,30285310,30285322,12
channel-0,4038084,30285310,30285324,14
channel-750,682391,30285318,30285336,18
channel-750,682392,30285324,30285335,11
channel-122,667940,30285328,30285332,4
channel-85077,60001,30285332,30285343,11
channel-6994,1324240,30285333,30285347,14
channel-122,667941,30285335,30285339,4
channel-750,682393,30285343,30285348,5
channel-122,667942,30285344,30285348,4
channel-874,292838,30285350,30285358,8
channel-0,4038085,30285353,30285362,9
channel-85077,60002,30285359,30285365,6
channel-38946,124142,30285361,30285372,11
channel-0,4038086,30285362,30285375,13
channel-783,104223,30285362,30285368,6
channel-412,64531,30285377,30285389,12
channel-0,4038087,30285391,30285396,5
channel-259,314260,30285405,30285410,5
channel-208,1489933,30285406,30285416,10
channel-85077,60003,30285410,30285449,39
channel-85077,60004,30285410,30285449,39
channel-750,682394,30285415,30285446,31
channel-115,20372,30285426,30285438,12
channel-42,1489981,30285437,30285446,9
channel-75,844978,30285442,30285449,7
channel-79703,4424,30285443,30285455,12
channel-874,292839,30285448,30285455,7
channel-874,292840,30285450,30285469,19
channel-188,190550,30285453,30285480,27
channel-89321,19414,30285455,30285478,23
channel-208,1489934,30285459,30285468,9
channel-750,682395,30285462,30285480,18
channel-2188,43605,30285465,30285469,4
channel-85077,60005,30285468,30285479,11
channel-2,130620,30285473,30285488,15
channel-750,682396,30285477,30285486,9
channel-412,64532,30285480,30285494,14
channel-188,190551,30285483,30285503,20
channel-42,1489982,30285486,30285497,11
channel-144,86683,30285488,30285498,10
channel-1,408323,30285489,30285500,11
channel-89321,19415,30285490,30285515,25
channel-750,682397,30285491,30285496,5
channel-2188,43606,30285495,30285499,4
channel-750,682398,30285496,30285500,4
channel-874,292841,30285496,30285505,9
channel-42,1489983,30285500,30285513,13
channel-21113,25313,30285503,30285510,7
channel-750,682399,30285506,30285522,16
channel-0,4038088,30285507,30285516,9
channel-85077,60006,30285510,30285519,9
channel-77,50261,30285510,30285518,8
channel-874,292842,30285512,30285518,6
channel-0,4038089,30285514,30285534,20
channel-188,190552,30285515,30285537,22
channel-0,4038090,30285516,30285540,24
channel-2186,40772,30285516,30285541,25
channel-259,314261,30285518,30285523,5
channel-412,64533,30285519,30285532,13
channel-259,314262,30285520,30285526,6
channel-0,4038091,30285522,30285540,18
channel-750,682400,30285529,30285534,5
channel-91017,2805,30285531,30285539,8
channel-326,537767,30285532,30285558,26
channel-6994,1324241,30285532,30285541,9
channel-874,292843,30285534,30285538,4
channel-208,1489935,30285537,30285545,8
channel-4,166933,30285537,30285553,16
channel-0,4038092,30285537,30285547,10
channel-19774,345861,30285539,30285545,6
channel-0,4038093,30285539,30285547,8
channel-750,682401,30285543,30285553,10
channel-0,4038094,30285545,30285568,23
channel-874,292844,30285545,30285550,5
channel-0,4038095,30285545,30285572,27
channel-42,1489984,30285547,30285552,5
channel-0,4038096,30285549,30285568,19
channel-188,190553,30285549,30285619,70
channel-874,292845,30285550,30285555,5
channel-19774,345862,30285552,30285559,7
channel-1429,140704,30285553,30285564,11
channel-85791,3757,30285553,30285559,6
channel-259,314263,30285553,30285560,7
channel-19774,345863,30285555,30285564,9
channel-82,18950,30285555,30285581,26
channel-75,844979,30285555,30285562,7
channel-0,4038097,30285558,30285568,10
channel-6994,1324242,30285559,30285584,25
channel-75016,4618,30285559,30285573,14
channel-42,1489985,30285562,30285572,10
channel-874,292846,30285562,30285572,10
channel-874,292847,30285567,30285572,5
channel-75,844980,30285567,30285574,7
channel-75755,5541,30285567,30285577,10
channel-6,66635,30285568,30285579,11
channel-750,682402,30285569,30285573,4
channel-0,4038098,30285572,30285602,30
channel-19774,345864,30285572,30285581,9
channel-783,104224,30285572,30285580,8
channel-0,4038099,30285572,30285601,29
channel-91017,2806,30285572,30285581,9
channel-208,1489936,30285572,30285582,10
channel-6994,1324243,30285573,30285584,11
channel-874,292848,30285573,30285579,6
channel-0,4038100,30285574,30285586,12
channel-6994,1324244,30285574,30285589,15
channel-259,314264,30285574,30285581,7
channel-750,682403,30285575,30285646,71
channel-89321,19416,30285575,30285603,28
channel-6994,1324245,30285579,30285604,25
channel-874,292849,30285580,30285585,5
channel-874,292850,30285582,30285601,19
channel-412,64534,30285582,30285599,17
channel-0,4038101,30285583,30285596,13
channel-0,4038102,30285584,30285604,20
channel-188,190554,30285584,30285619,35
channel-6787,166678,30285586,30285592,6
channel-19774,345865,30285587,30285601,14
channel-19774,345866,30285590,30285601,11
channel-0,4038103,30285592,30285604,12
channel-0,4038104,30285592,30285601,9
channel-6994,1324246,30285594,30285601,7
channel-0,4038105,30285597,30285610,13
channel-42,1489986,30285597,30285614,17
channel-750,682404,30285598,30285794,196
channel-874,292851,30285601,30285607,6
channel-0,4038106,30285601,30285609,8
channel-783,104225,30285601,30285607,6
channel-184,137410,30285603,30285617,14
channel-208,1489937,30285604,30285614,10
channel-750,682405,30285608,30285794,186
channel-2188,43607,30285610,30285615,5
channel-87,182895,30285610,30285679,69
channel-874,292852,30285611,30285623,12
channel-208,1489938,30285612,30285621,9
channel-0,4038107,30285613,30285623,10
channel-199,132708,30285614,30285635,21
channel-19774,345867,30285614,30285621,7
channel-874,292853,30285615,30285623,8
channel-91017,2807,30285616,30285623,7
channel-19774,345868,30285616,30285624,8
channel-188,190555,30285618,30285659,41
channel-0,4038108,30285618,30285624,6
channel-88,467098,30285619,30285629,10
channel-19774,345869,30285619,30285624,5
channel-89321,19417,30285619,30285664,45
channel-340,3178,30285621,30285630,9
channel-0,4038109,30285621,30285629,8
channel-874,292854,30285621,30285624,3
channel-85077,60007,30285622,30285628,6
channel-320,119186,30285626,30285788,162
channel-874,292855,30285626,30285634,8
channel-85077,60008,30285628,30285635,7
channel-0,4038110,30285631,30285661,30
channel-2188,43608,30285634,30285639,5
channel-0,4038111,30285634,30285661,27
channel-208,1489939,30285635,30285648,13
channel-874,292856,30285636,30285645,9
channel-6994,1324247,30285639,30285651,12
channel-412,64535,30285640,30285651,11
channel-89321,19418,30285640,30285646,6
channel-750,682406,30285640,30285656,16
channel-19774,345870,30285640,30285648,8
channel-143,128311,30285641,30285727,86
channel-19774,345871,30285642,30285652,10
channel-874,292857,30285646,30285653,7
channel-874,292858,30285647,30285653,6
channel-208,1489940,30285647,30285657,10
channel-874,292859,30285648,30285653,5
channel-143,128312,30285651,30285679,28
channel-91017,2808,30285651,30285662,11
channel-87,182896,30285656,30285737,81
channel-0,4038112,30285661,30285685,24
channel-874,292860,30285661,30285666,5
channel-208,1489941,30285662,30285670,8
channel-0,4038113,30285663,30285680,17
channel-1,408324,30285663,30285704,41
channel-750,682407,30285668,30285702,34
channel-19774,345872,30285668,30285680,12
channel-181,13586,30285669,30285678,9
channel-874,292861,30285670,30285675,5
channel-208,1489942,30285670,30285679,9
channel-208,1489943,30285679,30285688,9
channel-874,292862,30285680,30285687,7
channel-874,292863,30285682,30285687,5
channel-208,1489944,30285686,30285697,11
channel-85077,60009,30285686,30285712,26
channel-19774,345873,30285688,30285696,8
channel-874,292864,30285689,30285695,6
channel-208,1489945,30285692,30285701,9
channel-143,128313,30285694,30285893,199
channel-91017,2809,30285694,30285701,7
channel-750,682408,30285694,30285709,15
channel-2188,43609,30285695,30285700,5
channel-73,51334,30285700,30285710,10
channel-19774,345874,30285706,30285716,10
channel-0,4038114,30285709,30285733,24
channel-208,1489946,30285710,30285718,8
channel-19774,345875,30285714,30285727,13
channel-874,292865,30285721,30285737,16
channel-1575,15190,30285722,30285795,73
channel-874,292866,30285723,30285729,6
channel-874,292867,30285724,30285729,5
channel-874,292868,30285725,30285729,4
channel-874,292869,30285725,30285729,4
channel-1429,140705,30285727,30285737,10
channel-750,682409,30285727,30285731,4
channel-0,4038115,30285729,30285754,25
channel-208,1489947,30285729,30285740,11
channel-188,190556,30285730,30285797,67
channel-750,682410,30285730,30285745,15
channel-0,4038116,30285731,30285761,30
channel-75016,4619,30285731,30285768,37
channel-0,4038117,30285735,30285761,26
channel-2188,43610,30285735,30285739,4
channel-874,292870,30285737,30285743,6
channel-874,292871,30285738,30285745,7
channel-6994,1324248,30285738,30285752,14
channel-38946,124143,30285739,30285771,32
channel-0,4038118,30285740,30285771,31
channel-0,4038119,30285740,30285752,12
channel-6994,1324249,30285742,30285757,15
channel-19774,345876,30285743,30285775,32
channel-750,682411,30285745,30285770,25
channel-19774,345877,30285747,30285756,9
channel-0,4038120,30285747,30285776,29
channel-199,132709,30285748,30285760,12
channel-15464,2655,30285748,30285761,13
channel-208,1489948,30285752,30285769,17
channel-750,682412,30285754,30285783,29
channel-19774,345878,30285755,30285765,10
channel-6787,166679,30285757,30285762,5
channel-208,1489949,30285757,30285769,12
channel-874,292872,30285758,30285763,5
channel-0,4038121,30285760,30285771,11
channel-2188,43611,30285761,30285766,5
channel-188,190557,30285762,30285797,35
channel-874,292873,30285764,30285769,5
channel-874,292874,30285764,30285769,5
channel-6994,1324250,30285765,30285804,39
channel-229,55011,30285765,30285775,10
channel-326,537768,30285766,30285771,5
channel-0,4038122,30285770,30285782,12
channel-874,292875,30285771,30285779,8
channel-21113,25314,30285771,30285778,7
channel-750,682413,30285771,30285776,5
channel-750,682414,30285772,30285788,16
channel-874,292876,30285776,30285782,6
channel-874,292877,30285776,30285782,6
channel-19774,345879,30285778,30285788,10
channel-91017,2810,30285779,30285788,9
channel-5485,1712,30285779,30285788,9
channel-6994,1324251,30285780,30285791,11
channel-5,184283,30285782,30285790,8
channel-6994,1324252,30285784,30285796,12
channel-0,4038123,30285790,30285815,25
channel-0,4038124,30285790,30285803,13
channel-750,682415,30285790,30285803,13
channel-782,310168,30285795,30285801,6
channel-874,292878,30285799,30285807,8
channel-0,4038125,30285800,30285811,11
channel-199,132710,30285802,30285814,12
channel-89298,18650,30285807,30285816,9
channel-8,43457,30285809,30285840,31
channel-750,682416,30285809,30285819,10
channel-19774,345880,30285809,30285821,12
channel-874,292879,30285811,30285817,6
channel-874,292880,30285811,30285817,6
channel-750,682417,30285816,30285833,17
channel-750,682418,30285821,30285831,10
channel-19774,345881,30285823,30285835,12
channel-188,190558,30285824,30285876,52
channel-208,1489950,30285825,30285837,12
channel-19774,345882,30285828,30285844,16
channel-91017,2811,30285829,30285839,10
channel-143,128314,30285830,30285844,14
channel-216,94209,30285830,30285869,39
channel-143,128315,30285832,30285874,42
channel-19774,345883,30285833,30285844,11
channel-6994,1324253,30285833,30285865,32
channel-874,292881,30285839,30285844,5
channel-2,130621,30285841,30285852,11
channel-874,292882,30285841,30285845,4
channel-874,292883,30285846,30285861,15
channel-0,4038126,30285846,30285862,16
channel-874,292884,30285846,30285869,23
channel-208,1489951,30285846,30285859,13
channel-0,4038127,30285849,30285858,9
channel-750,682419,30285853,30285862,9
channel-19774,345884,30285855,30285864,9
channel-0,4038128,30285855,30285875,20
channel-19774,345885,30285855,30285864,9
channel-412,64536,30285856,30285870,14
channel-91017,2812,30285856,30285865,9
channel-19774,345886,30285856,30285864,8
channel-77,50262,30285856,30285864,8
channel-0,4038129,30285857,30285862,5
channel-6994,1324254,30285858,30285879,21
channel-326,537769,30285858,30285861,3
channel-6994,1324255,30285859,30285870,11
channel-0,4038130,30285859,30285879,20
channel-251,85198,30285861,30285874,13
channel-6994,1324256,30285862,30285875,13
channel-0,4038131,30285862,30285893,31
channel-188,190559,30285864,30285921,57
channel-208,1489952,30285865,30285874,9
channel-0,4038132,30285867,30285890,23
channel-6994,1324257,30285867,30285879,12
channel-75,844981,30285868,30285887,19
channel-0,4038133,30285869,30285893,24
channel-88,467099,30285869,30285918,49
channel-6994,1324258,30285869,30285879,10
channel-2186,40773,30285869,30285895,26
channel-6787,166680,30285871,30285878,7
channel-874,292885,30285872,30285892,20
channel-874,292886,30285872,30285880,8
channel-85077,60010,30285872,30285880,8
channel-0,4038134,30285874,30285884,10
channel-0,4038135,30285874,30285884,10
channel-1,408325,30285875,30285884,9
channel-874,292887,30285877,30285881,4
channel-19774,345887,30285878,30285888,10
channel-0,4038136,30285878,30285899,21
channel-874,292888,30285878,30285883,5
channel-91017,2813,30285879,30285890,11
channel-0,4038137,30285880,30285890,10
channel-0,4038138,30285880,30285899,19
channel-2188,43612,30285882,30285887,5
channel-0,4038139,30285883,30285905,22
channel-19774,345888,30285884,30285892,8
channel-6787,166681,30285885,30285890,5
channel-19774,345889,30285887,30285895,8
channel-75016,4620,30285888,30285917,29
channel-82,18951,30285888,30285900,12
channel-251,85199,30285890,30285898,8
channel-19774,345890,30285892,30285898,6
channel-412,64537,30285892,30285906,14
channel-91017,2814,30285893,30285901,8
channel-75,844982,30285893,30285899,6
channel-19774,345891,30285895,30285908,13
channel-874,292889,30285895,30285902,7
channel-0,4038140,30285895,30285922,27
channel-208,1489953,30285895,30285905,10
channel-1,408326,30285895,30285905,10
channel-874,292890,30285900,30285909,9
channel-783,104226,30285900,30285908,8
channel-259,314265,30285900,30285906,6
channel-6994,1324259,30285901,30285950,49
channel-874,292891,30285902,30285909,7
channel-91017,2815,30285902,30285910,8
channel-0,4038141,30285906,30285917,11
channel-750,682420,30285911,30285928,17
channel-874,292892,30285914,30285931,17
channel-874,292893,30285914,30285921,7
channel-642,126499,30285916,30285929,13
channel-1,408327,30285916,30285965,49
channel-208,1489954,30285917,30285928,11
channel-874,292894,30285923,30285927,4
channel-0,4038142,30285926,30285943,17
channel-0,4038143,30285927,30285953,26
channel-4,166934,30285929,30286039,110
channel-492,20117,30285930,30285939,9
channel-208,1489955,30285931,30285942,11
channel-2,130622,30285931,30285942,11
channel-122,667943,30285933,30285939,6
channel-0,4038144,30285936,30285958,22
channel-6994,1324260,30285938,30285950,12
channel-750,682421,30285938,30285957,19
channel-642,126500,30285938,30285953,15
channel-188,190560,30285941,30286008,67
channel-0,4038145,30285944,30285958,14
channel-19774,345892,30285944,30285975,31
channel-208,1489956,30285946,30285958,12
channel-0,4038146,30285946,30285958,12
channel-19774,345893,30285948,30285958,10
channel-874,292895,30285949,30285959,10
channel-2188,43613,30285949,30285954,5
channel-6994,1324261,30285949,30285960,11
channel-143,128316,30285950,30286013,63
channel-1,408328,30285953,30285965,12
channel-2186,40774,30285957,30285987,30
channel-320,119187,30285962,30285980,18
channel-6994,1324262,30285963,30285975,12
channel-143,128317,30285966,30286050,84
channel-382,634,30285966,30285980,14
channel-6994,1324263,30285966,30286009,43
channel-0,4038147,30285966,30285975,9
channel-208,1489957,30285968,30285979,11
channel-874,292896,30285978,30285984,6
channel-874,292897,30285980,30285986,6
channel-874,292898,30285981,30285987,6
channel-750,682422,30285981,30285996,15
channel-750,682423,30285988,30285998,10
channel-874,292899,30285994,30286002,8
channel-2188,43614,30285995,30285998,3
channel-6994,1324264,30285998,30286009,11
channel-6994,1324265,30286000,30286033,33
channel-208,1489958,30286005,30286017,12
channel-87,182897,30286006,30286070,64
channel-874,292900,30286007,30286014,7
channel-874,292901,30286010,30286015,5
channel-750,682424,30286011,30286030,19
channel-874,292902,30286015,30286033,18
channel-208,1489959,30286015,30286026,11
channel-750,682425,30286024,30286037,13
channel-750,682426,30286026,30286036,10
channel-6994,1324266,30286028,30286067,39
channel-6994,1324267,30286028,30286038,10
channel-0,4038148,30286030,30286056,26
channel-0,4038149,30286030,30286042,12
channel-0,4038150,30286032,30286051,19
channel-82,18952,30286034,30286078,44
channel-0,4038151,30286035,30286046,11
channel-6994,1324268,30286041,30286072,31
channel-642,126501,30286042,30286054,12
channel-874,292903,30286043,30286054,11
channel-208,1489960,30286046,30286057,11
channel-874,292904,30286049,30286062,13
channel-87,182898,30286050,30286095,45
channel-122,667944,30286052,30286055,3
channel-0,4038152,30286053,30286064,11
channel-208,1489961,30286054,30286066,12
channel-122,667945,30286055,30286059,4
channel-0,4038153,30286056,30286081,25
channel-874,292905,30286057,30286062,5
channel-750,682427,30286060,30286073,13
channel-0,4038154,30286060,30286070,10
channel-320,119188,30286063,30286073,10
channel-874,292906,30286070,30286075,5
channel-0,4038155,30286072,30286095,23
channel-208,1489962,30286080,30286088,8
channel-216,94210,30286081,30286191,110
channel-79703,4425,30286081,30286095,14
channel-326,537770,30286083,30286088,5
channel-79180,3374,30286084,30286093,9
channel-750,682428,30286084,30286103,19
channel-208,1489963,30286084,30286105,21
channel-0,4038156,30286089,30286113,24
channel-874,292907,30286090,30286100,10
channel-85077,60011,30286091,30286101,10
channel-6994,1324269,30286095,30286140,45
channel-874,292908,30286099,30286109,10
channel-750,682429,30286103,30286111,8
channel-874,292909,30286106,30286110,4
channel-0,4038157,30286107,30286117,10
channel-122,667946,30286109,30286113,4
channel-0,4038158,30286110,30286122,12
channel-6994,1324270,30286118,30286131,13
channel-750,682430,30286120,30286135,15
channel-97998,53,30286122,30286132,10
channel-143,128318,30286122,30286140,18
channel-874,292910,30286122,30286128,6
channel-750,682431,30286131,30286144,13
channel-208,1489964,30286131,30286140,9
channel-143,128319,30286132,30286165,33
channel-6994,1324271,30286132,30286143,11
channel-6897,5642,30286138,30286328,190
channel-0,4038159,30286139,30286148,9
channel-0,4038160,30286140,30286148,8
channel-750,682432,30286140,30286154,14
channel-0,4038161,30286142,30286148,6
channel-0,4038162,30286144,30286153,9
channel-6994,1324272,30286144,30286154,10
channel-874,292911,30286147,30286152,5
channel-122,667947,30286147,30286152,5
channel-19774,345894,30286149,30286162,13
channel-2188,43615,30286154,30286159,5
channel-874,292912,30286154,30286164,10
channel-6994,1324273,30286157,30286217,60
channel-750,682433,30286169,30286183,14
channel-208,1489965,30286175,30286185,10
channel-6994,1324274,30286176,30286206,30
channel-6994,1324275,30286177,30286187,10
channel-188,190561,30286178,30286237,59
channel-72,516420,30286179,30286221,42
channel-122,667948,30286182,30286186,4
channel-208,1489966,30286183,30286195,12
channel-874,292913,30286185,30286192,7
channel-874,292914,30286186,30286192,6
channel-750,682434,30286198,30286203,5
channel-0,4038163,30286199,30286212,13
channel-76971,12238,30286205,30286229,24
channel-6994,1324276,30286206,30286217,11
channel-750,682435,30286206,30286222,16
channel-874,292915,30286212,30286218,6
channel-0,4038164,30286214,30286235,21
channel-874,292916,30286215,30286221,6
channel-6994,1324277,30286220,30286229,9
channel-75,844983,30286220,30286234,14
channel-874,292917,30286222,30286228,6
channel-874,292918,30286222,30286228,6
channel-750,682436,30286224,30286229,5
channel-42,1489987,30286224,30286230,6
channel-320,119189,30286229,30286239,10
channel-208,1489967,30286229,30286238,9
channel-85077,60012,30286230,30286239,9
channel-750,682437,30286231,30286245,14
channel-6994,1324278,30286233,30286274,41
channel-750,682438,30286234,30286242,8
channel-6994,1324279,30286240,30286251,11
channel-92956,195,30286241,30286253,12
channel-1424,7338,30286243,30286254,11
channel-6994,1324280,30286247,30286266,19
channel-6994,1324281,30286252,30286270,18
channel-750,682439,30286252,30286262,10
channel-2188,43616,30286262,30286267,5
channel-874,292919,30286264,30286269,5
channel-73755,5832,30286265,30286273,8
channel-0,4038165,30286266,30286277,11
channel-0,4038166,30286269,30286277,8
channel-6994,1324282,30286273,30286285,12
channel-783,104227,30286273,30286280,7
channel-85077,60013,30286275,30286285,10
channel-750,682440,30286278,30286285,7
channel-115,20373,30286278,30286291,13
channel-85077,60014,30286279,30286290,11
channel-143,128320,30286287,30286325,38
channel-2188,43617,30286290,30286295,5
channel-750,682441,30286293,30286305,12
channel-0,4038167,30286293,30286306,13
channel-6994,1324283,30286296,30286340,44
channel-750,682442,30286297,30286307,10
channel-874,292920,30286300,30286308,8
channel-208,1489968,30286305,30286314,9
channel-6994,1324284,30286310,30286320,10
channel-2188,43618,30286313,30286316,3
channel-208,1489969,30286314,30286322,8
channel-1,408329,30286316,30286333,17
channel-0,4038168,30286319,30286327,8
channel-874,292921,30286323,30286328,5
channel-85077,60015,30286326,30286340,14
channel-0,4038169,30286326,30286337,11
channel-750,682443,30286330,30286342,12
channel-2188,43619,30286335,30286339,4
channel-0,4038170,30286337,30286345,8
channel-874,292922,30286342,30286350,8
channel-85077,60016,30286344,30286354,10
channel-750,682444,30286344,30286350,6
channel-143,128321,30286348,30286373,25
channel-8945,17745,30286349,30286358,9
channel-6994,1324285,30286351,30286363,12
channel-113,301317,30286352,30286478,126
channel-1,408330,30286353,30286369,16
channel-874,292923,30286357,30286362,5
channel-2188,43620,30286359,30286364,5
channel-6994,1324286,30286362,30286402,40
channel-642,126502,30286365,30286409,44
channel-0,4038171,30286373,30286381,8
channel-6994,1324287,30286373,30286386,13
channel-85077,60017,30286373,30286392,19
channel-874,292924,30286373,30286381,8
channel-143,128322,30286374,30286402,28
channel-208,1489970,30286375,30286389,14
channel-750,682445,30286376,30286382,6
channel-2188,43621,30286379,30286384,5
channel-874,292925,30286388,30286394,6
channel-750,682446,30286390,30286395,5
channel-251,85200,30286392,30286425,33
channel-208,1489971,30286397,30286407,10
channel-208,1489972,30286400,30286407,7
channel-750,682447,30286401,30286409,8
channel-6787,166682,30286402,30286407,5
channel-85791,3758,30286408,30286414,6
channel-2188,43622,30286409,30286415,6
channel-0,4038172,30286409,30286418,9
channel-6787,166683,30286415,30286419,4
channel-113,301318,30286422,30286528,106
channel-208,1489973,30286423,30286434,11
channel-6994,1324288,30286427,30286490,63
channel-412,64538,30286430,30286474,44
channel-6994,1324289,30286430,30286439,9
channel-79703,4426,30286431,30286446,15
channel-85791,3759,30286432,30286439,7
channel-326,537771,30286433,30286450,17
channel-85077,60018,30286438,30286450,12
channel-412,64539,30286453,30286474,21
channel-412,64540,30286456,30286474,18
channel-0,4038173,30286457,30286464,7
channel-0,4038174,30286463,30286482,19
channel-251,85201,30286463,30286471,8
channel-19774,345895,30286464,30286476,12
channel-2188,43623,30286469,30286475,6
channel-2494,31914,30286475,30286487,12
channel-208,1489974,30286479,30286488,9
channel-122,667949,30286484,30286488,4
channel-259,314266,30286487,30286492,5
channel-251,85202,30286487,30286496,9
channel-2188,43624,30286489,30286494,5
channel-750,682448,30286490,30286497,7
channel-6994,1324290,30286494,30286556,62
channel-122,667950,30286498,30286502,4
channel-208,1489975,30286501,30286510,9
channel-874,292926,30286503,30286512,9
channel-2188,43625,30286514,30286518,4
channel-42,1489988,30286514,30286519,5
channel-6994,1324291,30286521,30286533,12
channel-750,682449,30286528,30286533,5
channel-143,128323,30286528,30286543,15
channel-783,104228,30286531,30286539,8
channel-0,4038175,30286532,30286544,12
channel-750,682450,30286532,30286545,13
channel-122,667951,30286532,30286536,4
channel-2188,43626,30286540,30286545,5
channel-0,4038176,30286541,30286553,12
channel-1,408331,30286545,30286580,35
channel-216,94211,30286546,30286661,115
channel-208,1489976,30286548,30286559,11
channel-750,682451,30286548,30286557,9
channel-750,682452,30286548,30286554,6
channel-6994,1324292,30286561,30286572,11
channel-750,682453,30286563,30286570,7
channel-6787,166684,30286565,30286570,5
channel-6994,1324293,30286566,30286576,10
channel-750,682454,30286567,30286574,7
channel-6994,1324294,30286569,30286617,48
channel-2188,43627,30286571,30286576,5
channel-0,4038177,30286576,30286585,9
channel-259,314267,30286577,30286584,7
channel-208,1489977,30286577,30286587,10
channel-6994,1324295,30286584,30286594,10
channel-85077,60019,30286585,30286595,10
channel-1429,140706,30286585,30286597,12
channel-21113,25315,30286591,30286597,6
channel-412,64541,30286592,30286609,17
channel-874,292927,30286593,30286603,10
channel-750,682455,30286597,30286609,12
channel-115,20374,30286598,30286609,11
channel-6994,1324296,30286599,30286613,14
channel-251,85203,30286604,30286613,9
channel-6994,1324297,30286611,30286621,10
channel-216,94212,30286615,30286754,139
channel-6994,1324298,30286617,30286630,13
channel-0,4038178,30286622,30286643,21
channel-6994,1324299,30286629,30286679,50
channel-874,292928,30286635,30286648,13
channel-750,682456,30286650,30286657,7
channel-750,682457,30286655,30286661,6
channel-412,64542,30286657,30286667,10
channel-0,4038179,30286657,30286665,8
channel-6994,1324300,30286658,30286669,11
channel-222,3833,30286661,30286670,9
channel-0,4038180,30286671,30286677,6
channel-208,1489978,30286689,30286699,10
channel-6994,1324301,30286694,30286730,36
channel-750,682458,30286695,30286705,10
channel-79703,4427,30286698,30286712,14
channel-6994,1324302,30286698,30286707,9
channel-208,1489979,30286698,30286709,11
channel-0,4038181,30286703,30286713,10
channel-188,190562,30286709,30286713,4
channel-6994,1324303,30286712,30286726,14
channel-6994,1324304,30286715,30286726,11
channel-2188,43628,30286718,30286722,4
channel-259,314268,30286734,30286740,6
channel-85077,60020,30286734,30286744,10
channel-750,682459,30286737,30286743,6
channel-2188,43629,30286741,30286747,6
channel-0,4038182,30286741,30286753,12
channel-85077,60021,30286747,30286756,9
channel-6994,1324305,30286757,30286796,39
channel-4,166935,30286759,30286772,13
channel-208,1489980,30286762,30286775,13
channel-874,292929,30286773,30286780,7
channel-79703,4428,30286777,30286792,15
channel-115,20375,30286779,30286789,10
channel-782,310169,30286783,30286793,10
channel-750,682460,30286790,30286794,4
channel-1279,67118,30286811,30286826,15
channel-122,667952,30286821,30286825,4
channel-6994,1324306,30286822,30286863,41
channel-874,292930,30286822,30286831,9
channel-38946,124144,30286826,30286839,13
channel-0,4038183,30286844,30286855,11
channel-122,667953,30286851,30286855,4
channel-874,292931,30286852,30286857,5
channel-122,667954,30286854,30286857,3
channel-122,667955,30286864,30286868,4
channel-208,1489981,30286866,30286875,9
channel-1429,140707,30286869,30286882,13
channel-88,467100,30286875,30286894,19
channel-208,1489982,30286879,30286889,10
channel-6994,1324307,30286884,30286925,41
channel-85077,60022,30286890,30286902,12
channel-85077,60023,30286904,30286912,8
channel-115,20376,30286906,30286916,10
channel-208,1489983,30286915,30286925,10
channel-874,292932,30286920,30286927,7
channel-122,667956,30286927,30286930,3
channel-144,86684,30286930,30286943,13
channel-85077,60024,30286946,30286956,10
channel-6994,1324308,30286948,30286986,38
channel-113,301319,30286955,30286986,31
channel-0,4038184,30286964,30286972,8
channel-89321,19419,30286965,30286971,6
channel-6994,1324309,30286967,30286982,15
channel-6994,1324310,30286979,30286990,11
channel-6994,1324311,30286982,30286995,13
channel-19774,345896,30286982,30286992,10
channel-0,4038185,30286985,30286995,10
channel-6994,1324312,30286985,30286995,10
channel-122,667957,30286985,30286989,4
channel-4,166936,30286986,30287027,41
channel-6787,166685,30286988,30286993,5
channel-122,667958,30286991,30286996,5
channel-38946,124145,30286991,30287009,18
channel-0,4038186,30286996,30287004,8
channel-326,537772,30287001,30287007,6
channel-782,310170,30287002,30287007,5
channel-6994,1324313,30287007,30287049,42
channel-0,4038187,30287007,30287018,11
channel-0,4038188,30287009,30287018,9
channel-6787,166686,30287009,30287013,4
channel-750,682461,30287011,30287020,9
channel-0,4038189,30287011,30287032,21
channel-0,4038190,30287013,30287022,9
channel-2494,31915,30287015,30287031,16
channel-122,667959,30287018,30287022,4
channel-4,166937,30287019,30287051,32
channel-642,126503,30287026,30287038,12
channel-0,4038191,30287027,30287037,10
channel-750,682462,30287027,30287032,5
channel-113,301320,30287034,30287077,43
channel-0,4038192,30287040,30287051,11
channel-0,4038193,30287044,30287055,11
channel-113,301321,30287047,30287098,51
channel-750,682463,30287050,30287073,23
channel-208,1489984,30287053,30287065,12
channel-79703,4429,30287053,30287067,14
channel-0,4038194,30287054,30287065,11
channel-19774,345897,30287055,30287072,17
channel-642,126504,30287062,30287078,16
channel-208,1489985,30287064,30287073,9
channel-6994,1324314,30287069,30287082,13
channel-6994,1324315,30287069,30287107,38
channel-143,128324,30287074,30287097,23
channel-412,64543,30287076,30287088,12
channel-208,1489986,30287083,30287103,20
channel-750,682464,30287093,30287098,5
channel-0,4038195,30287094,30287101,7
channel-208,1489987,30287095,30287104,9
channel-1634,6717,30287097,30287119,22
channel-1279,67119,30287099,30287109,10
channel-6994,1324316,30287101,30287112,11
channel-85077,60025,30287114,30287128,14
channel-750,682465,30287119,30287130,11
channel-184,137411,30287133,30287143,10
channel-6994,1324317,30287134,30287176,42
channel-251,85204,30287144,30287153,9
channel-6994,1324318,30287145,30287157,12
channel-113,301322,30287146,30287181,35
channel-750,682466,30287148,30287164,16
channel-85077,60026,30287157,30287168,11
channel-6994,1324319,30287159,30287173,14
channel-6994,1324320,30287163,30287173,10
channel-750,682467,30287170,30287176,6
channel-75,844984,30287173,30287179,6
channel-0,4038196,30287176,30287198,22
channel-208,1489988,30287183,30287193,10
channel-0,4038197,30287183,30287194,11
channel-115,20377,30287188,30287197,9
channel-199,132711,30287189,30287200,11
channel-6994,1324321,30287194,30287247,53
channel-1429,140708,30287198,30287207,9
channel-0,4038198,30287200,30287209,9
channel-88,467101,30287200,30287215,15
channel-750,682468,30287203,30287213,10
channel-0,4038199,30287215,30287224,9
channel-122,667960,30287234,30287238,4
channel-750,682469,30287235,30287248,13
channel-19774,345898,30287243,30287253,10
channel-208,1489989,30287243,30287253,10
channel-208,1489990,30287247,30287258,11
channel-874,292933,30287250,30287255,5
channel-750,682470,30287252,30287262,10
channel-0,4038200,30287254,30287272,18
channel-0,4038201,30287257,30287272,15
channel-6994,1324322,30287259,30287324,65
channel-208,1489991,30287262,30287291,29
channel-0,4038202,30287263,30287271,8
channel-4,166938,30287268,30287291,23
channel-208,1489992,30287283,30287293,10
channel-208,1489993,30287294,30287308,14
channel-750,682471,30287304,30287309,5
channel-5,184284,30287305,30287313,8
channel-0,4038203,30287308,30287319,11
channel-6994,1324323,30287312,30287324,12
channel-6994,1324324,30287335,30287385,50
channel-6994,1324325,30287349,30287361,12
channel-6994,1324326,30287362,30287375,13
channel-208,1489994,30287363,30287373,10
channel-6994,1324327,30287375,30287385,10
channel-75,844985,30287386,30287394,8
channel-208,1489995,30287388,30287398,10
channel-122,667961,30287391,30287395,4
channel-750,682472,30287395,30287408,13
channel-115,20378,30287395,30287404,9
channel-6994,1324328,30287397,30287446,49
channel-89321,19420,30287398,30287408,10
channel-85077,60027,30287410,30287421,11
channel-0,4038204,30287412,30287426,14
channel-75,844986,30287413,30287422,9
channel-38946,124146,30287413,30287658,245
channel-85077,60028,30287413,30287423,10
channel-750,682473,30287417,30287438,21
channel-0,4038205,30287418,30287430,12
channel-750,682474,30287424,30287432,8
channel-75,844987,30287424,30287429,5
channel-75,844988,30287424,30287437,13
channel-0,4038206,30287424,30287436,12
channel-251,85205,30287425,30287438,13
channel-1,408332,30287428,30287449,21
channel-750,682475,30287434,30287438,4
channel-75,844989,30287434,30287440,6
channel-38946,124147,30287440,30287450,10
channel-251,85206,30287440,30287447,7
channel-6994,1324329,30287451,30287488,37
channel-750,682476,30287458,30287481,23
channel-251,85207,30287461,30287472,11
channel-0,4038207,30287462,30287473,11
channel-6994,1324330,30287469,30287479,10
channel-874,292934,30287473,30287479,6
channel-208,1489996,30287481,30287489,8
channel-251,85208,30287485,30287495,10
channel-750,682477,30287486,30287502,16
channel-38946,124148,30287490,30287506,16
channel-38946,124149,30287498,30287519,21
channel-874,292935,30287506,30287514,8
channel-6994,1324331,30287511,30287549,38
channel-0,4038208,30287519,30287531,12
channel-0,4038209,30287522,30287531,9
channel-0,4038210,30287537,30287549,12
channel-750,682478,30287538,30287543,5
channel-38946,124150,30287544,30287557,13
channel-1,408333,30287550,30287571,21
channel-85077,60029,30287553,30287561,8
channel-122,667962,30287555,30287559,4
channel-115,20379,30287555,30287572,17
channel-0,4038211,30287557,30287582,25
channel-874,292936,30287564,30287572,8
channel-750,682479,30287566,30287572,6
channel-6994,1324332,30287567,30287607,40
channel-85077,60030,30287572,30287582,10
channel-874,292937,30287580,30287586,6
channel-750,682480,30287593,30287607,14
channel-6994,1324333,30287600,30287621,21
channel-251,85209,30287607,30287618,11
channel-0,4038212,30287607,30287618,11
channel-750,682481,30287608,30287620,12
channel-79703,4430,30287609,30287619,10
channel-5,184285,30287611,30287620,9
channel-6994,1324334,30287622,30287632,10
channel-6994,1324335,30287623,30287636,13
channel-6994,1324336,30287625,30287668,43
channel-208,1489997,30287627,30287639,12
channel-1424,7339,30287629,30287641,12
channel-6994,1324337,30287637,30287652,15
channel-6787,166687,30287647,30287651,4
channel-251,85210,30287649,30287657,8
channel-2,130623,30287659,30287668,9
channel-0,4038213,30287661,30287673,12
channel-750,682482,30287663,30287673,10
channel-38946,124151,30287663,30287675,12
channel-251,85211,30287673,30287682,9
channel-874,292938,30287673,30287689,16
channel-750,682483,30287681,30287687,6
channel-6994,1324338,30287682,30287696,14
channel-6994,1324339,30287685,30287724,39
channel-6994,1324340,30287699,30287709,10
channel-6994,1324341,30287700,30287709,9
channel-874,292939,30287727,30287732,5
channel-6994,1324342,30287731,30287745,14
channel-79703,4431,30287737,30287752,15
channel-326,537773,30287740,30287751,11
channel-122,667963,30287755,30287759,4
channel-6994,1324343,30287756,30287791,35
channel-1,408334,30287767,30287780,13
channel-0,4038214,30287767,30287778,11
channel-782,310171,30287768,30287786,18
channel-874,292940,30287770,30287775,5
channel-6994,1324344,30287774,30287788,14
channel-750,682484,30287779,30287785,6
channel-6994,1324345,30287780,30287791,11
channel-874,292941,30287794,30287803,9
channel-6994,1324346,30287811,30287820,9
channel-122,667964,30287811,30287827,16
channel-75016,4621,30287815,30287842,27
channel-0,4038215,30287816,30287842,26
channel-412,64544,30287816,30287849,33
channel-0,4038216,30287816,30287837,21
channel-6994,1324347,30287817,30287863,46
channel-750,682485,30287817,30287821,4
channel-42,1489989,30287819,30287830,11
channel-0,4038217,30287820,30287842,22
channel-122,667965,30287826,30287831,5
channel-0,4038218,30287827,30287837,10
channel-874,292942,30287828,30287835,7
channel-750,682486,30287829,30287835,6
channel-874,292943,30287830,30287835,5
channel-85077,60031,30287833,30287843,10
channel-6994,1324348,30287836,30287848,12
channel-208,1489998,30287836,30287847,11
channel-91017,2816,30287838,30287848,10
channel-0,4038219,30287838,30287862,24
channel-208,1489999,30287841,30287853,12
channel-1,408335,30287843,30287883,40
channel-0,4038220,30287848,30287867,19
channel-0,4038221,30287859,30287870,11
channel-208,1490000,30287868,30287877,9
channel-874,292944,30287873,30287877,4
channel-874,292945,30287873,30287877,4
channel-750,682487,30287876,30287885,9
channel-767,14364,30287880,30287890,10
channel-0,4038222,30287882,30287893,11
channel-122,667966,30287884,30287889,5
channel-6994,1324350,30287894,30287902,8
channel-750,682488,30287902,30287919,17
channel-522,40434,30287902,30287911,9
channel-326,537774,30287903,30287908,5
channel-750,682489,30287907,30287923,16
channel-6994,1324351,30287910,30287921,11
channel-0,4038223,30287916,30287923,7
channel-19774,345899,30287922,30287930,8
channel-874,292946,30287923,30287929,6
channel-750,682490,30287923,30287937,14
channel-412,64545,30287949,30287965,16
channel-6994,1324352,30287949,30287992,43
channel-0,4038224,30287949,30287959,10
channel-874,292947,30287952,30287958,6
channel-208,1490001,30287964,30287978,14
channel-91017,2817,30287970,30287979,9
channel-208,1490002,30287971,30287982,11
channel-0,4038225,30287972,30287998,26
channel-115,20380,30287974,30287983,9
channel-767,14365,30287975,30287986,11
channel-208,1490003,30287980,30287990,10
channel-208,1490004,30287989,30287999,10
channel-874,292948,30287990,30287996,6
channel-259,314269,30287998,30288008,10
channel-326,537775,30288004,30288010,6
channel-750,682491,30288004,30288009,5
channel-0,4038226,30288004,30288025,21
channel-0,4038227,30288007,30288029,22
channel-412,64546,30288008,30288016,8
channel-6994,1324353,30288008,30288045,37
channel-0,4038228,30288009,30288029,20
channel-1279,67120,30288009,30288027,18
channel-750,682492,30288017,30288022,5
channel-1424,7340,30288022,30288031,9
channel-0,4038229,30288023,30288048,25
channel-75,844990,30288026,30288042,16
channel-91017,2818,30288034,30288045,11
channel-75,844991,30288034,30288039,5
channel-85077,60032,30288035,30288045,10
channel-874,292949,30288036,30288045,9
channel-750,682493,30288037,30288041,4
channel-19774,345900,30288037,30288048,11
channel-412,64547,30288038,30288045,7
channel-0,4038230,30288039,30288068,29
channel-0,4038231,30288040,30288064,24
channel-75016,4622,30288040,30288066,26
channel-21113,25316,30288041,30288046,5
channel-2188,43630,30288042,30288046,4
channel-85077,60033,30288042,30288052,10
channel-85077,60034,30288045,30288054,9
channel-874,292950,30288045,30288066,21
channel-0,4038232,30288045,30288068,23
channel-0,4038233,30288045,30288054,9
channel-0,4038234,30288045,30288072,27
channel-1,408336,30288046,30288062,16
channel-188,190563,30288050,30288102,52
channel-782,310172,30288050,30288056,6
channel-19774,345901,30288055,30288067,12
channel-0,4038235,30288056,30288068,12
channel-0,4038236,30288057,30288083,26
channel-6994,1324354,30288058,30288070,12
channel-874,292951,30288058,30288063,5
channel-77,50263,30288058,30288070,12
channel-75,844992,30288058,30288064,6
channel-91017,2819,30288059,30288068,9
channel-4,166939,30288062,30288090,28
channel-0,4038237,30288062,30288093,31
channel-143,128325,30288064,30288077,13
channel-82,18953,30288064,30288086,22
channel-874,292952,30288065,30288070,5
channel-19774,345902,30288066,30288077,11
channel-6787,166688,30288067,30288073,6
channel-412,64548,30288068,30288078,10
channel-208,1490005,30288069,30288084,15
channel-208,1490006,30288071,30288084,13
channel-19774,345903,30288073,30288078,5
channel-0,4038238,30288077,30288095,18
channel-6994,1324355,30288077,30288121,44
channel-0,4038239,30288079,30288095,16
channel-0,4038240,30288080,30288102,22
channel-6787,166689,30288081,30288086,5
channel-91017,2820,30288082,30288092,10
channel-19774,345904,30288083,30288093,10
channel-0,4038241,30288085,30288095,10
channel-208,1490007,30288086,30288098,12
channel-6994,1324356,30288087,30288099,12
channel-0,4038242,30288087,30288109,22
channel-874,292953,30288090,30288095,5
channel-0,4038243,30288093,30288120,27
channel-0,4038244,30288093,30288102,9
channel-0,4038245,30288094,30288120,26
channel-0,4038246,30288095,30288102,7
channel-6,66636,30288095,30288108,13
channel-783,104229,30288098,30288106,8
channel-874,292954,30288098,30288104,6
channel-85077,60035,30288098,30288109,11
channel-874,292955,30288100,30288106,6
channel-0,4038247,30288102,30288125,23
channel-208,1490008,30288102,30288114,12
channel-2186,40775,30288106,30288133,27
channel-148,16085,30288106,30288114,8
channel-750,682494,30288107,30288112,5
channel-6994,1324357,30288107,30288117,10
channel-2188,43631,30288109,30288114,5
channel-750,682495,30288116,30288127,11
channel-750,682496,30288117,30288126,9
channel-143,128326,30288119,30288162,43
channel-750,682497,30288120,30288135,15
channel-874,292956,30288122,30288131,9
channel-0,4038248,30288124,30288182,58
channel-208,1490009,30288127,30288136,9
channel-208,1490010,30288129,30288137,8
channel-208,1490011,30288129,30288137,8
channel-2188,43632,30288131,30288136,5
channel-208,1490012,30288132,30288141,9
channel-208,1490013,30288133,30288141,8
channel-0,4038249,30288134,30288153,19
channel-85077,60036,30288136,30288147,11
channel-874,292957,30288144,30288150,6
channel-750,682498,30288149,30288155,6
channel-6994,1324358,30288153,30288195,42
channel-85077,60037,30288153,30288163,10
channel-91017,2821,30288156,30288168,12
channel-326,537776,30288158,30288163,5
channel-208,1490014,30288160,30288168,8
channel-76971,12239,30288163,30288186,23
channel-75016,4623,30288165,30288190,25
channel-874,292958,30288166,30288174,8
channel-208,1490015,30288167,30288177,10
channel-326,537777,30288169,30288175,6
channel-208,1490016,30288170,30288182,12
channel-750,682499,30288171,30288183,12
channel-143,128327,30288171,30288214,43
channel-5,184286,30288178,30288188,10
channel-251,85212,30288179,30288188,9
channel-75016,4624,30288179,30288213,34
channel-98451,34,30288180,30288196,16
channel-19774,345905,30288182,30288194,12
channel-1,408337,30288185,30288194,9
channel-208,1490017,30288188,30288200,12
channel-5,184287,30288190,30288202,12
channel-122,667967,30288195,30288198,3
channel-85077,60038,30288199,30288212,13
channel-208,1490018,30288200,30288209,9
channel-750,682500,30288204,30288219,15
channel-208,1490019,30288206,30288219,13
channel-750,682501,30288213,30288224,11
channel-6787,166690,30288213,30288217,4
channel-750,682502,30288213,30288224,11
channel-874,292959,30288216,30288224,8
channel-0,4038250,30288219,30288244,25
channel-874,292960,30288219,30288224,5
channel-412,64549,30288220,30288226,6
channel-1,408338,30288220,30288243,23
channel-874,292961,30288223,30288234,11
channel-85077,60039,30288224,30288231,7
channel-750,682503,30288224,30288229,5
channel-1429,140709,30288226,30288231,5
channel-6994,1324359,30288226,30288268,42
channel-0,4038251,30288227,30288248,21
channel-750,682504,30288229,30288232,3
channel-750,682505,30288229,30288244,15
channel-874,292962,30288232,30288242,10
channel-208,1490020,30288237,30288248,11
channel-874,292963,30288238,30288244,6
channel-0,4038252,30288242,30288253,11
channel-122,667968,30288242,30288245,3
channel-750,682506,30288246,30288258,12
channel-122,667969,30288246,30288250,4
channel-874,292964,30288248,30288253,5
channel-750,682507,30288249,30288260,11
channel-208,1490021,30288250,30288261,11
channel-874,292965,30288254,30288260,6
channel-874,292966,30288255,30288266,11
channel-0,4038253,30288257,30288266,9
channel-874,292967,30288257,30288262,5
channel-19774,345906,30288258,30288272,14
channel-874,292968,30288262,30288268,6
channel-143,128328,30288264,30288322,58
channel-874,292969,30288270,30288278,8
channel-874,292970,30288270,30288278,8
channel-750,682508,30288274,30288288,14
channel-0,4038254,30288278,30288288,10
channel-75,844993,30288280,30288288,8
channel-6994,1324360,30288285,30288323,38
channel-6994,1324361,30288286,30288300,14
channel-6994,1324362,30288286,30288300,14
channel-750,682509,30288290,30288296,6
channel-0,4038255,30288299,30288309,10
channel-143,128329,30288299,30288333,34
channel-874,292971,30288302,30288307,5
channel-750,682510,30288305,30288314,9
channel-89321,19421,30288305,30288314,9
channel-208,1490022,30288307,30288314,7
channel-0,4038256,30288307,30288317,10
channel-208,1490023,30288309,30288319,10
channel-6994,1324363,30288309,30288319,10
channel-0,4038257,30288310,30288321,11
channel-750,682511,30288314,30288340,26
channel-6994,1324364,30288320,30288333,13
channel-0,4038258,30288322,30288353,31
channel-0,4038259,30288327,30288348,21
channel-2186,40776,30288328,30288342,14
channel-874,292972,30288329,30288335,6
channel-19774,345907,30288330,30288339,9
channel-6994,1324365,30288331,30288347,16
channel-85077,60040,30288333,30288345,12
channel-326,537778,30288334,30288341,7
channel-750,682512,30288345,30288357,12
channel-143,128330,30288346,30288381,35
channel-6994,1324366,30288347,30288386,39
channel-19774,345908,30288348,30288356,8
channel-0,4038260,30288352,30288375,23
channel-122,667970,30288360,30288370,10
channel-750,682513,30288373,30288394,21
channel-874,292973,30288375,30288384,9
channel-85077,60041,30288376,30288390,14
channel-750,682514,30288381,30288396,15
channel-2494,31916,30288384,30288396,12
channel-0,4038261,30288387,30288397,10
channel-750,682515,30288389,30288400,11
channel-188,190564,30288390,30288435,45
channel-750,682516,30288398,30288403,5
channel-143,128331,30288402,30288414,12
channel-874,292974,30288402,30288410,8
channel-6994,1324367,30288403,30288444,41
channel-750,682517,30288406,30288420,14
channel-19774,345909,30288409,30288417,8
channel-6994,1324368,30288410,30288432,22
channel-208,1490024,30288410,30288419,9
channel-750,682518,30288416,30288426,10
channel-143,128332,30288422,30288431,9
channel-750,682519,30288432,30288451,19
channel-874,292975,30288432,30288438,6
channel-874,292976,30288436,30288443,7
channel-5,184288,30288436,30288448,12
channel-85077,60042,30288450,30288469,19
channel-874,292977,30288451,30288460,9
channel-750,682520,30288455,30288469,14
channel-143,128333,30288466,30288491,25
channel-79703,4432,30288466,30288476,10
channel-1,408339,30288468,30288498,30
channel-0,4038262,30288470,30288481,11
channel-0,4038263,30288470,30288481,11
channel-6994,1324369,30288473,30288513,40
channel-874,292978,30288474,30288483,9
channel-874,292979,30288477,30288484,7
channel-19774,345910,30288481,30288489,8
channel-85077,60043,30288484,30288502,18
channel-38946,124152,30288485,30288508,23
channel-750,682521,30288489,30288503,14
channel-750,682522,30288490,30288501,11
channel-750,682523,30288495,30288507,12
channel-0,4038264,30288495,30288506,11
channel-85077,60044,30288502,30288511,9
channel-750,682524,30288502,30288507,5
channel-85077,60045,30288503,30288520,17
channel-0,4038265,30288506,30288529,23
channel-2494,31917,30288507,30288518,11
channel-0,4038266,30288513,30288519,6
channel-874,292980,30288517,30288521,4
channel-874,292981,30288524,30288535,11
channel-6994,1324370,30288527,30288537,10
channel-750,682525,30288531,30288545,14
channel-2494,31918,30288537,30288547,10
channel-2494,31919,30288540,30288550,10
channel-874,292982,30288554,30288563,9
channel-0,4038267,30288559,30288579,20
channel-750,682526,30288566,30288577,11
channel-19774,345911,30288567,30288587,20
channel-0,4038268,30288569,30288579,10
channel-0,4038269,30288572,30288584,12
channel-115,20381,30288572,30288580,8
channel-6787,166691,30288577,30288581,4
channel-874,292983,30288583,30288588,5
channel-874,292984,30288583,30288588,5
channel-2494,31920,30288585,30288594,9
channel-259,314270,30288592,30288598,6
channel-6994,1324372,30288594,30288633,39
channel-85077,60046,30288599,30288611,12
channel-216,94213,30288609,30288730,121
channel-0,4038270,30288614,30288629,15
channel-874,292985,30288615,30288624,9
channel-2494,31921,30288616,30288626,10
channel-216,94214,30288618,30288690,72
channel-750,682527,30288620,30288632,12
channel-199,132712,30288623,30288628,5
channel-2494,31922,30288639,30288650,11
channel-874,292986,30288643,30288648,5
channel-750,682528,30288643,30288657,14
channel-1,408340,30288646,30288677,31
channel-19774,345912,30288657,30288667,10
channel-326,537779,30288658,30288672,14
channel-6994,1324373,30288659,30288701,42
channel-259,314271,30288664,30288671,7
channel-2494,31923,30288666,30288678,12
channel-874,292987,30288670,30288677,7
channel-122,667971,30288688,30288692,4
channel-750,682529,30288694,30288705,11
channel-6994,1324374,30288696,30288707,11
channel-2494,31924,30288696,30288706,10
channel-874,292988,30288701,30288710,9
channel-0,4038271,30288704,30288714,10
channel-6994,1324375,30288704,30288716,12
channel-750,682530,30288707,30288722,15
channel-6994,1324376,30288724,30288762,38
channel-6994,1324377,30288724,30288735,11
channel-750,682531,30288727,30288743,16
channel-19774,345913,30288728,30288739,11
channel-85077,60047,30288728,30288739,11
channel-874,292989,30288732,30288741,9
channel-750,682532,30288734,30288745,11
channel-85077,60048,30288743,30288749,6
channel-750,682533,30288751,30288766,15
channel-6994,1324378,30288753,30288767,14
channel-0,4038272,30288776,30288785,9
channel-750,682534,30288778,30288792,14
channel-208,1490025,30288780,30288790,10
channel-874,292990,30288785,30288790,5
channel-6994,1324379,30288785,30288824,39
channel-6787,166692,30288801,30288806,5
channel-874,292991,30288807,30288813,6
channel-874,292992,30288819,30288825,6
channel-208,1490026,30288819,30288830,11
channel-85077,60049,30288820,30288829,9
channel-2188,43633,30288821,30288825,4
channel-874,292993,30288822,30288827,5
channel-19774,345914,30288822,30288830,8
channel-750,682535,30288822,30288835,13
channel-2,130624,30288826,30288838,12
channel-6994,1324380,30288832,30288842,10
channel-0,4038273,30288842,30288850,8
channel-6994,1324381,30288842,30288884,42
channel-874,292994,30288847,30288853,6
channel-0,4038274,30288847,30288860,13
channel-229,55012,30288850,30288862,12
channel-85077,60050,30288855,30288863,8
channel-874,292995,30288860,30288866,6
channel-229,55013,30288865,30288874,9
channel-232,49195,30288868,30288879,11
channel-208,1490027,30288875,30288887,12
channel-0,4038275,30288885,30288894,9
channel-85077,60051,30288889,30288898,9
channel-88,467102,30288891,30288905,14
channel-229,55014,30288894,30288906,12
channel-0,4038276,30288895,30288905,10
channel-208,1490028,30288896,30288904,8
channel-326,537780,30288906,30288918,12
channel-326,537781,30288906,30288918,12
channel-326,537782,30288906,30288918,12
channel-326,537783,30288906,30288918,12
channel-326,537784,30288906,30288918,12
channel-6994,1324382,30288910,30288956,46
channel-6994,1324383,30288914,30288926,12
channel-122,667972,30288915,30288921,6
channel-19774,345915,30288931,30288942,11
channel-750,682536,30288943,30288967,24
channel-85077,60052,30288948,30288959,11
channel-782,310173,30288953,30288958,5
channel-91017,2822,30288955,30288970,15
channel-6994,1324384,30288975,30289026,51
channel-0,4038277,30288984,30288994,10
channel-750,682537,30288987,30288991,4
channel-750,682538,30288994,30289005,11
channel-229,55015,30288996,30289004,8
channel-0,4038278,30289000,30289009,9
channel-1,408341,30289004,30289018,14
channel-0,4038279,30289006,30289015,9
channel-782,310174,30289007,30289012,5
channel-1,408342,30289009,30289018,9
channel-19774,345916,30289009,30289017,8
channel-874,292996,30289015,30289020,5
channel-38946,124153,30289017,30289039,22
channel-122,667973,30289018,30289021,3
channel-0,4038280,30289020,30289032,12
channel-750,682539,30289022,30289026,4
channel-2,130625,30289026,30289036,10
channel-229,55016,30289028,30289039,11
channel-79703,4433,30289036,30289050,14
channel-750,682540,30289039,30289055,16
channel-6994,1324385,30289043,30289091,48
channel-115,20382,30289047,30289057,10
channel-122,667974,30289060,30289064,4
channel-122,667975,30289066,30289071,5
channel-0,4038281,30289068,30289079,11
channel-874,292997,30289073,30289080,7
channel-204,670788,30289073,30289088,15
channel-88,467103,30289077,30289122,45
channel-0,4038282,30289080,30289088,8
channel-1,408343,30289084,30289114,30
channel-0,4038283,30289086,30289097,11
channel-0,4038284,30289089,30289112,23
channel-75,844994,30289094,30289112,18
channel-19774,345917,30289097,30289110,13
channel-0,4038285,30289099,30289126,27
channel-6994,1324386,30289104,30289159,55
channel-6994,1324387,30289106,30289159,53
channel-874,292998,30289108,30289115,7
channel-750,682541,30289109,30289123,14
channel-251,85213,30289119,30289127,8
channel-0,4038286,30289123,30289135,12
channel-251,85214,30289145,30289158,13
channel-251,85215,30289150,30289163,13
channel-0,4038287,30289155,30289179,24
channel-874,292999,30289155,30289162,7
channel-85077,60053,30289156,30289165,9
channel-750,682542,30289157,30289169,12
channel-874,293000,30289159,30289165,6
channel-251,85216,30289164,30289174,10
channel-251,85217,30289164,30289210,46
channel-89321,19422,30289174,30289182,8
channel-6994,1324388,30289176,30289228,52
channel-1279,67123,30289176,30289252,76
channel-0,4038288,30289179,30289203,24
channel-0,4038289,30289179,30289186,7
channel-21113,25317,30289179,30289184,5
channel-251,85218,30289179,30289187,8
channel-208,1490029,30289183,30289194,11
channel-2494,31925,30289184,30289197,13
channel-6994,1324389,30289185,30289194,9
channel-19774,345918,30289185,30289194,9
channel-0,4038290,30289189,30289200,11
channel-6994,1324390,30289189,30289214,25
channel-208,1490030,30289189,30289199,10
channel-0,4038291,30289206,30289219,13
channel-79703,4434,30289210,30289225,15
channel-251,85219,30289212,30289221,9
channel-229,55017,30289217,30289225,8
channel-0,4038292,30289219,30289227,8
channel-38946,124154,30289227,30289243,16
channel-874,293001,30289233,30289241,8
channel-0,4038293,30289237,30289247,10
channel-6994,1324391,30289238,30289289,51
channel-38946,124155,30289240,30289252,12
channel-19774,345919,30289252,30289259,7
channel-0,4038294,30289257,30289265,8
channel-0,4038295,30289258,30289267,9
channel-38946,124156,30289258,30289270,12
channel-122,667976,30289259,30289265,6
channel-229,55018,30289267,30289283,16
channel-874,293002,30289273,30289276,3
channel-165,71440,30289280,30289291,11
channel-0,4038296,30289281,30289288,7
channel-165,71441,30289292,30289303,11
channel-208,1490031,30289295,30289304,9
channel-204,670789,30289296,30289304,8
channel-91017,2823,30289296,30289306,10
channel-874,293003,30289298,30289307,9
channel-6994,1324392,30289302,30289352,50
channel-229,55019,30289311,30289324,13
channel-19774,345920,30289317,30289325,8
channel-208,1490032,30289325,30289339,14
channel-750,682543,30289326,30289331,5
channel-326,537785,30289335,30289341,6
channel-750,682544,30289342,30289349,7
channel-75,844995,30289342,30289349,7
channel-0,4038297,30289343,30289352,9
channel-750,682545,30289346,30289364,18
channel-750,682546,30289352,30289357,5
channel-85077,60054,30289355,30289365,10
channel-85077,60055,30289357,30289371,14
channel-874,293004,30289361,30289366,5
channel-750,682547,30289362,30289372,10
channel-0,4038298,30289364,30289376,12
channel-6994,1324393,30289367,30289410,43
channel-750,682548,30289370,30289374,4
channel-85077,60056,30289376,30289386,10
channel-0,4038299,30289388,30289400,12
channel-85077,60057,30289392,30289400,8
channel-6994,1324394,30289397,30289410,13
channel-232,49196,30289401,30289411,10
channel-874,293005,30289402,30289408,6
channel-750,682549,30289402,30289408,6
channel-208,1490033,30289406,30289419,13
channel-19774,345921,30289407,30289418,11
channel-874,293006,30289409,30289417,8
channel-75,844996,30289414,30289423,9
channel-6994,1324395,30289428,30289464,36
channel-0,4038300,30289428,30289434,6
channel-6994,1324396,30289432,30289444,12
channel-208,1490034,30289432,30289444,12
channel-874,293007,30289438,30289443,5
channel-0,4038301,30289440,30289449,9
channel-1,408344,30289444,30289462,18
channel-874,293008,30289451,30289457,6
channel-259,314272,30289459,30289465,6
channel-89321,19423,30289460,30289469,9
channel-750,682550,30289464,30289469,5
channel-874,293009,30289464,30289470,6
channel-85077,60058,30289464,30289472,8
channel-259,314273,30289464,30289469,5
channel-259,314274,30289467,30289472,5
channel-750,682551,30289468,30289481,13
channel-0,4038302,30289471,30289481,10
channel-19774,345922,30289472,30289482,10
channel-874,293010,30289476,30289482,6
channel-259,314275,30289481,30289488,7
channel-874,293011,30289481,30289501,20
channel-259,314276,30289496,30289503,7
channel-0,4038303,30289497,30289507,10
channel-259,314277,30289502,30289509,7
channel-122,667977,30289503,30289507,4
channel-6994,1324398,30289505,30289519,14
channel-19774,345923,30289520,30289528,8
channel-208,1490035,30289533,30289544,11
channel-6994,1324399,30289548,30289591,43
channel-113,301323,30289549,30289586,37
channel-259,314278,30289551,30289557,6
channel-750,682552,30289573,30289579,6
channel-750,682553,30289579,30289590,11
channel-0,4038304,30289585,30289595,10
channel-19774,345924,30289587,30289596,9
channel-115,20383,30289590,30289602,12
channel-85077,60059,30289591,30289618,27
channel-6994,1324400,30289593,30289605,12
channel-6994,1324401,30289614,30289656,42
channel-0,4038305,30289614,30289625,11
channel-874,293012,30289616,30289622,6
channel-208,1490036,30289621,30289632,11
channel-874,293013,30289635,30289653,18
channel-251,85220,30289637,30289646,9
channel-6994,1324402,30289639,30289652,13
channel-874,293014,30289648,30289653,5
channel-2186,40777,30289654,30289704,50
channel-6994,1324403,30289655,30289664,9
channel-113,301324,30289662,30289688,26
channel-874,293015,30289663,30289669,6
channel-19774,345925,30289664,30289672,8
channel-1,408345,30289671,30289684,13
channel-208,1490037,30289680,30289689,9
channel-6994,1324404,30289681,30289725,44
channel-259,314279,30289682,30289688,6
channel-750,682554,30289682,30289711,29
channel-874,293016,30289683,30289700,17
channel-782,310175,30289685,30289691,6
channel-216,94216,30289689,30289788,99
channel-259,314280,30289692,30289700,8
channel-2186,40778,30289692,30289723,31
channel-874,293017,30289695,30289710,15
channel-208,1490038,30289695,30289706,11
channel-4,166940,30289696,30289717,21
channel-188,190565,30289702,30289744,42
channel-6994,1324405,30289703,30289725,22
channel-122,667978,30289705,30289709,4
channel-208,1490039,30289705,30289712,7
channel-782,310176,30289706,30289711,5
channel-208,1490040,30289706,30289727,21
channel-88,467104,30289707,30289719,12
channel-79703,4435,30289711,30289726,15
channel-85077,60060,30289712,30289723,11
channel-208,1490041,30289712,30289721,9
channel-148,16086,30289715,30289721,6
channel-874,293018,30289726,30289731,5
channel-208,1490042,30289730,30289739,9
channel-19774,345926,30289732,30289742,10
channel-0,4038306,30289736,30289744,8
channel-874,293019,30289738,30289744,6
channel-146,20028,30289739,30289758,19
channel-199,132713,30289744,30289778,34
channel-91017,2824,30289744,30289755,11
channel-6994,1324406,30289748,30289785,37
channel-874,293020,30289749,30289754,5
channel-143,128334,30289749,30290022,273
channel-874,293021,30289749,30289754,5
channel-143,128335,30289755,30289781,26
channel-42,1489990,30289759,30289770,11
channel-6,66637,30289776,30289791,15
channel-208,1490043,30289778,30289788,10
channel-2188,43634,30289781,30289786,5
channel-85077,60061,30289781,30289791,10
channel-874,293022,30289784,30289791,7
channel-85077,60062,30289785,30289794,9
channel-75,844997,30289795,30289801,6
channel-88,467105,30289802,30289812,10
channel-750,682555,30289806,30289821,15
channel-6994,1324407,30289808,30289853,45
channel-259,314281,30289809,30289815,6
channel-326,537786,30289811,30289817,6
channel-259,314282,30289811,30289817,6
channel-782,310177,30289813,30289819,6
channel-87,182899,30289816,30289871,55
channel-2,130626,30289818,30289828,10
channel-91017,2825,30289819,30289829,10
channel-72,516421,30289820,30289869,49
channel-750,682556,30289821,30289832,11
channel-1424,7341,30289821,30289830,9
channel-0,4038307,30289826,30289832,6
channel-874,293023,30289827,30289833,6
channel-87,182900,30289828,30289871,43
channel-19774,345927,30289830,30289842,12
channel-143,128336,30289838,30289855,17
channel-208,1490044,30289838,30289847,9
channel-115,20384,30289840,30289852,12
channel-259,314283,30289843,30289849,6
channel-0,4038308,30289863,30289870,7
channel-326,537787,30289867,30289873,6
channel-6994,1324408,30289871,30289906,35
channel-874,293024,30289878,30289883,5
channel-42,1489991,30289883,30289893,10
channel-750,682557,30289889,30289900,11
channel-1,408346,30289892,30289905,13
channel-1,408347,30289896,30289905,9
channel-6994,1324409,30289898,30289911,13
channel-208,1490045,30289905,30289914,9
channel-874,293025,30289917,30289922,5
channel-143,128337,30289918,30289960,42
channel-0,4038309,30289928,30289934,6
channel-6994,1324410,30289932,30289971,39
channel-19774,345928,30289933,30289945,12
channel-750,682558,30289937,30289942,5
channel-208,1490046,30289954,30289962,8
channel-750,682559,30289960,30289972,12
channel-0,4038310,30289966,30289978,12
channel-750,682560,30289966,30289971,5
channel-21113,25318,30289971,30289978,7
channel-85077,60063,30289972,30289981,9
channel-0,4038311,30289973,30289983,10
channel-208,1490047,30289974,30289983,9
channel-115,20385,30289982,30289994,12
channel-750,682561,30289989,30290008,19
channel-6994,1324411,30289999,30290034,35
channel-113,301325,30290000,30290206,206
channel-750,682562,30290001,30290014,13
channel-0,4038312,30290003,30290011,8
channel-782,310178,30290016,30290023,7
channel-19774,345929,30290017,30290027,10
channel-75,844998,30290023,30290031,8
channel-6994,1324412,30290023,30290034,11
channel-750,682563,30290033,30290044,11
channel-113,301326,30290035,30290226,191
channel-0,4038313,30290037,30290046,9
channel-2494,31926,30290041,30290050,9
channel-2494,31927,30290043,30290055,12
channel-21113,25319,30290048,30290055,7
channel-6994,1324413,30290058,30290095,37
channel-0,4038314,30290062,30290075,13
channel-0,4038315,30290065,30290075,10
channel-0,4038316,30290067,30290079,12
channel-21113,25320,30290079,30290085,6
channel-6994,1324414,30290080,30290089,9
channel-6994,1324415,30290092,30290107,15
channel-85077,60064,30290096,30290105,9
channel-85077,60065,30290096,30290105,9
channel-19774,345930,30290099,30290112,13
channel-750,682564,30290103,30290109,6
channel-75,844999,30290106,30290113,7
channel-122,667979,30290110,30290113,3
channel-2188,43635,30290115,30290119,4
channel-208,1490048,30290117,30290129,12
channel-6994,1324416,30290117,30290157,40
channel-208,1490049,30290125,30290131,6
channel-2188,43636,30290135,30290139,4
channel-108,39847,30290144,30290169,25
channel-6994,1324417,30290151,30290161,10
channel-0,4038317,30290156,30290167,11
channel-2188,43637,30290158,30290163,5
channel-79703,4436,30290158,30290171,13
channel-6994,1324418,30290160,30290170,10
channel-326,537788,30290163,30290174,11
channel-85077,60066,30290168,30290179,11
channel-91017,2826,30290172,30290182,10
channel-6994,1324419,30290175,30290214,39
channel-874,293026,30290177,30290185,8
channel-115,20386,30290178,30290185,7
channel-208,1490050,30290183,30290194,11
channel-750,682565,30290185,30290196,11
channel-143,128338,30290186,30290197,11
channel-0,4038318,30290194,30290207,13
channel-208,1490051,30290198,30290209,11
channel-85077,60067,30290208,30290216,8
channel-85077,60068,30290225,30290233,8
channel-0,4038319,30290230,30290242,12
channel-6994,1324420,30290234,30290244,10
channel-6994,1324421,30290238,30290277,39
channel-6994,1324422,30290246,30290258,12
channel-0,4038320,30290251,30290261,10
channel-874,293027,30290253,30290259,6
channel-21113,25321,30290258,30290266,8
channel-2188,43638,30290271,30290275,4
channel-4,166941,30290276,30290290,14
channel-6994,1324423,30290280,30290291,11
channel-19774,345931,30290295,30290307,12
channel-89298,18651,30290298,30290309,11
channel-6994,1324424,30290298,30290336,38
channel-0,4038321,30290303,30290310,7
channel-208,1490052,30290303,30290312,9
channel-6994,1324425,30290304,30290326,22
channel-750,682566,30290304,30290309,5
channel-6994,1324426,30290305,30290311,6
channel-750,682567,30290307,30290323,16
channel-208,1490053,30290323,30290334,11
channel-326,537789,30290334,30290339,5
channel-326,537790,30290334,30290339,5
channel-326,537791,30290334,30290339,5
channel-326,537792,30290334,30290339,5
channel-326,537793,30290334,30290339,5
channel-326,537794,30290334,30290339,5
channel-326,537795,30290334,30290339,5
channel-326,537796,30290334,30290339,5
channel-208,1490054,30290339,30290353,14
channel-750,682568,30290341,30290354,13
channel-89298,18652,30290345,30290353,8
channel-0,4038322,30290354,30290365,11
channel-0,4038323,30290354,30290365,11
channel-6994,1324427,30290355,30290391,36
channel-0,4038324,30290366,30290377,11
channel-91017,2827,30290377,30290388,11
channel-19774,345932,30290383,30290389,6
channel-874,293028,30290385,30290388,3
channel-750,682569,30290385,30290388,3
channel-0,4038325,30290399,30290408,9
channel-0,4038326,30290407,30290418,11
channel-874,293029,30290411,30290423,12
channel-0,4038327,30290411,30290422,11
channel-750,682570,30290418,30290430,12
channel-75,845000,30290418,30290425,7
channel-6994,1324428,30290419,30290459,40
channel-4,166942,30290419,30290441,22
channel-0,4038328,30290421,30290432,11
channel-91017,2828,30290421,30290432,11
channel-750,682571,30290421,30290432,11
channel-6994,1324429,30290434,30290447,13
channel-21113,25322,30290434,30290442,8
channel-21113,25323,30290441,30290447,6
channel-38946,124157,30290447,30290459,12
channel-750,682572,30290460,30290472,12
channel-19774,345933,30290461,30290471,10
channel-208,1490055,30290475,30290485,10
channel-750,682573,30290478,30290483,5
channel-6994,1324430,30290479,30290513,34
channel-874,293030,30290483,30290488,5
channel-4,166943,30290485,30290513,28
channel-2188,43639,30290486,30290491,5
channel-42,1489992,30290486,30290497,11
channel-6994,1324431,30290488,30290500,12
channel-199,132714,30290494,30290502,8
channel-75,845001,30290502,30290508,6
channel-0,4038329,30290507,30290519,12
channel-208,1490056,30290508,30290519,11
channel-6897,5643,30290509,30290516,7
channel-6787,166693,30290509,30290513,4
channel-750,682574,30290511,30290526,15
channel-259,314284,30290512,30290517,5
channel-750,682575,30290514,30290526,12
channel-2188,43640,30290515,30290519,4
channel-259,314285,30290517,30290523,6
channel-0,4038330,30290517,30290547,30
channel-0,4038331,30290518,30290547,29
channel-750,682576,30290524,30290536,12
channel-208,1490057,30290526,30290537,11
channel-6994,1324432,30290527,30290536,9
channel-91017,2829,30290535,30290545,10
channel-6994,1324433,30290536,30290579,43
channel-874,293031,30290536,30290554,18
channel-143,128339,30290537,30290566,29
channel-412,64550,30290537,30290549,12
channel-362,86679,30290537,30290546,9
channel-6994,1324434,30290539,30290551,12
channel-89298,18653,30290541,30290548,7
channel-750,682577,30290542,30290555,13
channel-4,166944,30290543,30290576,33
channel-165,71442,30290545,30290555,10
channel-122,667980,30290547,30290551,4
channel-0,4038332,30290547,30290557,10
channel-0,4038333,30290561,30290574,13
channel-208,1490058,30290563,30290572,9
channel-6994,1324435,30290563,30290575,12
channel-19774,345934,30290568,30290578,10
channel-91017,2830,30290578,30290587,9
channel-4,166945,30290579,30290619,40
channel-208,1490059,30290580,30290590,10
channel-750,682578,30290580,30290595,15
channel-874,293032,30290581,30290586,5
channel-4,166946,30290581,30290623,42
channel-0,4038334,30290586,30290598,12
channel-89321,19424,30290587,30290596,9
channel-340,3179,30290588,30290601,13
channel-6994,1324436,30290595,30290646,51
channel-0,4038335,30290598,30290606,8
channel-75,845002,30290606,30290613,7
channel-98451,35,30290611,30290621,10
channel-782,310179,30290615,30290621,6
channel-19774,345935,30290618,30290627,9
channel-208,1490060,30290618,30290625,7
channel-6994,1324437,30290623,30290631,8
channel-1279,67124,30290642,30290656,14
channel-208,1490061,30290651,30290662,11
channel-6994,1324438,30290659,30290692,33
channel-750,682579,30290666,30290676,10
channel-208,1490062,30290670,30290679,9
channel-89298,18654,30290675,30290682,7
channel-6994,1324439,30290688,30290699,11
channel-208,1490063,30290693,30290704,11
channel-0,4038336,30290693,30290704,11
channel-259,314286,30290703,30290709,6
channel-750,682580,30290709,30290720,11
channel-75,845003,30290715,30290722,7
channel-6994,1324440,30290717,30290755,38
channel-6994,1324441,30290719,30290728,9
channel-85077,60069,30290723,30290731,8
channel-6994,1324442,30290725,30290735,10
channel-19774,345936,30290727,30290733,6
channel-1,408348,30290727,30290755,28
channel-98451,36,30290743,30290754,11
channel-0,4038337,30290743,30290752,9
channel-89321,19425,30290752,30290758,6
channel-0,4038338,30290772,30290785,13
channel-6994,1324443,30290773,30290830,57
channel-782,310180,30290778,30290787,9
channel-6994,1324444,30290791,30290802,11
channel-208,1490064,30290792,30290804,12
channel-750,682581,30290805,30290809,4
channel-2188,43641,30290810,30290815,5
channel-19774,345937,30290813,30290830,17
channel-750,682582,30290817,30290826,9
channel-122,667981,30290819,30290831,12
channel-251,85221,30290820,30290833,13
channel-750,682583,30290820,30290825,5
channel-750,682584,30290834,30290840,6
channel-199,132715,30290836,30290845,9
channel-143,128340,30290837,30290869,32
channel-782,310181,30290848,30290854,6
channel-208,1490065,30290848,30290859,11
channel-750,682585,30290849,30290867,18
channel-6994,1324445,30290861,30290911,50
channel-0,4038339,30290865,30290876,11
channel-750,682586,30290867,30290872,5
channel-750,682587,30290867,30290872,5
channel-0,4038340,30290870,30290882,12
channel-750,682588,30290882,30290886,4
channel-89321,19426,30290884,30290889,5
channel-75,845004,30290886,30290893,7
channel-122,667982,30290886,30290889,3
channel-6994,1324446,30290897,30290911,14
channel-750,682589,30290898,30290903,5
channel-113,301327,30290899,30290935,36
channel-750,682590,30290904,30290909,5
channel-38946,124158,30290909,30290921,12
channel-750,682591,30290911,30290915,4
channel-208,1490066,30290917,30290925,8
channel-19774,345938,30290920,30290927,7
channel-6994,1324447,30290923,30290955,32
channel-89298,18655,30290925,30290936,11
channel-750,682592,30290925,30290929,4
channel-550,1890,30290926,30290940,14
channel-6994,1324448,30290932,30290943,11
channel-750,682593,30290939,30290943,4
channel-216,94217,30290944,30291056,112
channel-4,166947,30290945,30290974,29
channel-0,4038341,30290948,30290960,12
channel-2188,43642,30290948,30290951,3
channel-0,4038342,30290950,30290965,15
channel-6994,1324449,30290951,30290965,14
channel-115,20387,30290951,30290963,12
channel-750,682594,30290952,30290965,13
channel-750,682595,30290952,30290959,7
channel-122,667983,30290960,30290964,4
channel-750,682596,30290964,30290975,11
channel-19774,345939,30290965,30290974,9
channel-750,682597,30290966,30290981,15
channel-4,166948,30290967,30290983,16
channel-208,1490067,30290967,30290975,8
channel-750,682598,30290967,30290975,8
channel-208,1490068,30290975,30290983,8
channel-1,408349,30290992,30291005,13
channel-6994,1324450,30290994,30291033,39
channel-750,682599,30290995,30290999,4
channel-6994,1324451,30291004,30291014,10
channel-6994,1324452,30291004,30291014,10
channel-79703,4437,30291005,30291017,12
channel-208,1490069,30291008,30291018,10
channel-95,331594,30291020,30291034,14
channel-0,4038343,30291020,30291033,13
channel-79703,4438,30291029,30291041,12
channel-208,1490070,30291030,30291041,11
channel-122,667984,30291040,30291044,4
channel-0,4038344,30291042,30291052,10
channel-6994,1324453,30291055,30291091,36
channel-0,4038345,30291058,30291069,11
channel-19774,345940,30291065,30291074,9
channel-208,1490071,30291066,30291076,10
channel-0,4038346,30291068,30291079,11
channel-79703,4439,30291068,30291078,10
channel-21113,25324,30291084,30291092,8
channel-122,667985,30291096,30291100,4
channel-75,845005,30291102,30291109,7
channel-0,4038347,30291105,30291126,21
channel-79703,4440,30291111,30291124,13
channel-6994,1324454,30291115,30291150,35
channel-6994,1324455,30291116,30291124,8
channel-750,682600,30291120,30291124,4
channel-75,845006,30291121,30291127,6
channel-750,682601,30291130,30291135,5
channel-19774,345941,30291143,30291160,17
channel-85077,60070,30291158,30291209,51
channel-0,4038348,30291165,30291192,27
channel-782,310182,30291166,30291172,6
channel-320,119190,30291168,30291183,15
channel-6994,1324456,30291171,30291212,41
channel-94814,3759,30291185,30291195,10
channel-75,845007,30291192,30291199,7
channel-208,1490072,30291197,30291208,11
channel-19774,345942,30291200,30291208,8
channel-326,537797,30291202,30291217,15
channel-85077,60071,30291202,30291209,7
channel-259,314287,30291203,30291206,3
channel-1429,140710,30291205,30291213,8
channel-750,682602,30291208,30291227,19
channel-188,190566,30291208,30291218,10
channel-85077,60072,30291209,30291219,10
channel-75,845008,30291209,30291217,8
channel-874,293033,30291221,30291242,21
channel-144,86685,30291222,30291233,11
channel-0,4038349,30291226,30291256,30
channel-19774,345943,30291226,30291239,13
channel-750,682603,30291228,30291239,11
channel-79703,4441,30291230,30291244,14
channel-750,682604,30291233,30291249,16
channel-6994,1324457,30291234,30291290,56
channel-199,132716,30291235,30291248,13
channel-874,293034,30291237,30291242,5
channel-6994,1324458,30291239,30291265,26
channel-326,537798,30291240,30291245,5
channel-38946,124159,30291240,30291253,13
channel-750,682605,30291251,30291256,5
channel-750,682606,30291252,30291265,13
channel-91017,2831,30291253,30291264,11
channel-2188,43643,30291254,30291258,4
channel-89321,19427,30291257,30291267,10
channel-208,1490073,30291259,30291267,8
channel-750,682607,30291263,30291280,17
channel-122,667986,30291266,30291270,4
channel-208,1490074,30291268,30291277,9
channel-0,4038350,30291268,30291278,10
channel-0,4038351,30291278,30291289,11
channel-5485,1713,30291279,30291295,16
channel-6994,1324459,30291281,30291313,32
channel-0,4038352,30291282,30291307,25
channel-6994,1324460,30291283,30291300,17
channel-6994,1324461,30291288,30291318,30
channel-1,408350,30291293,30291310,17
channel-75016,4625,30291293,30291308,15
channel-208,1490075,30291298,30291308,10
channel-19774,345944,30291301,30291306,5
channel-6994,1324462,30291301,30291313,12
channel-122,667987,30291303,30291307,4
channel-874,293035,30291307,30291311,4
channel-6994,1324463,30291308,30291355,47
channel-2188,43644,30291309,30291314,5
channel-42,1489993,30291313,30291324,11
channel-19774,345945,30291316,30291337,21
channel-208,1490076,30291319,30291330,11
channel-88,467106,30291322,30291339,17
channel-259,314288,30291323,30291329,6
channel-85077,60073,30291325,30291337,12
channel-4,166949,30291325,30291335,10
channel-750,682608,30291325,30291330,5
channel-0,4038353,30291325,30291333,8
channel-0,4038354,30291326,30291346,20
channel-204,670790,30291327,30291335,8
channel-259,314289,30291328,30291334,6
channel-42,1489994,30291329,30291339,10
channel-750,682609,30291333,30291338,5
channel-874,293036,30291335,30291348,13
channel-750,682610,30291337,30291342,5
channel-1,408351,30291337,30291347,10
channel-0,4038355,30291338,30291420,82
channel-0,4038356,30291342,30291355,13
channel-412,64551,30291345,30291355,10
channel-208,1490077,30291345,30291353,8
channel-874,293037,30291346,30291353,7
channel-208,1490078,30291346,30291358,12
channel-21113,25325,30291346,30291349,3
channel-0,4038357,30291346,30291368,22
channel-6994,1324464,30291353,30291376,23
channel-89321,19428,30291361,30291369,8
channel-750,682611,30291363,30291373,10
channel-6994,1324465,30291367,30291422,55
channel-362,86680,30291368,30291377,9
channel-6994,1324466,30291380,30291392,12
channel-89321,19429,30291385,30291396,11
channel-122,667988,30291386,30291401,15
channel-199,132717,30291390,30291420,30
channel-874,293038,30291391,30291399,8
channel-79703,4442,30291395,30291408,13
channel-0,4038358,30291396,30291429,33
channel-0,4038359,30291396,30291420,24
channel-89321,19430,30291411,30291418,7
channel-75016,4626,30291421,30291440,19
channel-19774,345946,30291425,30291429,4
channel-874,293039,30291427,30291442,15
channel-0,4038360,30291428,30291445,17
channel-89321,19431,30291429,30291436,7
channel-208,1490079,30291430,30291440,10
channel-0,4038361,30291431,30291451,20
channel-6994,1324467,30291435,30291477,42
channel-6994,1324468,30291436,30291462,26
channel-874,293040,30291436,30291442,6
channel-0,4038362,30291437,30291445,8
channel-750,682612,30291441,30291445,4
channel-750,682613,30291442,30291455,13
channel-0,4038363,30291445,30291451,6
channel-75,845009,30291449,30291455,6
channel-0,4038364,30291451,30291458,7
channel-208,1490080,30291453,30291463,10
channel-199,132718,30291455,30291481,26
channel-4,166950,30291455,30291495,40
channel-0,4038365,30291459,30291488,29
channel-0,4038366,30291463,30291481,18
channel-85077,60074,30291463,30291474,11
channel-188,190567,30291463,30291508,45
channel-75,845010,30291465,30291473,8
channel-208,1490081,30291465,30291477,12
channel-750,682614,30291466,30291482,16
channel-6787,166694,30291467,30291472,5
channel-874,293041,30291472,30291488,16
channel-0,4038367,30291473,30291500,27
channel-874,293042,30291481,30291488,7
channel-91017,2832,30291483,30291492,9
channel-19774,345947,30291491,30291502,11
channel-42,1489995,30291493,30291500,7
channel-783,104230,30291493,30291503,10
channel-750,682615,30291493,30291508,15
channel-783,104231,30291493,30291503,10
channel-259,314290,30291496,30291502,6
channel-184,137412,30291496,30291510,14
channel-6994,1324469,30291498,30291540,42
channel-188,190568,30291499,30291546,47
channel-874,293043,30291506,30291510,4
channel-143,128341,30291509,30291547,38
channel-143,128342,30291518,30291533,15
channel-91017,2833,30291522,30291533,11
channel-874,293044,30291524,30291533,9
channel-874,293045,30291524,30291533,9
channel-642,126505,30291532,30291545,13
channel-750,682616,30291536,30291553,17
channel-143,128343,30291542,30291595,53
channel-0,4038368,30291546,30291558,12
channel-6994,1324470,30291547,30291561,14
channel-874,293046,30291551,30291559,8
channel-750,682617,30291555,30291566,11
channel-782,310183,30291557,30291564,7
channel-6994,1324471,30291559,30291606,47
channel-0,4038369,30291559,30291568,9
channel-6994,1324472,30291567,30291579,12
channel-79703,4443,30291568,30291582,14
channel-89321,19432,30291568,30291578,10
channel-199,132719,30291585,30291594,9
channel-750,682618,30291594,30291605,11
channel-85077,60075,30291602,30291610,8
channel-0,4038370,30291606,30291616,10
channel-204,670791,30291610,30291616,6
channel-6994,1324473,30291622,30291671,49
channel-750,682619,30291623,30291633,10
channel-782,310184,30291626,30291632,6
channel-6994,1324474,30291644,30291653,9
channel-143,128344,30291650,30291701,51
channel-6994,1324475,30291655,30291667,12
channel-0,4038371,30291664,30291674,10
channel-6994,1324476,30291664,30291681,17
channel-0,4038372,30291666,30291674,8
channel-750,682620,30291672,30291677,5
channel-750,682621,30291673,30291687,14
channel-750,682622,30291673,30291685,12
channel-199,132720,30291673,30291681,8
channel-108,39848,30291680,30291695,15
channel-750,682623,30291685,30291698,13
channel-1429,140711,30291688,30291696,8
channel-143,128345,30291690,30291755,65
channel-259,314291,30291690,30291696,6
channel-6994,1324477,30291690,30291746,56
channel-750,682624,30291691,30291704,13
channel-4,166951,30291694,30291724,30
channel-0,4038373,30291706,30291715,9
channel-204,670792,30291710,30304991,13281
channel-750,682625,30291710,30291722,12
channel-750,682626,30291710,30291715,5
channel-4,166952,30291721,30291747,26
channel-750,682627,30291725,30291733,8
channel-750,682628,30291727,30291739,12
channel-208,1490082,30291730,30291740,10
channel-6994,1324478,30291730,30291741,11
channel-0,4038374,30291733,30291746,13
channel-750,682629,30291736,30291739,3
channel-320,119191,30291743,30291781,38
channel-750,682630,30291744,30291749,5
channel-259,314292,30291747,30291755,8
channel-4,166953,30291747,30291772,25
channel-750,682631,30291748,30291761,13
channel-750,682632,30291748,30291753,5
channel-2188,43645,30291750,30291755,5
channel-0,4038375,30291753,30291761,8
channel-874,293047,30291767,30291775,8
channel-0,4038376,30291768,30291781,13
channel-750,682633,30291768,30291781,13
channel-122,667989,30291770,30291774,4
channel-143,128346,30291774,30291869,95
channel-750,682634,30291774,30291779,5
channel-1429,140712,30291777,30291788,11
channel-208,1490083,30291784,30291793,9
channel-522,40435,30291788,30291801,13
channel-750,682635,30291789,30291802,13
channel-750,682636,30291793,30291811,18
channel-199,132721,30291793,30291805,12
channel-229,55020,30291797,30291808,11
channel-2186,40779,30291798,30291809,11
channel-2186,40780,30291812,30291827,15
channel-750,682637,30291817,30291834,17
channel-143,128347,30291825,30291835,10
channel-0,4038377,30291826,30291837,11
channel-750,682638,30291827,30291837,10
channel-73755,5833,30291844,30291852,8
channel-0,4038378,30291865,30291876,11
channel-750,682639,30291865,30291881,16
channel-85077,60076,30291866,30291875,9
channel-4,166954,30291874,30291897,23
channel-1575,15191,30291874,30291884,10
channel-51,20930,30291877,30291893,16
channel-750,682640,30291890,30291895,5
channel-85077,60077,30291896,30291907,11
channel-208,1490084,30291900,30291912,12
channel-750,682641,30291906,30291919,13
channel-750,682642,30291906,30291916,10
channel-750,682643,30291907,30291920,13
channel-2188,43646,30291917,30291922,5
channel-750,682644,30291924,30291928,4
channel-2186,40781,30291926,30291937,11
channel-199,132722,30291935,30291944,9
channel-146,20029,30291935,30291955,20
channel-0,4038379,30291937,30291946,9
channel-750,682645,30291941,30291949,8
channel-2188,43647,30291941,30291946,5
channel-6994,1324479,30291941,30291975,34
channel-750,682646,30291942,30291954,12
channel-79703,4444,30291942,30291955,13
channel-6994,1324480,30291949,30291959,10
channel-783,104232,30291955,30291963,8
channel-0,4038380,30291959,30291970,11
channel-85077,60078,30291959,30291970,11
channel-750,682647,30291967,30291976,9
channel-0,4038381,30291971,30291996,25
channel-94814,3760,30291976,30291986,10
channel-85077,60079,30291977,30291986,9
channel-874,293048,30291977,30291987,10
channel-208,1490085,30291982,30291995,13
channel-2188,43648,30291987,30291992,5
channel-208,1490086,30291988,30292000,12
channel-522,40436,30291995,30292003,8
channel-85791,3760,30291999,30292004,5
channel-750,682648,30292001,30292015,14
channel-750,682649,30292005,30292015,10
channel-2188,43649,30292014,30292019,5
channel-208,1490087,30292014,30292028,14
channel-89321,19433,30292016,30292028,12
channel-89321,19434,30292022,30292029,7
channel-6994,1324481,30292026,30292032,6
channel-20082,9879,30292027,30292036,9
channel-0,4038382,30292034,30292079,45
channel-85791,3761,30292039,30292045,6
channel-1,408352,30292041,30292056,15
channel-750,682650,30292042,30292051,9
channel-522,40437,30292045,30292056,11
channel-6994,1324482,30292049,30292060,11
channel-6994,1324483,30292049,30292070,21
channel-0,4038383,30292050,30292084,34
channel-85077,60080,30292051,30292060,9
channel-19774,345948,30292060,30292074,14
channel-782,310185,30292062,30292069,7
channel-199,132723,30292075,30292082,7
channel-0,4038384,30292084,30292094,10
channel-750,682651,30292085,30292090,5
channel-208,1490088,30292099,30292109,10
channel-89321,19435,30292103,30292113,10
channel-208,1490089,30292113,30292122,9
channel-208,1490090,30292118,30292126,8
channel-1429,140713,30292119,30292127,8
channel-0,4038385,30292120,30292144,24
channel-6994,1324484,30292132,30292143,11
channel-21113,25326,30292137,30292145,8
channel-6994,1324485,30292163,30292170,7
channel-21113,25327,30292164,30292169,5
channel-89321,19436,30292165,30292173,8
channel-208,1490091,30292169,30292178,9
channel-208,1490092,30292185,30292196,11
channel-89321,19437,30292193,30292204,11
channel-750,682652,30292194,30292209,15
channel-0,4038386,30292201,30292219,18
channel-229,55021,30292204,30292214,10
channel-143,128348,30292206,30292216,10
channel-6994,1324486,30292228,30292239,11
channel-229,55022,30292228,30292238,10
channel-91017,2834,30292228,30292240,12
channel-208,1490093,30292230,30292242,12
channel-85077,60081,30292231,30292242,11
channel-0,4038387,30292231,30292242,11
channel-75,845011,30292241,30292247,6
channel-0,4038388,30292244,30292256,12
channel-0,4038389,30292262,30292275,13
channel-85791,3762,30292263,30292269,6
channel-89321,19438,30292263,30292271,8
channel-0,4038390,30292270,30292288,18
channel-0,4038391,30292280,30292303,23
channel-122,667990,30292280,30292284,4
channel-0,4038392,30292287,30292295,8
channel-89321,19439,30292288,30292317,29
channel-232,49197,30292295,30292321,26
channel-0,4038393,30292295,30292303,8
channel-19774,345949,30292299,30292308,9
channel-122,667991,30292299,30292303,4
channel-0,4038394,30292316,30292335,19
channel-89321,19440,30292317,30292353,36
channel-0,4038395,30292336,30292345,9
channel-89298,18656,30292341,30292351,10
channel-208,1490094,30292345,30292356,11
channel-47,198637,30292352,30292368,16
channel-108,39849,30292355,30292371,16
channel-89321,19441,30292366,30292383,17
channel-6994,1324487,30292373,30292384,11
channel-750,682653,30292374,30292387,13
channel-122,667992,30292387,30292392,5
channel-750,682654,30292388,30292393,5
channel-874,293049,30292394,30292403,9
channel-89321,19442,30292403,30292446,43
channel-85077,60082,30292411,30292420,9
channel-82,18954,30292422,30292454,32
channel-208,1490095,30292425,30292435,10
channel-0,4038396,30292442,30292466,24
channel-750,682655,30292448,30292459,11
channel-146,20030,30292450,30292482,32
channel-208,1490096,30292453,30292464,11
channel-0,4038397,30292456,30292466,10
channel-0,4038398,30292458,30292484,26
channel-2188,43650,30292465,30292470,5
channel-208,1490097,30292465,30292477,12
channel-89321,19443,30292468,30292480,12
channel-750,682656,30292471,30292474,3
channel-89321,19444,30292484,30292527,43
channel-1,408353,30292484,30292515,31
channel-1,408354,30292494,30292515,21
channel-750,682657,30292495,30292499,4
channel-0,4038399,30292502,30292521,19
channel-750,682658,30292511,30292516,5
channel-75,845012,30292515,30292523,8
channel-89321,19445,30292520,30292560,40
channel-6994,1324488,30292523,30292564,41
channel-750,682659,30292531,30292535,4
channel-874,293050,30292534,30292540,6
channel-6994,1324489,30292536,30292547,11
channel-85077,60083,30292537,30292547,10
channel-2188,43651,30292539,30292544,5
channel-76971,12240,30292541,30292554,13
channel-75016,4627,30292542,30292563,21
channel-75016,4628,30292555,30292570,15
channel-750,682660,30292557,30292561,4
channel-0,4038400,30292558,30292566,8
channel-6994,1324490,30292560,30292591,31
channel-2188,43652,30292568,30292573,5
channel-6994,1324491,30292572,30292583,11
channel-75,845013,30292577,30292584,7
channel-750,682661,30292588,30292609,21
channel-6994,1324492,30292589,30292626,37
channel-2188,43653,30292593,30292597,4
channel-199,132724,30292598,30292610,12
channel-75016,4629,30292598,30292632,34
channel-19774,345950,30292599,30292610,11
channel-750,682662,30292607,30292617,10
channel-75016,4630,30292612,30292632,20
channel-75016,4631,30292614,30292632,18
channel-874,293051,30292616,30292625,9
channel-2188,43654,30292617,30292621,4
channel-199,132725,30292619,30292626,7
channel-85077,60084,30292619,30292628,9
channel-0,4038401,30292638,30292645,7
channel-79703,4445,30292639,30292652,13
channel-208,1490098,30292643,30292652,9
channel-2188,43655,30292644,30292649,5
channel-75016,4632,30292648,30292661,13
channel-6994,1324493,30292655,30292690,35
channel-204,670793,30292655,30304991,12336
channel-229,55023,30292657,30292669,12
channel-208,1490099,30292660,30292670,10
channel-73,51335,30292666,30292677,11
channel-75016,4633,30292679,30292695,16
channel-0,4038402,30292680,30292706,26
channel-75,845014,30292692,30292700,8
channel-6994,1324494,30292693,30292705,12
channel-73,51336,30292698,30292707,9
channel-6994,1324495,30292723,30292758,35
channel-874,293052,30292744,30292749,5
channel-76971,12241,30292744,30292761,17
channel-89321,19446,30292746,30292779,33
channel-0,4038403,30292753,30292777,24
channel-208,1490100,30292755,30292768,13
channel-42,1489996,30292757,30292765,8
channel-0,4038404,30292761,30292772,11
channel-75016,4634,30292765,30292788,23
channel-0,4038405,30292766,30292777,11
channel-75016,4635,30292778,30292794,16
channel-208,1490101,30292782,30292791,9
channel-874,293053,30292784,30292791,7
channel-6994,1324496,30292784,30292822,38
channel-1,408355,30292785,30292828,43
channel-75016,4636,30292803,30292824,21
channel-75016,4637,30292821,30292846,25
channel-874,293054,30292828,30292833,5
channel-0,4038406,30292834,30292860,26
channel-2188,43656,30292835,30292839,4
channel-122,667993,30292838,30292842,4
channel-75016,4638,30292838,30292863,25
channel-251,85222,30292842,30292859,17
channel-412,64552,30292848,30292860,12
channel-122,667994,30292849,30292853,4
channel-6994,1324497,30292855,30292896,41
channel-122,667995,30292857,30292865,8
channel-874,293055,30292859,30292865,6
channel-874,293056,30292867,30292874,7
channel-208,1490102,30292867,30292876,9
channel-85077,60085,30292871,30292878,7
channel-229,55024,30292876,30292886,10
channel-75016,4639,30292877,30292901,24
channel-750,682663,30292879,30292893,14
channel-88,467107,30292884,30292903,19
channel-208,1490103,30292897,30292906,9
channel-750,682664,30292898,30292904,6
channel-874,293057,30292898,30292902,4
channel-874,293058,30292901,30292907,6
channel-88,467108,30292903,30292942,39
channel-2188,43657,30292904,30292909,5
channel-208,1490104,30292904,30292916,12
channel-208,1490105,30292916,30292926,10
channel-75016,4640,30292918,30292939,21
channel-75016,4641,30292919,30292939,20
channel-6994,1324498,30292921,30292962,41
channel-75016,4642,30292922,30292945,23
channel-1,408356,30292926,30292943,17
channel-122,667996,30292935,30292939,4
channel-208,1490106,30292937,30292948,11
channel-122,667997,30292939,30292950,11
channel-0,4038407,30292943,30292951,8
channel-75016,4643,30292943,30292963,20
channel-782,310186,30292946,30292951,5
channel-89298,18657,30292959,30292969,10
channel-199,132726,30292973,30292983,10
channel-75016,4644,30292981,30292999,18
channel-75016,4645,30292982,30292999,17
channel-0,4038408,30292983,30292993,10
channel-1429,140714,30292984,30292993,9
channel-326,537799,30292985,30293010,25
channel-2494,31928,30292985,30292994,9
channel-320,119192,30293008,30293037,29
channel-75016,4646,30293029,30293052,23
channel-874,293059,30293037,30293045,8
channel-6787,166695,30293042,30293046,4
channel-0,4038409,30293047,30293057,10
channel-251,85223,30293063,30293075,12
channel-750,682665,30293066,30293077,11
channel-208,1490107,30293073,30293081,8
channel-75016,4647,30293073,30293092,19
channel-208,1490108,30293073,30293081,8
channel-874,293060,30293077,30293082,5
channel-75016,4648,30293077,30293098,21
channel-89321,19447,30293087,30293098,11
channel-750,682666,30293087,30293097,10
channel-750,682667,30293088,30293102,14
channel-19774,345951,30293094,30293106,12
channel-75016,4649,30293101,30293123,22
channel-874,293061,30293110,30293116,6
channel-208,1490109,30293130,30293141,11
channel-19774,345952,30293131,30293142,11
channel-320,119193,30293133,30293158,25
channel-0,4038410,30293140,30293148,8
channel-874,293062,30293152,30293159,7
channel-19774,345953,30293169,30293180,11
channel-0,4038411,30293182,30293195,13
channel-115,20388,30293190,30293202,12
channel-750,682668,30293191,30293206,15
channel-6994,1324499,30293195,30293207,12
channel-750,682669,30293200,30293210,10
channel-750,682670,30293204,30293216,12
channel-85077,60086,30293210,30293230,20
channel-1411,1989,30293212,30293222,10
channel-874,293063,30293226,30293236,10
channel-874,293064,30293260,30293271,11
channel-750,682671,30293264,30293274,10
channel-208,1490110,30293265,30293278,13
channel-208,1490111,30293266,30293278,12
channel-750,682672,30293269,30293274,5
channel-782,310187,30293269,30293274,5
channel-6994,1324500,30293270,30293282,12
channel-89298,18658,30293288,30293298,10
channel-208,1490112,30293293,30293306,13
channel-85077,60087,30293306,30293315,9
channel-874,293065,30293309,30293314,5
channel-782,310188,30293328,30293334,6
channel-750,682673,30293335,30293348,13
channel-85077,60088,30293340,30293349,9
channel-38946,124160,30293343,30293361,18
channel-750,682674,30293361,30293375,14
channel-750,682675,30293361,30293366,5
channel-89298,18659,30293363,30293372,9
channel-208,1490113,30293372,30293381,9
channel-326,537800,30293373,30293380,7
channel-750,682676,30293373,30293387,14
channel-750,682677,30293374,30293384,10
channel-115,20389,30293380,30293387,7
channel-874,293066,30293382,30293388,6
channel-782,310189,30293385,30293392,7
channel-208,1490114,30293386,30293399,13
channel-2,130627,30293404,30293411,7
channel-19774,345954,30293407,30293414,7
channel-184,137413,30293409,30293416,7
channel-874,293067,30293411,30293416,5
channel-122,667998,30293416,30293422,6
channel-259,314293,30293417,30293422,5
channel-750,682678,30293421,30293425,4
channel-2,130628,30293426,30293431,5
channel-2188,43658,30293431,30293435,4
channel-750,682679,30293438,30293449,11
channel-0,4038412,30293442,30293453,11
channel-874,293068,30293447,30293459,12
channel-412,64553,30293456,30293479,23
channel-0,4038413,30293464,30293474,10
channel-326,537801,30293499,30293527,28
channel-750,682680,30293511,30293516,5
channel-0,4038414,30293513,30293536,23
channel-1,408357,30293517,30293536,19
channel-874,293069,30293520,30293526,6
channel-6787,166696,30293529,30293535,6
channel-326,537802,30293534,30293542,8
channel-5,184289,30293544,30293552,8
channel-326,537803,30293575,30293586,11
channel-874,293070,30293580,30293585,5
channel-208,1490115,30293583,30293592,9
channel-229,55025,30293587,30293594,7
channel-0,4038415,30293587,30293598,11
channel-208,1490116,30293594,30293605,11
channel-750,682681,30293602,30293609,7
channel-0,4038416,30293606,30293618,12
channel-21113,25328,30293607,30293614,7
channel-115,20390,30293607,30293620,13
channel-874,293071,30293618,30293623,5
channel-874,293072,30293622,30293626,4
channel-208,1490117,30293624,30293630,6
channel-6994,1324501,30293625,30293651,26
channel-1,408358,30293627,30293645,18
channel-326,537804,30293630,30293644,14
channel-326,537805,30293637,30293650,13
channel-874,293073,30293644,30293649,5
channel-148,16087,30293646,30293655,9
channel-0,4038417,30293647,30293671,24
channel-85077,60089,30293648,30293658,10
channel-750,682682,30293650,30293655,5
channel-85077,60090,30293652,30293661,9
channel-750,682683,30293665,30293681,16
channel-85077,60091,30293668,30293675,7
channel-6994,1324502,30293678,30293687,9
channel-874,293074,30293698,30293706,8
channel-208,1490118,30293711,30293721,10
channel-181,13587,30293711,30293722,11
channel-412,64554,30293722,30293735,13
channel-750,682684,30293723,30293727,4
channel-750,682685,30293726,30293742,16
channel-6994,1324503,30293726,30293736,10
channel-0,4038418,30293728,30293745,17
channel-750,682686,30293739,30293754,15
channel-0,4038419,30293744,30293764,20
channel-204,670794,30293747,30305003,11256
channel-0,4038420,30293758,30293767,9
channel-208,1490119,30293759,30293768,9
channel-181,13588,30293761,30293768,7
channel-750,682687,30293769,30293774,5
channel-750,682688,30293770,30293775,5
channel-5,184290,30293774,30293783,9
channel-208,1490120,30293776,30293786,10
channel-2694,3286,30293776,30293785,9
channel-750,682689,30293782,30293795,13
channel-251,85224,30293783,30293794,11
channel-750,682690,30293783,30293825,42
channel-38946,124161,30293783,30293807,24
channel-208,1490121,30293786,30293796,10
channel-6994,1324504,30293790,30293803,13
channel-1,408359,30293792,30293806,14
channel-208,1490122,30293811,30293822,11
channel-750,682691,30293818,30293842,24
channel-6994,1324505,30293821,30293828,7
channel-38946,124162,30293823,30293835,12
channel-782,310190,30293824,30293829,5
channel-208,1490123,30293845,30293855,10
channel-38946,124163,30293869,30293884,15
channel-1,408360,30293898,30293908,10
channel-750,682692,30293900,30293906,6
channel-874,293075,30293903,30293912,9
channel-38946,124164,30293906,30293917,11
channel-208,1490124,30293906,30293917,11
channel-6994,1324506,30293907,30293948,41
channel-38946,124165,30293912,30293927,15
channel-0,4038421,30293915,30293936,21
channel-0,4038422,30293916,30293938,22
channel-2188,43659,30293917,30293922,5
channel-874,293076,30293917,30293937,20
channel-208,1490125,30293918,30293931,13
channel-38946,124166,30293920,30293936,16
channel-412,64555,30293927,30293937,10
channel-874,293077,30293930,30293937,7
channel-412,64556,30293931,30293938,7
channel-0,4038423,30293933,30293943,10
channel-1,408361,30293940,30293975,35
channel-1,408362,30293941,30293975,34
channel-38946,124167,30293943,30293964,21
channel-0,4038424,30293951,30293961,10
channel-38946,124168,30293956,30293967,11
channel-21113,25329,30293957,30293965,8
channel-750,682693,30293963,30293982,19
channel-38946,124169,30293968,30293985,17
channel-6994,1324507,30293968,30294018,50
channel-0,4038425,30293968,30293978,10
channel-122,667999,30293971,30293976,5
channel-750,682694,30293971,30293975,4
channel-0,4038426,30293974,30293999,25
channel-91017,2835,30293974,30293983,9
channel-208,1490126,30293978,30293987,9
channel-42,1489997,30293980,30293989,9
channel-0,4038427,30293994,30294004,10
channel-208,1490127,30293995,30294005,10
channel-0,4038428,30293996,30294004,8
channel-38946,124171,30293998,30299174,5176
channel-1,408363,30294016,30294024,8
channel-208,1490128,30294019,30294028,9
channel-0,4038429,30294023,30294046,23
channel-38946,124172,30294024,30294037,13
channel-874,293078,30294025,30294039,14
channel-783,104233,30294026,30294031,5
channel-874,293079,30294026,30294029,3
channel-0,4038430,30294028,30294052,24
channel-6994,1324508,30294028,30294038,10
channel-38946,124173,30294029,30294059,30
channel-750,682695,30294030,30294035,5
channel-0,4038431,30294031,30294056,25
channel-188,190569,30294031,30294075,44
channel-750,682696,30294033,30294047,14
channel-6994,1324509,30294034,30294073,39
channel-184,137414,30294037,30294049,12
channel-89321,19448,30294040,30294051,11
channel-115,20391,30294040,30294051,11
channel-0,4038432,30294041,30294052,11
channel-0,4038433,30294044,30294056,12
channel-38946,124174,30294052,30294077,25
channel-1429,140715,30294059,30294071,12
channel-98451,37,30294062,30294079,17
channel-88,467109,30294062,30294076,14
channel-42,1489998,30294064,30294089,25
channel-91017,2836,30294068,30294079,11
channel-326,537806,30294075,30294093,18
channel-199,132727,30294077,30294086,9
channel-783,104234,30294082,30294088,6
channel-0,4038434,30294082,30294095,13
channel-750,682697,30294083,30294087,4
channel-184,137415,30294086,30294098,12
channel-6994,1324510,30294100,30294146,46
channel-0,4038435,30294103,30294123,20
channel-0,4038436,30294104,30294112,8
channel-412,64557,30294117,30294125,8
channel-750,682698,30294118,30294123,5
channel-783,104235,30294118,30294124,6
channel-208,1490129,30294123,30294134,11
channel-199,132728,30294133,30294142,9
channel-412,64558,30294137,30294148,11
channel-38946,124177,30294140,30294157,17
channel-750,682699,30294141,30294146,5
channel-1,408364,30294146,30294168,22
channel-38946,124178,30294153,30294169,16
channel-6994,1324511,30294160,30294201,41
channel-38946,124179,30294172,30294192,20
channel-0,4038437,30294177,30294186,9
channel-874,293080,30294181,30294186,5
channel-38946,124180,30294181,30294208,27
channel-750,682700,30294192,30294204,12
channel-38946,124181,30294192,30294201,9
channel-412,64559,30294196,30294205,9
channel-750,682701,30294198,30294209,11
channel-412,64560,30294204,30294214,10
channel-750,682702,30294207,30294221,14
channel-0,4038438,30294224,30294238,14
channel-2186,40782,30294224,30294238,14
channel-38946,124182,30294229,30294244,15
channel-0,4038439,30294240,30294250,10
channel-750,682703,30294243,30294248,5
channel-0,4038440,30294245,30294253,8
channel-208,1490130,30294246,30294253,7
channel-85077,60092,30294247,30294253,6
channel-208,1490131,30294260,30294272,12
channel-85077,60093,30294264,30294272,8
channel-0,4038441,30294268,30294276,8
channel-750,682704,30294278,30294289,11
channel-1,408365,30294282,30294291,9
channel-326,537807,30294287,30294302,15
channel-750,682705,30294290,30294301,11
channel-783,104236,30294292,30294300,8
channel-0,4038442,30294299,30294307,8
channel-89321,19449,30294312,30294322,10
channel-750,682706,30294317,30294328,11
channel-208,1490132,30294334,30294345,11
channel-0,4038443,30294346,30294360,14
channel-6994,1324512,30294348,30294357,9
channel-874,293081,30294350,30294358,8
channel-0,4038444,30294379,30294389,10
channel-6994,1324513,30294464,30294474,10
channel-113,301328,30294467,30294482,15
channel-115,20392,30294470,30294479,9
channel-0,4038445,30294473,30294485,12
channel-412,64561,30294474,30294483,9
channel-113,301329,30294485,30294508,23
channel-6994,1324514,30294504,30294515,11
channel-0,4038446,30294516,30294529,13
channel-208,1490133,30294520,30294532,12
channel-1,408366,30294520,30294530,10
channel-251,85225,30294522,30294532,10
channel-88,467110,30294523,30294537,14
channel-783,104237,30294531,30294537,6
channel-782,310191,30294538,30294546,8
channel-750,682707,30294540,30294548,8
channel-85077,60094,30294540,30294548,8
channel-6994,1324515,30294542,30294550,8
channel-208,1490134,30294545,30294552,7
channel-171,7590,30294547,30294555,8
channel-6994,1324516,30294552,30294565,13
channel-750,682708,30294566,30294570,4
channel-208,1490135,30294568,30294581,13
channel-750,682709,30294569,30294580,11
channel-0,4038447,30294576,30294586,10
channel-0,4038448,30294581,30294590,9
channel-15464,2656,30294581,30294594,13
channel-208,1490136,30294589,30294598,9
channel-208,1490137,30294598,30294608,10
channel-750,682710,30294608,30294613,5
channel-874,293082,30294612,30294622,10
channel-6994,1324517,30294612,30294624,12
channel-412,64562,30294616,30294628,12
channel-750,682711,30294618,30294624,6
channel-750,682712,30294621,30294633,12
channel-42,1489999,30294641,30294649,8
channel-208,1490138,30294647,30294656,9
channel-208,1490139,30294648,30294656,8
channel-0,4038449,30294648,30294655,7
channel-412,64563,30294652,30294661,9
channel-1279,67125,30294667,30294683,16
channel-6994,1324518,30294678,30294688,10
channel-89321,19450,30294681,30294688,7
channel-750,682713,30294686,30294695,9
channel-0,4038450,30294695,30294706,11
channel-0,4038451,30294704,30294715,11
channel-750,682714,30294710,30294721,11
channel-6994,1324519,30294719,30294729,10
channel-88,467111,30294763,30294777,14
channel-122,668000,30294763,30294766,3
channel-750,682715,30294780,30294795,15
channel-6787,166697,30294784,30294788,4
channel-412,64564,30294791,30294801,10
channel-750,682716,30294795,30294800,5
channel-326,537808,30294800,30294818,18
channel-6994,1324520,30294801,30294810,9
channel-750,682717,30294801,30294806,5
channel-122,668001,30294813,30294816,3
channel-0,4038452,30294817,30294829,12
channel-1,408367,30294821,30294832,11
channel-0,4038453,30294827,30294838,11
channel-208,1490140,30294843,30294856,13
channel-251,85226,30294852,30294864,12
channel-1,408368,30294855,30294881,26
channel-2494,31929,30294861,30294869,8
channel-0,4038454,30294862,30294867,5
channel-258,17754,30294863,30294874,11
channel-750,682718,30294869,30294875,6
channel-0,4038455,30294874,30294883,9
channel-0,4038456,30294875,30294883,8
channel-1,408369,30294877,30294916,39
channel-2188,43660,30294881,30294885,4
channel-122,668002,30294882,30294885,3
channel-750,682719,30294883,30294887,4
channel-6994,1324521,30294895,30294905,10
channel-412,64565,30294908,30294916,8
channel-750,682720,30294916,30294931,15
channel-89321,19451,30294917,30294927,10
channel-0,4038457,30294931,30294944,13
channel-208,1490141,30294935,30294945,10
channel-85077,60095,30294936,30294944,8
channel-2,130629,30294945,30294958,13
channel-208,1490142,30294953,30294965,12
channel-1429,140716,30294955,30294963,8
channel-208,1490143,30294962,30294974,12
channel-208,1490144,30294967,30294978,11
channel-750,682721,30294972,30294981,9
channel-122,668003,30294975,30294978,3
channel-750,682722,30294977,30294988,11
channel-0,4038458,30294978,30294988,10
channel-88,467112,30294985,30294996,11
channel-782,310192,30294995,30295000,5
channel-750,682723,30295000,30295013,13
channel-750,682724,30295001,30295014,13
channel-750,682725,30295008,30295013,5
channel-251,85227,30295008,30295020,12
channel-782,310193,30295013,30295021,8
channel-0,4038459,30295020,30295032,12
channel-750,682726,30295027,30295043,16
channel-412,64566,30295027,30295043,16
channel-782,310194,30295033,30295040,7
channel-6994,1324522,30295038,30295051,13
channel-0,4038460,30295043,30295053,10
channel-750,682727,30295053,30295059,6
channel-326,537809,30295076,30295083,7
channel-89298,18660,30295076,30295088,12
channel-6994,1324523,30295084,30295094,10
channel-8945,17746,30295086,30295097,11
channel-6787,166698,30295088,30295093,5
channel-1279,67126,30295092,30295111,19
channel-0,4038461,30295100,30295110,10
channel-750,682728,30295109,30295123,14
channel-42,1490000,30295117,30295123,6
channel-750,682729,30295119,30295122,3
channel-326,537810,30295125,30295130,5
channel-8945,17747,30295128,30295138,10
channel-750,682730,30295129,30295146,17
channel-89321,19452,30295130,30295140,10
channel-783,104238,30295133,30295142,9
channel-874,293083,30295144,30295149,5
channel-6994,1324524,30295146,30295156,10
channel-216,94221,30295151,30295312,161
channel-8945,17748,30295154,30295163,9
channel-208,1490145,30295154,30295166,12
channel-19774,345955,30295155,30295165,10
channel-122,668004,30295161,30295165,4
channel-0,4038462,30295165,30295175,10
channel-1634,6718,30295169,30295197,28
channel-320,119194,30295180,30295208,28
channel-0,4038463,30295190,30295203,13
channel-75,845015,30295199,30295206,7
channel-2494,31930,30295201,30295212,11
channel-1429,140717,30295207,30295218,11
channel-326,537811,30295207,30295213,6
channel-208,1490146,30295209,30295219,10
channel-0,4038464,30295215,30295225,10
channel-0,4038465,30295215,30295225,10
channel-767,14366,30295216,30295227,11
channel-0,4038466,30295223,30295244,21
channel-208,1490147,30295245,30295255,10
channel-199,132729,30295249,30295261,12
channel-326,537812,30295250,30295256,6
channel-85077,60096,30295262,30295270,8
channel-2186,40783,30295267,30295279,12
channel-0,4038467,30295284,30295293,9
channel-326,537813,30295296,30295302,6
channel-0,4038468,30295304,30295316,12
channel-326,537814,30295306,30295313,7
channel-94814,3761,30295312,30295323,11
channel-0,4038469,30295313,30295324,11
channel-326,537815,30295339,30295345,6
channel-782,310195,30295340,30295345,5
channel-2494,31931,30295349,30295362,13
channel-208,1490148,30295349,30295361,12
channel-326,537816,30295351,30295358,7
channel-204,670795,30295367,30295378,11
channel-75,845016,30295376,30295384,8
channel-320,119195,30295383,30295394,11
channel-326,537817,30295390,30295397,7
channel-6994,1324525,30295393,30295406,13
channel-122,668005,30295396,30295400,4
channel-750,682731,30295397,30295407,10
channel-1,408370,30295398,30295416,18
channel-122,668006,30295415,30295420,5
channel-75,845017,30295418,30295426,8
channel-122,668007,30295427,30295431,4
channel-750,682732,30295435,30295449,14
channel-326,537818,30295440,30295446,6
channel-5,184291,30295440,30295451,11
channel-208,1490149,30295465,30295477,12
channel-750,682733,30295475,30295489,14
channel-0,4038470,30295480,30295494,14
channel-326,537819,30295486,30295497,11
channel-4,166955,30295489,30295524,35
channel-6994,1324526,30295491,30295525,34
channel-5,184292,30295494,30295501,7
channel-6994,1324527,30295496,30295507,11
channel-2188,43661,30295499,30295502,3
channel-783,104239,30295501,30295512,11
channel-75,845018,30295505,30295511,6
channel-208,1490150,30295506,30295519,13
channel-4,166956,30295510,30295553,43
channel-1429,140718,30295517,30295529,12
channel-4,166957,30295522,30295553,31
channel-0,4038471,30295522,30295550,28
channel-326,537820,30295523,30295529,6
channel-326,537821,30295536,30295545,9
channel-6994,1324528,30295555,30295566,11
channel-326,537822,30295571,30295577,6
channel-47,198638,30295583,30295594,11
channel-0,4038472,30295603,30295612,9
channel-204,670796,30295612,30305003,9391
channel-326,537823,30295618,30295624,6
channel-47,198639,30295633,30295644,11
channel-19774,345956,30295661,30295671,10
channel-326,537824,30295665,30295673,8
channel-6994,1324529,30295671,30295681,10
channel-750,682734,30295699,30295704,5
channel-8,43458,30295703,30295734,31
channel-6994,1324530,30295703,30295712,9
channel-2494,31932,30295705,30295723,18
channel-5,184293,30295707,30295719,12
channel-326,537825,30295712,30295722,10
channel-1429,140719,30295721,30295731,10
channel-204,670797,30295724,30295733,9
channel-144,86686,30295725,30295736,11
channel-21113,25330,30295726,30295734,8
channel-320,119196,30295746,30295773,27
channel-208,1490151,30295748,30295759,11
channel-412,64567,30295748,30295757,9
channel-122,668009,30295755,30295758,3
channel-326,537826,30295758,30295768,10
channel-181,13589,30295765,30295778,13
channel-0,4038473,30295783,30295796,13
channel-6787,166699,30295793,30295798,5
channel-208,1490152,30295800,30295811,11
channel-750,682735,30295802,30295813,11
channel-326,537827,30295809,30295818,9
channel-216,94222,30295812,30295882,70
channel-6994,1324531,30295824,30295834,10
channel-750,682736,30295825,30295830,5
channel-19774,345957,30295838,30295849,11
channel-326,537828,30295840,30295847,7
channel-326,537829,30295849,30295854,5
channel-6994,1324532,30295851,30295863,12
channel-6994,1324533,30295866,30295889,23
channel-19774,345958,30295879,30295892,13
channel-2494,31933,30295890,30295902,12
channel-326,537830,30295893,30295898,5
channel-0,4038474,30295900,30295911,11
channel-19774,345959,30295900,30295911,11
channel-1,408371,30295905,30295934,29
channel-750,682737,30295909,30295925,16
channel-326,537831,30295909,30295912,3
channel-6994,1324534,30295917,30295947,30
channel-412,64568,30295927,30295938,11
channel-326,537832,30295934,30295940,6
channel-115,20393,30295934,30295946,12
channel-208,1490153,30295935,30295944,9
channel-6994,1324535,30295936,30295947,11
channel-75,845019,30295946,30295952,6
channel-6994,1324536,30295948,30295960,12
channel-326,537833,30295979,30295984,5
channel-108,39850,30295989,30296000,11
channel-750,682738,30295991,30296004,13
channel-326,537834,30296015,30296022,7
channel-0,4038475,30296024,30296056,32
channel-750,682739,30296024,30296038,14
channel-326,537835,30296026,30296032,6
channel-326,537836,30296031,30296038,7
channel-143,128349,30296049,30296115,66
channel-6994,1324537,30296066,30296108,42
channel-85077,60097,30296068,30296077,9
channel-85077,60098,30296070,30296085,15
channel-326,537837,30296071,30296079,8
channel-1,408372,30296077,30296092,15
channel-0,4038476,30296082,30296106,24
channel-42,1490001,30296084,30296094,10
channel-85077,60099,30296085,30296094,9
channel-6994,1324538,30296112,30296125,13
channel-326,537838,30296115,30296119,4
channel-0,4038477,30296120,30296132,12
channel-85077,60100,30296121,30296129,8
channel-208,1490154,30296121,30296131,10
channel-750,682740,30296123,30296128,5
channel-208,1490155,30296125,30296136,11
channel-326,537839,30296126,30296131,5
channel-6994,1324539,30296132,30296172,40
channel-6994,1324540,30296138,30296152,14
channel-204,670798,30296142,30296152,10
channel-750,682741,30296145,30296159,14
channel-326,537840,30296167,30296176,9
channel-122,668010,30296168,30296172,4
channel-6994,1324541,30296176,30296185,9
channel-85077,60101,30296188,30296197,9
channel-85077,60102,30296188,30296197,9
channel-750,682742,30296193,30296205,12
channel-98451,38,30296194,30296204,10
channel-0,4038478,30296195,30296219,24
channel-750,682743,30296201,30296214,13
channel-326,537841,30296204,30296211,7
channel-6994,1324542,30296205,30296219,14
channel-6994,1324543,30296206,30296219,13
channel-85077,60103,30296206,30296217,11
channel-204,670799,30296208,30305009,8801
channel-326,537842,30296217,30296224,7
channel-326,537843,30296231,30296238,7
channel-750,682744,30296233,30296238,5
channel-6994,1324544,30296240,30296257,17
channel-750,682745,30296250,30296263,13
channel-326,537844,30296251,30296258,7
channel-38946,124183,30296257,30296279,22
channel-326,537845,30296261,30296268,7
channel-326,537846,30296272,30296277,5
channel-326,537847,30296284,30296293,9
channel-216,94223,30296305,30296404,99
channel-326,537848,30296307,30296317,10
channel-122,668012,30296310,30296319,9
channel-326,537849,30296317,30296321,4
channel-782,310197,30296319,30296325,6
channel-208,1490156,30296331,30296343,12
channel-326,537850,30296336,30296346,10
channel-115,20394,30296336,30296344,8
channel-782,310198,30296341,30296346,5
channel-326,537851,30296353,30296359,6
channel-6994,1324545,30296353,30296366,13
channel-326,537852,30296370,30296379,9
channel-0,4038479,30296376,30296384,8
channel-6994,1324546,30296380,30296393,13
channel-6787,166700,30296382,30296387,5
channel-208,1490157,30296384,30296397,13
channel-750,682746,30296384,30296397,13
channel-326,537853,30296388,30296395,7
channel-0,4038480,30296391,30296402,11
channel-208,1490158,30296394,30296407,13
channel-204,670800,30296403,30305009,8606
channel-326,537854,30296406,30296412,6
channel-259,314294,30296416,30296425,9
channel-6787,166701,30296423,30296427,4
channel-412,64569,30296428,30296438,10
channel-143,128350,30296430,30296443,13
channel-320,119197,30296431,30296474,43
channel-0,4038481,30296434,30296443,9
channel-85077,60104,30296436,30296442,6
channel-6994,1324547,30296437,30296448,11
channel-326,537855,30296437,30296443,6
channel-6994,1324548,30296450,30296463,13
channel-208,1490159,30296454,30296467,13
channel-204,670801,30296454,30296461,7
channel-122,668013,30296455,30296459,4
channel-6994,1324549,30296462,30296472,10
channel-165,71443,30296474,30296482,8
channel-0,4038482,30296477,30296486,9
channel-326,537856,30296483,30296489,6
channel-85077,60105,30296486,30296496,10
channel-2494,31934,30296497,30296508,11
channel-6994,1324550,30296506,30296519,13
channel-85077,60106,30296512,30296523,11
channel-6787,166702,30296514,30296519,5
channel-85077,60107,30296519,30296526,7
channel-6994,1324551,30296520,30296530,10
channel-85077,60108,30296521,30296529,8
channel-122,668014,30296521,30296524,3
channel-750,682747,30296527,30296540,13
channel-326,537857,30296529,30296540,11
channel-251,85228,30296529,30296540,11
channel-19774,345960,30296544,30296557,13
channel-0,4038483,30296547,30296557,10
channel-122,668015,30296551,30296556,5
channel-0,4038484,30296552,30296576,24
channel-85077,60109,30296557,30296566,9
channel-0,4038485,30296563,30296576,13
channel-19774,345961,30296569,30296581,12
channel-6994,1324552,30296571,30296581,10
channel-326,537858,30296575,30296581,6
channel-143,128351,30296576,30296604,28
channel-874,293084,30296576,30296585,9
channel-208,1490160,30296588,30296601,13
channel-208,1490161,30296590,30296601,11
channel-0,4038486,30296595,30296606,11
channel-6994,1324553,30296600,30296627,27
channel-6994,1324554,30296611,30296622,11
channel-326,537859,30296620,30296628,8
channel-0,4038487,30296624,30296635,11
channel-1,408373,30296624,30296638,14
channel-216,94224,30296630,30296692,62
channel-412,64570,30296631,30296641,10
channel-85077,60110,30296632,30296641,9
channel-0,4038488,30296647,30296659,12
channel-6994,1324555,30296650,30296675,25
channel-85077,60111,30296652,30296662,10
channel-94814,3762,30296657,30296666,9
channel-326,537860,30296664,30296672,8
channel-6994,1324556,30296665,30296675,10
channel-0,4038489,30296669,30296675,6
channel-208,1490162,30296672,30296683,11
channel-6994,1324557,30296678,30296690,12
channel-0,4038490,30296697,30296710,13
channel-6787,166703,30296700,30296704,4
channel-326,537861,30296713,30296720,7
channel-19774,345962,30296717,30296727,10
channel-1,408374,30296717,30296728,11
channel-1,408375,30296727,30296740,13
channel-326,537862,30296750,30296756,6
channel-19774,345963,30296761,30296772,11
channel-122,668017,30296775,30296781,6
channel-199,132730,30296799,30296809,10
channel-326,537863,30296803,30296809,6
channel-94814,3763,30296810,30296819,9
channel-208,1490163,30296814,30296826,12
channel-326,537864,30296836,30296846,10
channel-6994,1324558,30296836,30296848,12
channel-750,682748,30296837,30296842,5
channel-326,537865,30296843,30296852,9
channel-208,1490164,30296843,30296852,9
channel-0,4038491,30296845,30296855,10
channel-0,4038492,30296846,30296855,9
channel-208,1490165,30296850,30296860,10
channel-6994,1324559,30296865,30296874,9
channel-6994,1324560,30296876,30296903,27
channel-6994,1324561,30296878,30296887,9
channel-85077,60112,30296880,30296895,15
channel-115,20395,30296881,30296888,7
channel-6994,1324562,30296883,30296892,9
channel-251,85229,30296884,30296894,10
channel-326,537866,30296885,30296893,8
channel-208,1490166,30296886,30296896,10
channel-208,1490167,30296891,30296900,9
channel-750,682749,30296893,30296905,12
channel-326,537867,30296896,30296903,7
channel-188,190570,30296899,30296932,33
channel-1,408376,30296902,30296921,19
channel-85077,60113,30296908,30296916,8
channel-208,1490168,30296909,30296918,9
channel-326,537868,30296910,30296915,5
channel-251,85230,30296910,30296922,12
channel-88,467113,30296915,30296929,14
channel-750,682750,30296916,30296924,8
channel-208,1490169,30296921,30296932,11
channel-750,682751,30296923,30296940,17
channel-208,1490170,30296924,30296932,8
channel-0,4038493,30296925,30296946,21
channel-188,190571,30296925,30296959,34
channel-326,537869,30296935,30296943,8
channel-750,682752,30296936,30296942,6
channel-188,190572,30296941,30296961,20
channel-6787,166704,30296948,30296953,5
channel-326,537870,30296948,30296956,8
channel-208,1490171,30296959,30296969,10
channel-0,4038494,30296964,30296972,8
channel-188,190573,30296966,30297015,49
channel-326,537871,30296967,30296973,6
channel-188,190574,30296970,30297015,45
channel-251,85231,30296971,30296982,11
channel-6787,166705,30296971,30296975,4
channel-326,537872,30296977,30296983,6
channel-6994,1324563,30296978,30296990,12
channel-874,293085,30296987,30296997,10
channel-326,537873,30296987,30296995,8
channel-208,1490172,30296990,30297001,11
channel-251,85232,30296998,30297007,9
channel-326,537874,30296999,30297008,9
channel-208,1490173,30297001,30297010,9
channel-6994,1324564,30297004,30297014,10
channel-98451,39,30297006,30297020,14
channel-42,1490002,30297010,30297019,9
channel-188,190575,30297012,30297045,33
channel-199,132731,30297015,30297027,12
channel-326,537875,30297020,30297025,5
channel-750,682753,30297022,30297031,9
channel-85077,60114,30297030,30297048,18
channel-208,1490174,30297031,30297043,12
channel-85077,60115,30297042,30297073,31
channel-188,190576,30297043,30297072,29
channel-750,682754,30297044,30297048,4
channel-6994,1324565,30297050,30297060,10
channel-750,682755,30297058,30297063,5
channel-0,4038495,30297059,30297083,24
channel-208,1490175,30297062,30297070,8
channel-326,537876,30297066,30297073,7
channel-188,190577,30297068,30297085,17
channel-750,682756,30297072,30297077,5
channel-750,682757,30297073,30297077,4
channel-326,537877,30297075,30297083,8
channel-208,1490176,30297077,30297090,13
channel-85077,60116,30297078,30297087,9
channel-326,537878,30297088,30297097,9
channel-85077,60117,30297088,30297101,13
channel-874,293086,30297095,30297102,7
channel-750,682758,30297096,30297106,10
channel-0,4038496,30297096,30297105,9
channel-0,4038497,30297102,30297808,706
channel-122,668019,30297109,30297118,9
channel-326,537879,30297114,30297120,6
channel-0,4038498,30297119,30297128,9
channel-6994,1324566,30297121,30297159,38
channel-85077,60118,30297126,30297134,8
channel-750,682759,30297127,30297135,8
channel-0,4038499,30297127,30297138,11
channel-85077,60119,30297128,30297138,10
channel-85077,60120,30297128,30297138,10
channel-85077,60121,30297143,30297151,8
channel-0,4038500,30297146,30297155,9
channel-143,128352,30297150,30297229,79
channel-750,682760,30297153,30297164,11
channel-750,682761,30297155,30297160,5
channel-326,537880,30297156,30297159,3
channel-6994,1324567,30297159,30297173,14
channel-6994,1324568,30297159,30297173,14
channel-208,1490177,30297163,30297173,10
channel-6994,1324569,30297169,30297182,13
channel-326,537881,30297173,30297179,6
channel-750,682762,30297175,30297181,6
channel-122,668020,30297178,30297182,4
channel-6994,1324570,30297180,30297222,42
channel-85077,60122,30297187,30297198,11
channel-326,537882,30297194,30297228,34
channel-326,537883,30297199,30297207,8
channel-750,682763,30297202,30297211,9
channel-750,682764,30297210,30297226,16
channel-85791,3763,30297214,30297221,7
channel-0,4038501,30297221,30297229,8
channel-326,537884,30297227,30297233,6
channel-208,1490178,30297228,30297240,12
channel-0,4038502,30297230,30297239,9
channel-750,682765,30297236,30297241,5
channel-85791,3764,30297238,30297244,6
channel-6994,1324571,30297240,30297252,12
channel-6994,1324572,30297243,30297279,36
channel-326,537885,30297243,30297248,5
channel-19774,345964,30297244,30297259,15
channel-85791,3765,30297257,30297262,5
channel-0,4038503,30297263,30297270,7
channel-0,4038504,30297269,30297278,9
channel-85791,3766,30297276,30297281,5
channel-326,537886,30297290,30297297,7
channel-85791,3767,30297296,30297302,6
channel-6994,1324573,30297296,30297306,10
channel-874,293087,30297307,30297313,6
channel-6994,1324574,30297308,30297348,40
channel-95,331595,30297314,30297329,15
channel-326,537887,30297319,30297329,10
channel-19774,345965,30297321,30297335,14
channel-98451,40,30297333,30297344,11
channel-188,190578,30297335,30297355,20
channel-143,128353,30297336,30297374,38
channel-326,537888,30297340,30297347,7
channel-6994,1324575,30297347,30297356,9
channel-750,682766,30297348,30297353,5
channel-326,537889,30297355,30297362,7
channel-750,682767,30297366,30297370,4
channel-6994,1324576,30297367,30297414,47
channel-199,132732,30297377,30297385,8
channel-6994,1324577,30297377,30297388,11
channel-782,310199,30297390,30297396,6
channel-85077,60123,30297399,30297407,8
channel-326,537890,30297407,30297413,6
channel-143,128354,30297422,30297448,26
channel-6994,1324578,30297427,30297468,41
channel-326,537891,30297431,30297436,5
channel-0,4038505,30297437,30297449,12
channel-750,682768,30297445,30297456,11
channel-326,537892,30297461,30297473,12
channel-232,49198,30297463,30297475,12
channel-0,4038506,30297482,30297500,18
channel-326,537893,30297483,30297488,5
channel-208,1490179,30297486,30297493,7
channel-6994,1324579,30297491,30297530,39
channel-326,537894,30297495,30297503,8
channel-88,467114,30297495,30297512,17
channel-208,1490180,30297503,30297515,12
channel-1279,67127,30297525,30297558,33
channel-188,190579,30297537,30297557,20
channel-85077,60124,30297538,30297557,19
channel-412,64571,30297541,30297552,11
channel-0,4038507,30297551,30297564,13
channel-6994,1324580,30297555,30297589,34
channel-6994,1324581,30297564,30297571,7
channel-6994,1324582,30297570,30297580,10
channel-115,20396,30297572,30297585,13
channel-326,537895,30297574,30297579,5
channel-188,190580,30297585,30297604,19
channel-326,537896,30297589,30297594,5
channel-122,668023,30297592,30297597,5
channel-0,4038508,30297594,30297604,10
channel-122,668024,30297595,30297599,4
channel-6994,1324583,30297597,30297607,10
channel-326,537897,30297605,30297678,73
channel-199,132733,30297614,30297626,12
channel-6994,1324584,30297616,30297656,40
channel-326,537898,30297617,30297627,10
channel-0,4038509,30297618,30297808,190
channel-1575,15192,30297620,30297631,11
channel-750,682769,30297630,30297635,5
channel-750,682770,30297638,30297647,9
channel-188,190581,30297642,30297665,23
channel-326,537899,30297651,30297658,7
channel-750,682771,30297651,30297661,10
channel-326,537900,30297661,30297669,8
channel-326,537901,30297669,30297678,9
channel-6994,1324585,30297691,30297703,12
channel-326,537902,30297701,30297707,6
channel-326,537903,30297704,30297711,7
channel-767,14367,30297705,30297712,7
channel-122,668025,30297709,30297712,3
channel-0,4038510,30297718,30297727,9
channel-326,537904,30297722,30297761,39
channel-6994,1324586,30297725,30297734,9
channel-326,537905,30297725,30297734,9
channel-85077,60125,30297731,30297741,10
channel-750,682772,30297735,30297740,5
channel-85077,60126,30297737,30297747,10
channel-326,537906,30297750,30297754,4
channel-143,128355,30297754,30297767,13
channel-0,4038511,30297756,30297767,11
channel-750,682773,30297765,30297772,7
channel-326,537907,30297778,30297783,5
channel-88,467115,30297778,30297851,73
channel-326,537908,30297794,30297800,6
channel-750,682774,30297797,30297802,5
channel-208,1490181,30297803,30297813,10
channel-259,314295,30297803,30297809,6
channel-115,20397,30297814,30297828,14
channel-89298,18661,30297816,30297828,12
channel-0,4038512,30297816,30297822,6
channel-0,4038513,30297820,30297830,10
channel-216,94225,30297820,30297889,69
channel-208,1490182,30297820,30297830,10
channel-208,1490183,30297825,30297835,10
channel-750,682775,30297828,30297842,14
channel-1,408377,30297830,30297877,47
channel-326,537909,30297834,30297842,8
channel-326,537910,30297845,30297850,5
channel-0,4038514,30297851,30297858,7
channel-0,4038515,30297865,30297877,12
channel-6994,1324587,30297867,30297877,10
channel-326,537911,30297874,30297879,5
channel-326,537912,30297883,30297893,10
channel-0,4038516,30297892,30297902,10
channel-38946,124184,30297894,30297907,13
channel-0,4038517,30297896,30297903,7
channel-1,408378,30297922,30297932,10
channel-6994,1324588,30297922,30297931,9
channel-0,4038518,30297924,30297932,8
channel-85077,60127,30297926,30297940,14
channel-326,537913,30297930,30297936,6
channel-0,4038519,30297940,30297952,12
channel-122,668026,30297945,30297948,3
channel-0,4038520,30297945,30297957,12
channel-0,4038521,30297953,30297983,30
channel-216,94226,30297963,30298053,90
channel-0,4038522,30297965,30297977,12
channel-85077,60128,30297974,30297982,8
channel-326,537914,30297981,30297991,10
channel-122,668027,30297981,30297985,4
channel-208,1490184,30297983,30297994,11
channel-199,132734,30297983,30297995,12
channel-85077,60129,30297987,30297996,9
channel-1429,140720,30297992,30298002,10
channel-0,4038523,30298005,30298011,6
channel-326,537915,30298013,30298018,5
channel-750,682776,30298015,30298028,13
channel-326,537916,30298022,30298028,6
channel-6994,1324589,30298027,30298039,12
channel-6994,1324590,30298037,30298051,14
channel-6994,1324591,30298040,30298056,16
channel-85077,60130,30298048,30298058,10
channel-38946,124185,30298057,30298068,11
channel-0,4038524,30298064,30298075,11
channel-208,1490185,30298067,30298078,11
channel-326,537917,30298073,30298082,9
channel-750,682777,30298088,30298100,12
channel-143,128356,30298088,30298100,12
channel-122,668028,30298088,30298094,6
channel-0,4038525,30298092,30298101,9
channel-199,132735,30298095,30298103,8
channel-326,537918,30298100,30298105,5
channel-208,1490186,30298101,30298113,12
channel-199,132736,30298105,30298118,13
channel-874,293088,30298108,30298115,7
channel-0,4038526,30298108,30298117,9
channel-143,128357,30298114,30298234,120
channel-0,4038527,30298117,30298126,9
channel-326,537919,30298117,30298123,6
channel-0,4038528,30298119,30298130,11
channel-6994,1324592,30298119,30298129,10
channel-1,408379,30298121,30298138,17
channel-1,408380,30298125,30298138,13
channel-750,682778,30298126,30298135,9
channel-1,408381,30298128,30298138,10
channel-6787,166706,30298130,30298134,4
channel-1,408382,30298135,30298148,13
channel-6994,1324593,30298139,30298153,14
channel-750,682779,30298144,30298149,5
channel-0,4038529,30298150,30298162,12
channel-783,104240,30298151,30298158,7
channel-2694,3287,30298157,30298173,16
channel-326,537920,30298160,30298166,6
channel-750,682780,30298167,30298173,6
channel-6994,1324594,30298167,30298176,9
channel-199,132737,30298180,30298190,10
channel-216,94227,30298181,30298252,71
channel-326,537921,30298186,30298193,7
channel-216,94228,30298186,30298252,66
channel-750,682781,30298187,30298195,8
channel-750,682782,30298190,30298212,22
channel-750,682783,30298191,30298200,9
channel-750,682784,30298192,30298211,19
channel-0,4038530,30298198,30298211,13
channel-326,537922,30298200,30298206,6
channel-216,94229,30298202,30298310,108
channel-0,4038531,30298214,30298228,14
channel-750,682785,30298228,30298241,13
channel-0,4038532,30298231,30298243,12
channel-750,682786,30298240,30298251,11
channel-122,668029,30298243,30298247,4
channel-326,537923,30298247,30298252,5
channel-783,104241,30298253,30298262,9
channel-85077,60131,30298255,30298265,10
channel-85077,60132,30298257,30298271,14
channel-6994,1324595,30298259,30298269,10
channel-750,682787,30298260,30298265,5
channel-750,682788,30298264,30298276,12
channel-326,537924,30298272,30298277,5
channel-750,682789,30298278,30298289,11
channel-148,16088,30298288,30298296,8
channel-2694,3288,30298290,30298310,20
channel-208,1490187,30298290,30298302,12
channel-326,537925,30298294,30298300,6
channel-208,1490188,30298296,30298308,12
channel-79703,4446,30298297,30298312,15
channel-85077,60133,30298298,30298309,11
channel-0,4038533,30298303,30298329,26
channel-0,4038534,30298311,30298323,12
channel-0,4038535,30298324,30298333,9
channel-0,4038536,30298327,30298349,22
channel-208,1490189,30298328,30298339,11
channel-148,16089,30298330,30298337,7
channel-85077,60134,30298332,30298340,8
channel-750,682790,30298338,30298355,17
channel-326,537926,30298340,30298348,8
channel-783,104242,30298343,30298353,10
channel-750,682791,30298350,30298360,10
channel-750,682792,30298361,30298376,15
channel-750,682793,30298361,30298373,12
channel-326,537927,30298368,30298377,9
channel-750,682794,30298368,30298374,6
channel-75,845020,30298368,30298375,7
channel-0,4038537,30298368,30298381,13
channel-2694,3289,30298373,30298388,15
channel-750,682795,30298383,30298396,13
channel-85077,60135,30298384,30298399,15
channel-326,537928,30298387,30298393,6
channel-0,4038538,30298390,30298400,10
channel-750,682796,30298399,30298413,14
channel-115,20398,30298404,30298414,10
channel-750,682797,30298408,30298419,11
channel-6994,1324596,30298417,30298426,9
channel-326,537929,30298429,30298440,11
channel-208,1490190,30298434,30298442,8
channel-750,682798,30298436,30298445,9
channel-6994,1324597,30298449,30298459,10
channel-750,682799,30298459,30298470,11
channel-0,4038539,30298459,30298469,10
channel-85077,60136,30298460,30298470,10
channel-1429,140721,30298468,30298480,12
channel-2694,3290,30298469,30298489,20
channel-6994,1324598,30298473,30298500,27
channel-326,537930,30298478,30298485,7
channel-2188,43662,30298482,30298487,5
channel-85077,60137,30298484,30298493,9
channel-750,682800,30298484,30298488,4
channel-85077,60138,30298486,30298505,19
channel-326,537931,30298487,30298496,9
channel-326,537932,30298501,30298507,6
channel-85077,60139,30298502,30298511,9
channel-85077,60140,30298505,30298518,13
channel-750,682801,30298521,30298526,5
channel-750,682802,30298522,30298537,15
channel-85077,60141,30298523,30298532,9
channel-750,682803,30298524,30298537,13
channel-75755,5542,30298525,30298536,11
channel-326,537933,30298526,30298531,5
channel-750,682804,30298535,30298554,19
channel-6994,1324599,30298540,30298568,28
channel-750,682805,30298542,30298553,11
channel-326,537934,30298557,30298563,6
channel-85077,60142,30298558,30298568,10
channel-8945,17749,30298560,30298570,10
channel-326,537935,30298566,30298575,9
channel-91017,2838,30298566,30298973,407
channel-1,408383,30298568,30298625,57
channel-0,4038540,30298573,30298584,11
channel-6994,1324600,30298588,30298600,12
channel-2716,2665,30298591,30298657,66
channel-89321,19453,30298595,30298603,8
channel-0,4038541,30298604,30298634,30
channel-259,314296,30298606,30298613,7
channel-326,537936,30298608,30298613,5
channel-0,4038542,30298611,30298629,18
channel-85077,60143,30298612,30298621,9
channel-188,190582,30298613,30298638,25
channel-85077,60144,30298615,30298623,8
channel-0,4038543,30298617,30298629,12
channel-874,293089,30298617,30298624,7
channel-750,682806,30298619,30298636,17
channel-85077,60145,30298625,30298634,9
channel-85077,60146,30298626,30298640,14
channel-6994,1324601,30298628,30298640,12
channel-750,682807,30298630,30298642,12
channel-750,682808,30298635,30298646,11
channel-750,682809,30298637,30298650,13
channel-750,682810,30298637,30298642,5
channel-750,682811,30298641,30298651,10
channel-750,682812,30298642,30298655,13
channel-85077,60147,30298645,30298653,8
channel-208,1490191,30298649,30298659,10
channel-326,537937,30298649,30298655,6
channel-19774,345966,30298649,30298659,10
channel-208,1490192,30298652,30298662,10
channel-750,682813,30298660,30298667,7
channel-6994,1324602,30298660,30298667,7
channel-750,682814,30298662,30298675,13
channel-874,293090,30298662,30298670,8
channel-750,682815,30298665,30298678,13
channel-750,682816,30298665,30298677,12
channel-208,1490193,30298666,30298676,10
channel-750,682817,30298666,30298671,5
channel-750,682818,30298667,30298680,13
channel-259,314297,30298668,30298676,8
channel-750,682819,30298683,30298693,10
channel-208,1490194,30298687,30298697,10
channel-750,682820,30298687,30298699,12
channel-122,668030,30298691,30298695,4
channel-326,537938,30298692,30298699,7
channel-259,314298,30298694,30298701,7
channel-208,1490195,30298695,30298706,11
channel-208,1490196,30298697,30298706,9
channel-326,537939,30298701,30298709,8
channel-750,682821,30298706,30298715,9
channel-750,682822,30298706,30298716,10
channel-38946,124186,30298706,30298721,15
channel-208,1490197,30298706,30298717,11
channel-6994,1324603,30298711,30298743,32
channel-874,293091,30298717,30298723,6
channel-750,682823,30298717,30298735,18
channel-208,1490198,30298726,30298736,10
channel-750,682824,30298726,30298738,12
channel-2694,3291,30298728,30298743,15
channel-6994,1324604,30298729,30298743,14
channel-750,682825,30298733,30298742,9
channel-208,1490199,30298739,30298749,10
channel-326,537940,30298743,30298748,5
channel-750,682826,30298746,30298749,3
channel-85077,60148,30298748,30298761,13
channel-85077,60149,30298751,30298784,33
channel-122,668031,30298753,30298762,9
channel-874,293092,30298755,30298762,7
channel-750,682827,30298760,30298769,9
channel-89298,18662,30298761,30298770,9
channel-204,670802,30298764,30298770,6
channel-750,682828,30298767,30298776,9
channel-326,537941,30298768,30298773,5
channel-750,682829,30298768,30298784,16
channel-750,682830,30298770,30298784,14
channel-0,4038544,30298771,30298795,24
channel-188,190583,30298771,30298813,42
channel-750,682831,30298773,30298788,15
channel-0,4038545,30298775,30298784,9
channel-326,537942,30298778,30298784,6
channel-750,682832,30298778,30298784,6
channel-750,682833,30298779,30298784,5
channel-42,1490003,30298784,30298792,8
channel-208,1490200,30298784,30298795,11
channel-750,682834,30298784,30298790,6
channel-326,537943,30298786,30298797,11
channel-1,408384,30298786,30298821,35
channel-85077,60150,30298793,30298800,7
channel-783,104243,30298794,30298799,5
channel-208,1490201,30298794,30298803,9
channel-208,1490202,30298795,30298803,8
channel-2188,43663,30298799,30298804,5
channel-85077,60151,30298800,30298811,11
channel-208,1490203,30298801,30298813,12
channel-750,682835,30298802,30298813,11
channel-750,682836,30298806,30298826,20
channel-122,668032,30298810,30298820,10
channel-750,682837,30298815,30298819,4
channel-0,4038546,30298816,30298822,6
channel-326,537944,30298819,30298827,8
channel-750,682838,30298819,30298823,4
channel-874,293093,30298823,30298829,6
channel-208,1490204,30298826,30298833,7
channel-2694,3292,30298829,30298849,20
channel-750,682839,30298829,30298843,14
channel-0,4038547,30298829,30298840,11
channel-874,293094,30298830,30298836,6
channel-874,293095,30298837,30298841,4
channel-6994,1324605,30298839,30298870,31
channel-88,467116,30298841,30298855,14
channel-6994,1324606,30298842,30298854,12
channel-38946,124187,30298845,30298857,12
channel-750,682840,30298847,30298856,9
channel-0,4038548,30298852,30298864,12
channel-750,682841,30298853,30298857,4
channel-259,314299,30298855,30298861,6
channel-146,20031,30298858,30298879,21
channel-326,537945,30298865,30298875,10
channel-115,20399,30298865,30298877,12
channel-750,682842,30298871,30298875,4
channel-0,4038549,30298872,30298881,9
channel-750,682843,30298872,30298882,10
channel-783,104244,30298874,30298880,6
channel-1,408385,30298874,30298915,41
channel-6994,1324607,30298879,30298903,24
channel-0,4038550,30298879,30298891,12
channel-6994,1324608,30298880,30298891,11
channel-122,668033,30298882,30298886,4
channel-320,119198,30298884,30298910,26
channel-0,4038551,30298886,30298893,7
channel-1,408386,30298891,30298920,29
channel-0,4038552,30298893,30298903,10
channel-326,537946,30298895,30298903,8
channel-208,1490205,30298897,30298907,10
channel-208,1490206,30298897,30298907,10
channel-6994,1324609,30298898,30298908,10
channel-229,55026,30298901,30298911,10
channel-0,4038553,30298903,30298915,12
channel-326,537947,30298907,30298917,10
channel-750,682844,30298908,30298912,4
channel-204,670803,30298911,30298920,9
channel-38946,124188,30298911,30298931,20
channel-85077,60152,30298914,30298921,7
channel-874,293096,30298919,30298924,5
channel-42,1490004,30298919,30298924,5
channel-85077,60153,30298920,30298930,10
channel-208,1490207,30298920,30298929,9
channel-143,128358,30298922,30298933,11
channel-750,682845,30298924,30298929,5
channel-259,314300,30298924,30298929,5
channel-874,293097,30298925,30298930,5
channel-6994,1324610,30298926,30298936,10
channel-91017,2839,30298929,30298945,16
channel-1429,140722,30298934,30298942,8
channel-2694,3293,30298934,30298951,17
channel-0,4038554,30298935,30298958,23
channel-208,1490208,30298936,30298947,11
channel-0,4038555,30298938,30298958,20
channel-216,94230,30298939,30299012,73
channel-0,4038556,30298943,30298951,8
channel-94814,3764,30298944,30298956,12
channel-874,293098,30298945,30298954,9
channel-326,537948,30298947,30298954,7
channel-148,16090,30298960,30298968,8
channel-208,1490209,30298963,30298972,9
channel-208,1490210,30298967,30298977,10
channel-208,1490211,30298968,30298977,9
channel-143,128359,30298969,30298994,25
channel-143,128360,30298972,30298985,13
channel-143,128361,30298974,30298985,11
channel-6994,1324611,30298982,30298991,9
channel-208,1490212,30298982,30298988,6
channel-326,537949,30298985,30298989,4
channel-874,293099,30298986,30298991,5
channel-0,4038557,30298991,30298998,7
channel-208,1490213,30298995,30299004,9
channel-326,537950,30298995,30299000,5
channel-0,4038558,30298998,30299007,9
channel-0,4038559,30298998,30299018,20
channel-143,128362,30299001,30299015,14
channel-750,682846,30299006,30299019,13
channel-0,4038560,30299007,30299018,11
channel-326,537951,30299007,30299013,6
channel-94814,3765,30299007,30299019,12
channel-6994,1324612,30299010,30299023,13
channel-0,4038561,30299021,30299031,10
channel-6994,1324613,30299023,30299036,13
channel-326,537952,30299023,30299032,9
channel-20082,9880,30299023,30299035,12
channel-6994,1324614,30299023,30299036,13
channel-259,314301,30299023,30299030,7
channel-0,4038562,30299023,30299035,12
channel-326,537953,30299034,30299043,9
channel-259,314302,30299035,30299041,6
channel-874,293100,30299039,30299051,12
channel-85077,60154,30299048,30299057,9
channel-0,4038563,30299051,30299072,21
channel-0,4038564,30299052,30299072,20
channel-326,537954,30299053,30299062,9
channel-1,408387,30299069,30299085,16
channel-326,537955,30299070,30299080,10
channel-2694,3294,30299070,30299094,24
channel-326,537956,30299072,30299080,8
channel-1,408388,30299073,30299085,12
channel-208,1490214,30299082,30299090,8
channel-750,682847,30299086,30299101,15
channel-6994,1324615,30299105,30299119,14
channel-326,537957,30299118,30299124,6
channel-88,467117,30299122,30299136,14
channel-0,4038565,30299123,30299148,25
channel-326,537958,30299128,30299137,9
channel-326,537959,30299139,30299145,6
channel-0,4038566,30299152,30299160,8
channel-208,1490215,30299153,30299159,6
channel-0,4038567,30299158,30299170,12
channel-6994,1324616,30299158,30299168,10
channel-326,537960,30299163,30299168,5
channel-0,4038568,30299175,30299194,19
channel-750,682848,30299183,30299207,24
channel-326,537961,30299184,30299190,6
channel-251,85233,30299185,30299194,9
channel-0,4038569,30299188,30299200,12
channel-208,1490216,30299190,30299202,12
channel-750,682849,30299191,30299195,4
channel-326,537962,30299207,30299213,6
channel-0,4038570,30299208,30299217,9
channel-326,537963,30299215,30299222,7
channel-2694,3295,30299222,30299237,15
channel-6994,1324617,30299222,30299232,10
channel-0,4038571,30299238,30299247,9
channel-0,4038572,30299249,30299257,8
channel-326,537964,30299254,30299265,11
channel-750,682850,30299258,30299276,18
channel-0,4038573,30299260,30299269,9
channel-2188,43664,30299265,30299270,5
channel-874,293101,30299270,30299275,5
channel-874,293102,30299274,30299294,20
channel-750,682851,30299291,30299316,25
channel-208,1490217,30299296,30299306,10
channel-326,537965,30299299,30299304,5
channel-783,104245,30299311,30299318,7
channel-320,119199,30299320,30299343,23
channel-5,184294,30299328,30299338,10
channel-0,4038574,30299336,30299348,12
channel-2694,3296,30299343,30299370,27
channel-326,537966,30299344,30299352,8
channel-750,682852,30299346,30299368,22
channel-72,516422,30299370,30299392,22
channel-750,682853,30299372,30299379,7
channel-5,184295,30299372,30299382,10
channel-6994,1324618,30299373,30299382,9
channel-6994,1324619,30299383,30299389,6
channel-0,4038575,30299386,30299402,16
channel-326,537967,30299388,30299394,6
channel-259,314303,30299388,30299396,8
channel-750,682854,30299389,30299399,10
channel-2188,43665,30299394,30299399,5
channel-188,190584,30299394,30299409,15
channel-326,537968,30299396,30299405,9
channel-1429,140723,30299397,30299408,11
channel-208,1490218,30299398,30299410,12
channel-85077,60155,30299398,30299406,8
channel-326,537969,30299407,30299413,6
channel-326,537970,30299408,30299432,24
channel-1279,67128,30299412,30299429,17
channel-259,314304,30299415,30299421,6
channel-204,670804,30299417,30299426,9
channel-326,537971,30299423,30299432,9
channel-326,537972,30299423,30299432,9
channel-326,537973,30299423,30299432,9
channel-326,537974,30299423,30299432,9
channel-326,537975,30299423,30299432,9
channel-326,537976,30299425,30299432,7
channel-2188,43666,30299426,30299430,4
channel-259,314305,30299426,30299431,5
channel-208,1490219,30299432,30299443,11
channel-169,117525,30299433,30299459,26
channel-0,4038576,30299433,30299457,24
channel-21113,25331,30299433,30299440,7
channel-874,293103,30299439,30299444,5
channel-0,4038577,30299441,30299472,31
channel-2188,43667,30299446,30299452,6
channel-750,682855,30299446,30299459,13
channel-750,682856,30299448,30299453,5
channel-1,408389,30299449,30299462,13
channel-259,314306,30299450,30299457,7
channel-1429,140724,30299453,30299462,9
channel-874,293104,30299455,30299472,17
channel-91017,2840,30299463,30299476,13
channel-4,166958,30299463,30299498,35
channel-874,293105,30299464,30299474,10
channel-874,293106,30299468,30299474,6
channel-143,128363,30299469,30299488,19
channel-326,537977,30299473,30299480,7
channel-2188,43668,30299475,30299480,5
channel-0,4038578,30299475,30299485,10
channel-208,1490220,30299476,30299486,10
channel-85077,60156,30299478,30299485,7
channel-0,4038579,30299484,30299490,6
channel-1429,140725,30299488,30299496,8
channel-42,1490005,30299488,30299708,220
channel-0,4038580,30299489,30299497,8
channel-750,682857,30299490,30299502,12
channel-208,1490221,30299490,30299500,10
channel-874,293107,30299491,30299498,7
channel-874,293108,30299492,30299498,6
channel-143,128364,30299494,30299498,4
channel-6994,1324620,30299494,30299498,4
channel-2188,43669,30299497,30299502,5
channel-874,293109,30299497,30299502,5
channel-1,408390,30299497,30299540,43
channel-0,4038581,30299497,30299522,25
channel-6994,1324621,30299498,30299508,10
channel-2694,3297,30299498,30299508,10
channel-208,1490222,30299498,30299510,12
channel-750,682858,30299499,30299504,5
channel-208,1490223,30299500,30299510,10
channel-6994,1324622,30299501,30299512,11
channel-0,4038582,30299501,30299531,30
channel-326,537978,30299502,30299507,5
channel-42,1490006,30299506,30299516,10
channel-85077,60157,30299506,30299516,10
channel-85077,60158,30299506,30299516,10
channel-6787,166707,30299507,30299511,4
channel-1279,67129,30299508,30299549,41
channel-75,845021,30299510,30299518,8
channel-412,64572,30299511,30299522,11
channel-0,4038583,30299512,30299531,19
channel-0,4038584,30299512,30299588,76
channel-326,537979,30299512,30299520,8
channel-2188,43670,30299519,30299523,4
channel-642,126506,30299519,30299534,15
channel-341,3389,30299521,30299534,13
channel-2188,43671,30299522,30299526,4
channel-75,845022,30299527,30299549,22
channel-208,1490224,30299530,30299541,11
channel-750,682859,30299534,30299539,5
channel-2,130630,30299538,30299549,11
channel-42,1490007,30299540,30299552,12
channel-0,4038585,30299540,30299567,27
channel-85077,60159,30299541,30299551,10
channel-6994,1324623,30299541,30299563,22
channel-326,537980,30299549,30299556,7
channel-143,128365,30299549,30299557,8
channel-0,4038586,30299551,30299562,11
channel-181,13590,30299552,30299560,8
channel-259,314307,30299554,30299560,6
channel-2188,43672,30299555,30299559,4
channel-0,4038587,30299558,30299567,9
channel-91017,2841,30299560,30299592,32
channel-0,4038588,30299561,30299577,16
channel-874,293110,30299561,30299569,8
channel-85077,60160,30299565,30299572,7
channel-259,314308,30299568,30299573,5
channel-4,166959,30299571,30299600,29
channel-42,1490008,30299572,30299587,15
channel-2188,43673,30299576,30299582,6
channel-259,314309,30299577,30299583,6
channel-412,64573,30299580,30299589,9
channel-208,1490225,30299581,30299594,13
channel-2,130631,30299583,30299595,12
channel-188,190585,30299586,30299613,27
channel-144,86687,30299586,30299597,11
channel-326,537981,30299587,30299594,7
channel-85077,60161,30299587,30299599,12
channel-874,293111,30299593,30299599,6
channel-143,128366,30299598,30299607,9
channel-85077,60162,30299599,30299608,9
channel-2694,3298,30299599,30299616,17
channel-88,467118,30299601,30299634,33
channel-2188,43674,30299604,30299608,4
channel-341,3390,30299605,30299613,8
channel-4,166960,30299608,30299635,27
channel-0,4038589,30299608,30299618,10
channel-85077,60163,30299611,30299622,11
channel-2,130632,30299612,30299624,12
channel-320,119200,30299613,30299623,10
channel-0,4038590,30299614,30299641,27
channel-0,4038591,30299614,30299623,9
channel-412,64574,30299614,30299625,11
channel-91017,2842,30299614,30299626,12
channel-0,4038592,30299617,30299641,24
channel-85077,60164,30299617,30299628,11
channel-77,50264,30299618,30299627,9
channel-750,682860,30299620,30299626,6
channel-85077,60165,30299623,30299630,7
channel-0,4038593,30299624,30299641,17
channel-2188,43675,30299626,30299631,5
channel-750,682861,30299628,30299633,5
channel-4,166961,30299630,30299674,44
channel-0,4038594,30299630,30299641,11
channel-85077,60166,30299631,30299651,20
channel-85077,60167,30299635,30299645,10
channel-91017,2843,30299636,30299651,15
channel-0,4038595,30299637,30299647,10
channel-4,166962,30299639,30299687,48
channel-1,408391,30299641,30299674,33
channel-874,293112,30299643,30299649,6
channel-0,4038596,30299647,30299659,12
channel-874,293113,30299649,30299653,4
channel-412,64575,30299650,30299658,8
channel-2188,43676,30299653,30299658,5
channel-750,682862,30299655,30299664,9
channel-208,1490226,30299655,30299663,8
channel-22172,2617,30299656,30299665,9
channel-208,1490227,30299658,30299667,9
channel-0,4038597,30299658,30299667,9
channel-0,4038598,30299658,30299681,23
channel-85077,60168,30299658,30299667,9
channel-19774,345967,30299659,30299668,9
channel-208,1490228,30299660,30299672,12
channel-750,682863,30299660,30299667,7
channel-19774,345968,30299661,30299673,12
channel-85077,60169,30299661,30299669,8
channel-85077,60170,30299662,30299680,18
channel-85077,60171,30299663,30299672,9
channel-0,4038599,30299663,30299672,9
channel-326,537982,30299666,30299672,6
channel-0,4038600,30299666,30299677,11
channel-42,1490009,30299668,30299678,10
channel-38946,124189,30299668,30299676,8
channel-259,314310,30299668,30299674,6
channel-0,4038601,30299670,30299698,28
channel-412,64576,30299675,30299687,12
channel-2188,43677,30299676,30299681,5
channel-208,1490229,30299676,30299686,10
channel-21113,25332,30299677,30299685,8
channel-208,1490230,30299686,30299698,12
channel-85077,60172,30299694,30299710,16
channel-874,293114,30299695,30299710,15
channel-42,1490010,30299696,30299713,17
channel-341,3391,30299698,30299713,15
channel-251,85234,30299698,30299708,10
channel-412,64577,30299702,30299711,9
channel-874,293115,30299702,30299708,6
channel-85077,60173,30299702,30299725,23
channel-750,682864,30299703,30299713,10
channel-229,55027,30299704,30299713,9
channel-115,20400,30299705,30299713,8
channel-85077,60174,30299705,30299713,8
channel-412,64578,30299706,30299713,7
channel-259,314311,30299706,30299713,7
channel-0,4038602,30299708,30299732,24
channel-642,126507,30299708,30299732,24
channel-42,1490011,30299708,30299713,5
channel-73,51337,30299708,30299714,6
channel-148,16091,30299708,30299713,5
channel-19774,345969,30299709,30299722,13
channel-85077,60175,30299709,30299715,6
channel-874,293116,30299711,30299722,11
channel-85077,60176,30299713,30299724,11
channel-4,166963,30299713,30299763,50
channel-91017,2844,30299713,30299729,16
channel-642,126508,30299713,30299729,16
channel-259,314312,30299714,30299722,8
channel-85077,60177,30299716,30299725,9
channel-143,128367,30299717,30299811,94
channel-0,4038603,30299717,30299742,25
channel-208,1490231,30299717,30299727,10
channel-42,1490012,30299722,30299767,45
channel-42,1490013,30299722,30299767,45
channel-874,293117,30299727,30299747,20
channel-208,1490232,30299727,30299737,10
channel-412,64579,30299730,30299738,8
channel-208,1490233,30299731,30299742,11
channel-87,182902,30299733,30299809,76
channel-4,166964,30299735,30299808,73
channel-199,132738,30299740,30299749,9
channel-143,128368,30299742,30299752,10
channel-0,4038604,30299742,30299750,8
channel-326,537983,30299745,30299750,5
channel-0,4038605,30299748,30299760,12
channel-208,1490234,30299751,30299763,12
channel-326,537984,30299753,30299763,10
channel-88,467119,30299753,30299791,38
channel-85077,60178,30299763,30299774,11
channel-143,128369,30299766,30299780,14
channel-1279,67130,30299766,30299783,17
channel-88,467120,30299772,30299786,14
channel-91017,2845,30299774,30299788,14
channel-75,845023,30299775,30299783,8
channel-0,4038606,30299776,30299785,9
channel-188,190586,30299778,30299813,35
channel-208,1490235,30299780,30299791,11
channel-1429,140726,30299783,30299796,13
channel-326,537985,30299783,30299794,11
channel-144,86688,30299783,30299796,13
channel-85077,60179,30299787,30299801,14
channel-259,314313,30299791,30299797,6
channel-77,50265,30299794,30299808,14
channel-4,166965,30299795,30299845,50
channel-146,20032,30299796,30299820,24
channel-6994,1324624,30299803,30299814,11
channel-91017,2846,30299807,30299817,10
channel-85077,60180,30299808,30299818,10
channel-412,64580,30299811,30299821,10
channel-85077,60181,30299816,30299822,6
channel-85077,60182,30299817,30299823,6
channel-642,126509,30299820,30299829,9
channel-208,1490236,30299822,30299832,10
channel-2694,3299,30299824,30299843,19
channel-75,845024,30299826,30299842,16
channel-1,408392,30299829,30299881,52
channel-5,184296,30299830,30299837,7
channel-85077,60183,30299836,30299844,8
channel-85077,60184,30299838,30299847,9
channel-259,314314,30299839,30299844,5
channel-208,1490237,30299842,30299853,11
channel-6994,1324625,30299843,30299869,26
channel-184,137416,30299844,30299855,11
channel-2,130633,30299863,30299871,8
channel-85077,60185,30299863,30299869,6
channel-1,408393,30299865,30299881,16
channel-208,1490238,30299866,30299873,7
channel-0,4038607,30299869,30299880,11
channel-6994,1324626,30299869,30299907,38
channel-208,1490239,30299869,30299882,13
channel-326,537986,30299870,30299878,8
channel-326,537987,30299886,30299891,5
channel-2188,43678,30299889,30299893,4
channel-6994,1324627,30299891,30299916,25
channel-85077,60186,30299892,30299902,10
channel-6994,1324628,30299893,30299907,14
channel-6994,1324629,30299895,30299907,12
channel-85077,60187,30299897,30299910,13
channel-208,1490240,30299902,30299913,11
channel-85077,60188,30299906,30299916,10
channel-2188,43679,30299913,30299916,3
channel-89298,18663,30299917,30299928,11
channel-85077,60189,30299920,30299930,10
channel-0,4038608,30299930,30299941,11
channel-6994,1324630,30299934,30299981,47
channel-115,20401,30299936,30299945,9
channel-2188,43680,30299938,30299943,5
channel-85077,60190,30299942,30299951,9
channel-0,4038609,30299943,30299956,13
channel-6994,1324631,30299945,30299966,21
channel-85077,60191,30299945,30299955,10
channel-326,537988,30299955,30299967,12
channel-2188,43681,30299962,30299966,4
channel-874,293118,30299964,30299970,6
channel-326,537989,30299965,30299970,5
channel-0,4038610,30299982,30300000,18
channel-85077,60192,30299985,30299996,11
channel-2188,43682,30299990,30299996,6
channel-91017,2847,30299991,30300002,11
channel-85077,60193,30299997,30300007,10
channel-6994,1324632,30300003,30300048,45
channel-85077,60194,30300003,30300013,10
channel-85077,60195,30300004,30300020,16
channel-2188,43683,30300011,30300016,5
channel-326,537990,30300011,30300019,8
channel-85077,60196,30300013,30300023,10
channel-259,314315,30300021,30300028,7
channel-85077,60197,30300026,30300043,17
channel-85077,60198,30300027,30300043,16
channel-85077,60199,30300029,30300040,11
channel-208,1490241,30300029,30300040,11
channel-259,314316,30300029,30300035,6
channel-326,537991,30300047,30300057,10
channel-85077,60200,30300053,30300063,10
channel-6994,1324633,30300062,30300107,45
channel-85077,60201,30300064,30300078,14
channel-874,293119,30300068,30300074,6
channel-115,20402,30300081,30300091,10
channel-208,1490242,30300083,30300092,9
channel-1,408394,30300088,30300110,22
channel-2188,43684,30300092,30300096,4
channel-38946,124190,30300101,30300112,11
channel-85077,60202,30300101,30300111,10
channel-85077,60203,30300107,30300117,10
channel-144,86689,30300109,30300126,17
channel-85077,60204,30300110,30300121,11
channel-8,43459,30300114,30300134,20
channel-85077,60205,30300116,30300126,10
channel-6994,1324634,30300121,30300159,38
channel-0,4038611,30300127,30300139,12
channel-79703,4447,30300127,30300141,14
channel-85077,60206,30300152,30300161,9
channel-874,293120,30300152,30300159,7
channel-85077,60207,30300161,30300172,11
channel-85077,60208,30300163,30300178,15
channel-208,1490243,30300165,30300176,11
channel-85077,60209,30300173,30300181,8
channel-91017,2848,30300174,30300187,13
channel-326,537992,30300190,30300196,6
channel-6994,1324635,30300197,30300208,11
channel-0,4038612,30300197,30300210,13
channel-208,1490244,30300200,30300211,11
channel-208,1490245,30300212,30300221,9
channel-326,537993,30300216,30300224,8
channel-782,310200,30300221,30300226,5
channel-6994,1324636,30300225,30300271,46
channel-326,537994,30300241,30300246,5
channel-208,1490246,30300250,30300259,9
channel-85077,60210,30300253,30300261,8
channel-874,293121,30300253,30300267,14
channel-208,1490247,30300254,30300261,7
channel-874,293122,30300261,30300265,4
channel-0,4038613,30300261,30300267,6
channel-0,4038614,30300262,30300267,5
channel-6994,1324637,30300264,30300288,24
channel-782,310201,30300264,30300267,3
channel-1,408395,30300273,30300297,24
channel-88,467121,30300281,30300296,15
channel-0,4038615,30300289,30300299,10
channel-122,668034,30300295,30300301,6
channel-85077,60211,30300304,30300311,7
channel-326,537995,30300325,30300335,10
channel-750,682865,30300328,30300351,23
channel-85077,60212,30300361,30300371,10
channel-208,1490248,30300361,30300372,11
channel-0,4038616,30300368,30300379,11
channel-6994,1324638,30300375,30300384,9
channel-208,1490249,30300378,30300388,10
channel-6994,1324639,30300384,30300396,12
channel-6994,1324640,30300417,30300430,13
channel-326,537996,30300419,30300429,10
channel-6994,1324641,30300429,30300476,47
channel-115,20403,30300429,30300436,7
channel-72,516423,30300430,30300470,40
channel-6994,1324642,30300431,30300459,28
channel-6994,1324643,30300442,30300454,12
channel-216,94232,30300449,30300515,66
channel-19774,345970,30300456,30300467,11
channel-6994,1324644,30300469,30300497,28
channel-326,537997,30300470,30300480,10
channel-122,668035,30300474,30300529,55
channel-19774,345971,30300475,30300486,11
channel-88,467122,30300475,30300490,15
channel-82,18955,30300478,30300496,18
channel-750,682866,30300480,30300780,300
channel-216,94233,30300492,30300570,78
channel-6994,1324645,30300495,30300534,39
channel-412,64581,30300521,30300535,14
channel-94814,3766,30300525,30300535,10
channel-874,293123,30300526,30300533,7
channel-0,4038617,30300551,30300560,9
channel-0,4038618,30300552,30300565,13
channel-6994,1324646,30300554,30300594,40
channel-326,537998,30300554,30300560,6
channel-19774,345972,30300568,30300578,10
channel-2188,43685,30300572,30300577,5
channel-6994,1324647,30300579,30300589,10
channel-6994,1324648,30300582,30300610,28
channel-6994,1324649,30300610,30300625,15
channel-0,4038619,30300610,30300623,13
channel-85077,60213,30300616,30300629,13
channel-6994,1324650,30300617,30300659,42
channel-85077,60214,30300618,30300629,11
channel-6994,1324651,30300618,30300631,13
channel-122,668036,30300623,30300628,5
channel-85077,60215,30300625,30300634,9
channel-85077,60216,30300633,30300642,9
channel-326,537999,30300643,30300653,10
channel-89298,18664,30300652,30300662,10
channel-750,682867,30300654,30300659,5
channel-326,538000,30300659,30300669,10
channel-0,4038620,30300666,30300674,8
channel-6994,1324652,30300688,30300727,39
channel-38946,124191,30300690,30300701,11
channel-0,4038621,30300691,30300698,7
channel-326,538001,30300691,30300699,8
channel-320,119201,30300699,30300713,14
channel-326,538002,30300706,30300712,6
channel-6994,1324653,30300743,30300781,38
channel-199,132739,30300752,30300762,10
channel-750,682868,30300756,30300771,15
channel-208,1490250,30300756,30300767,11
channel-2494,31935,30300762,30300775,13
channel-326,538003,30300786,30300795,9
channel-75,845025,30300791,30300798,7
channel-0,4038622,30300802,30300813,11
channel-6994,1324654,30300806,30300845,39
channel-326,538004,30300822,30300830,8
channel-750,682869,30300822,30300826,4
channel-2188,43686,30300826,30300831,5
channel-188,190587,30300830,30300840,10
channel-783,104246,30300846,30300851,5
channel-750,682870,30300856,30300862,6
channel-6994,1324655,30300861,30300884,23
channel-326,538005,30300866,30300873,7
channel-6994,1324656,30300870,30300913,43
channel-208,1490251,30300871,30300881,10
channel-767,14368,30300871,30300879,8
channel-783,104247,30300873,30300880,7
channel-85077,60217,30300874,30300882,8
channel-326,538006,30300877,30300882,5
channel-91017,2849,30300883,30300903,20
channel-6994,1324657,30300889,30300901,12
channel-208,1490252,30300893,30300905,12
channel-72,516424,30300897,30300947,50
channel-326,538007,30300901,30300906,5
channel-326,538008,30300902,30300906,4
channel-0,4038623,30300905,30300922,17
channel-0,4038624,30300907,30300922,15
channel-767,14369,30300907,30300920,13
channel-6994,1324658,30300908,30300923,15
channel-326,538009,30300914,30300920,6
channel-6994,1324659,30300924,30300937,13
channel-6994,1324660,30300932,30300965,33
channel-0,4038625,30300932,30300940,8
channel-0,4038626,30300939,30300947,8
channel-750,682871,30300954,30300958,4
channel-0,4038627,30300958,30300967,9
channel-38946,124192,30300967,30301006,39
channel-750,682872,30300970,30300975,5
channel-6994,1324661,30300992,30301035,43
channel-76971,12242,30300992,30301022,30
channel-89298,18665,30300996,30301006,10
channel-85077,60218,30301006,30301018,12
channel-326,538010,30301009,30301015,6
channel-326,538011,30301027,30301040,13
channel-1,408396,30301028,30301036,8
channel-0,4038628,30301030,30301039,9
channel-688,33510,30301036,30301044,8
channel-2188,43687,30301038,30301041,3
channel-232,49199,30301039,30301061,22
channel-42,1490014,30301042,30301048,6
channel-75,845026,30301047,30301056,9
channel-326,538012,30301057,30301063,6
channel-1429,140727,30301076,30301089,13
channel-122,668037,30301086,30301090,4
channel-2,130634,30301088,30301097,9
channel-326,538013,30301099,30301102,3
channel-326,538014,30301108,30301118,10
channel-75,845027,30301116,30301123,7
channel-208,1490253,30301128,30301138,10
channel-326,538015,30301142,30301147,5
channel-2186,40784,30301171,30301184,13
channel-326,538016,30301178,30301183,5
channel-874,293124,30301189,30301197,8
channel-208,1490254,30301192,30301204,12
channel-326,538017,30301196,30301205,9
channel-216,94234,30301204,30301362,158
channel-75,845028,30301206,30301214,8
channel-6994,1324662,30301211,30301224,13
channel-750,682873,30301223,30301233,10
channel-1,408397,30301228,30301239,11
channel-2,130635,30301232,30301248,16
channel-115,20404,30301238,30301250,12
channel-750,682874,30301239,30301252,13
channel-326,538018,30301239,30301247,8
channel-89298,18666,30301240,30301248,8
channel-6994,1324663,30301244,30301253,9
channel-88,467123,30301256,30301267,11
channel-0,4038629,30301257,30301285,28
channel-6787,166709,30301259,30301263,4
channel-326,538019,30301289,30301296,7
channel-2,130636,30301295,30301309,14
channel-85077,60219,30301313,30301336,23
channel-326,538020,30301329,30301338,9
channel-85077,60220,30301336,30301346,10
channel-750,682875,30301345,30301362,17
channel-6787,166710,30301350,30301354,4
channel-874,293125,30301356,30301361,5
channel-122,668038,30301359,30301362,3
channel-326,538021,30301372,30301378,6
channel-326,538022,30301387,30301393,6
channel-750,682876,30301387,30301392,5
channel-208,1490255,30301392,30301404,12
channel-2,130637,30301401,30301414,13
channel-6994,1324664,30301406,30301419,13
channel-122,668039,30301408,30301412,4
channel-326,538023,30301425,30301431,6
channel-320,119202,30301425,30301434,9
channel-0,4038630,30301432,30301441,9
channel-412,64582,30301444,30301455,11
channel-750,682877,30301447,30301463,16
channel-6994,1324665,30301449,30301476,27
channel-2188,43688,30301451,30301455,4
channel-412,64583,30301460,30301470,10
channel-6994,1324666,30301460,30301495,35
channel-326,538024,30301470,30301476,6
channel-6994,1324667,30301477,30301491,14
channel-6994,1324668,30301482,30301495,13
channel-98130,83,30301485,30301498,13
channel-0,4038631,30301505,30301518,13
channel-326,538025,30301513,30301521,8
channel-89298,18667,30301519,30301526,7
channel-6994,1324669,30301521,30301531,10
channel-0,4038632,30301521,30301554,33
channel-750,682878,30301527,30301532,5
channel-6994,1324670,30301532,30301579,47
channel-0,4038633,30301542,30301554,12
channel-0,4038634,30301546,30301570,24
channel-326,538026,30301549,30301554,5
channel-6994,1324671,30301551,30301570,19
channel-85077,60221,30301553,30301562,9
channel-143,128370,30301553,30301565,12
channel-6994,1324672,30301556,30301566,10
channel-2,130638,30301556,30301568,12
channel-326,538027,30301566,30301571,5
channel-412,64584,30301576,30301590,14
channel-750,682879,30301580,30301585,5
channel-2,130639,30301584,30301593,9
channel-6994,1324673,30301585,30301598,13
channel-6994,1324674,30301587,30301598,11
channel-326,538028,30301588,30301594,6
channel-750,682880,30301595,30301606,11
channel-6994,1324675,30301601,30301628,27
channel-326,538029,30301609,30301614,5
channel-6994,1324676,30301616,30301670,54
channel-171,7591,30301619,30301627,8
channel-0,4038635,30301625,30301635,10
channel-75,845029,30301626,30301638,12
channel-6994,1324677,30301635,30301656,21
channel-2188,43689,30301639,30301644,5
channel-216,94235,30301639,30301708,69
channel-326,538030,30301643,30301650,7
channel-89298,18668,30301648,30301655,7
channel-122,668040,30301651,30301656,5
channel-88,467124,30301653,30301670,17
channel-750,682881,30301656,30301660,4
channel-0,4038636,30301658,30301668,10
channel-91017,2850,30301663,30301678,15
channel-0,4038637,30301664,30301683,19
channel-0,4038638,30301664,30301690,26
channel-6994,1324678,30301665,30301676,11
channel-6994,1324679,30301677,30301703,26
channel-750,682882,30301679,30301683,4
channel-6994,1324680,30301684,30301717,33
channel-0,4038639,30301685,30301694,9
channel-2188,43690,30301686,30301691,5
channel-642,126510,30301686,30301713,27
channel-259,314317,30301688,30301693,5
channel-208,1490256,30301690,30301696,6
channel-6994,1324681,30301691,30301742,51
channel-4,166966,30301694,30301743,49
channel-750,682883,30301694,30301703,9
channel-750,682884,30301695,30301710,15
channel-412,64585,30301698,30301709,11
channel-75,845030,30301700,30301708,8
channel-0,4038640,30301708,30301728,20
channel-199,132740,30301713,30301723,10
channel-259,314318,30301717,30301727,10
channel-2188,43691,30301719,30301723,4
channel-88,467125,30301723,30301739,16
channel-6994,1324682,30301723,30301734,11
channel-19774,345973,30301729,30301738,9
channel-0,4038641,30301737,30301748,11
channel-259,314319,30301740,30301745,5
channel-6994,1324684,30301743,30301773,30
channel-122,668041,30301743,30301748,5
channel-2188,43692,30301754,30301759,5
channel-75,845031,30301754,30301762,8
channel-6994,1324685,30301754,30301812,58
channel-89298,18669,30301754,30301768,14
channel-783,104248,30301761,30301768,7
channel-326,538031,30301783,30301790,7
channel-326,538032,30301796,30301802,6
channel-6994,1324686,30301820,30301877,57
channel-75,845032,30301833,30301841,8
channel-0,4038642,30301833,30301841,8
channel-326,538033,30301840,30301846,6
channel-6994,1324687,30301842,30301852,10
channel-94814,3767,30301869,30301880,11
channel-1429,140728,30301874,30301883,9
channel-6994,1324688,30301889,30301945,56
channel-326,538034,30301889,30301894,5
channel-6994,1324689,30301896,30301909,13
channel-72,516425,30301896,30301942,46
channel-0,4038643,30301897,30301904,7
channel-88,467126,30301906,30301914,8
channel-1,408398,30301911,30301926,15
channel-326,538035,30301939,30301945,6
channel-750,682885,30301940,30301951,11
channel-0,4038644,30301943,30301953,10
channel-2494,31936,30301945,30301957,12
channel-412,64586,30301948,30301958,10
channel-6994,1324690,30301948,30302003,55
channel-208,1490257,30301953,30301966,13
channel-165,71444,30301953,30301964,11
channel-15464,2657,30301958,30301970,12
channel-115,20405,30301959,30301972,13
channel-42,1490015,30301961,30301968,7
channel-326,538036,30301980,30301986,6
channel-0,4038645,30301983,30301994,11
channel-412,64587,30301985,30301997,12
channel-1575,15193,30301988,30301997,9
channel-19774,345974,30302002,30302010,8
channel-6994,1324691,30302009,30302031,22
channel-0,4038646,30302009,30302034,25
channel-6994,1324692,30302013,30302056,43
channel-72,516426,30302014,30302059,45
channel-2,130640,30302015,30302026,11
channel-21113,25333,30302016,30302022,6
channel-326,538037,30302022,30302028,6
channel-2188,43693,30302025,30302030,5
channel-326,538038,30302033,30302039,6
channel-750,682886,30302039,30302044,5
channel-6994,1324693,30302048,30302060,12
channel-750,682887,30302053,30302064,11
channel-75,845033,30302055,30302072,17
channel-326,538039,30302062,30302082,20
channel-6994,1324694,30302065,30302085,20
channel-0,4038647,30302068,30302117,49
channel-326,538040,30302070,30302080,10
channel-0,4038648,30302074,30302084,10
channel-750,682888,30302075,30302087,12
channel-750,682889,30302078,30302089,11
channel-0,4038649,30302084,30302092,8
channel-874,293126,30302086,30302092,6
channel-0,4038650,30302089,30302117,28
channel-6994,1324695,30302090,30302104,14
channel-0,4038651,30302093,30302121,28
channel-0,4038652,30302095,30302121,26
channel-0,4038653,30302098,30302107,9
channel-0,4038654,30302102,30302113,11
channel-122,668042,30302109,30302114,5
channel-6994,1324696,30302112,30302122,10
channel-750,682890,30302115,30302128,13
channel-874,293127,30302115,30302121,6
channel-0,4038655,30302117,30302127,10
channel-6994,1324697,30302118,30302139,21
channel-750,682891,30302118,30302122,4
channel-6994,1324698,30302119,30302148,29
channel-326,538041,30302119,30302125,6
channel-6994,1324699,30302120,30302190,70
channel-0,4038656,30302127,30302147,20
channel-4,166967,30302133,30302162,29
channel-0,4038657,30302133,30302156,23
channel-0,4038658,30302137,30302156,19
channel-181,13591,30302137,30302154,17
channel-0,4038659,30302138,30302154,16
channel-0,4038660,30302139,30302154,15
channel-0,4038661,30302143,30302170,27
channel-88,467127,30302148,30302179,31
channel-0,4038662,30302151,30302161,10
channel-0,4038663,30302152,30302170,18
channel-750,682892,30302155,30302168,13
channel-0,4038664,30302157,30302180,23
channel-6994,1324700,30302164,30302190,26
channel-0,4038665,30302165,30302182,17
channel-326,538042,30302166,30302171,5
channel-0,4038666,30302168,30302180,12
channel-750,682893,30302169,30302179,10
channel-6994,1324701,30302172,30302220,48
channel-122,668043,30302180,30302184,4
channel-750,682894,30302180,30302192,12
channel-750,682895,30302181,30302186,5
channel-412,64588,30302188,30302200,12
channel-85077,60222,30302188,30302200,12
channel-259,314320,30302189,30302195,6
channel-750,682896,30302196,30302201,5
channel-750,682897,30302201,30302214,13
channel-15464,2658,30302209,30302222,13
channel-216,94236,30302210,30302274,64
channel-750,682898,30302212,30302218,6
channel-326,538043,30302218,30302223,5
channel-204,670805,30302218,30302232,14
channel-4,166968,30302223,30302275,52
channel-6994,1324702,30302226,30302266,40
channel-750,682899,30302226,30302240,14
channel-6994,1324703,30302230,30302349,119
channel-750,682900,30302231,30302243,12
channel-0,4038667,30302233,30302244,11
channel-72,516427,30302239,30302285,46
channel-874,293128,30302242,30302252,10
channel-326,538044,30302248,30302257,9
channel-750,682901,30302250,30302261,11
channel-4,166969,30302255,30302316,61
channel-0,4038668,30302256,30302268,12
channel-0,4038669,30302261,30302273,12
channel-326,538045,30302266,30302272,6
channel-750,682902,30302273,30302285,12
channel-76971,12243,30302275,30302296,21
channel-750,682903,30302279,30302312,33
channel-19774,345975,30302281,30302294,13
channel-4,166970,30302281,30302342,61
channel-326,538046,30302283,30302289,6
channel-750,682904,30302283,30302289,6
channel-204,670806,30302283,30302291,8
channel-0,4038670,30302289,30302303,14
channel-750,682905,30302296,30302309,13
channel-0,4038671,30302305,30302317,12
channel-326,538047,30302308,30302314,6
channel-0,4038672,30302331,30302339,8
channel-750,682906,30302335,30302356,21
channel-115,20406,30302335,30302347,12
channel-184,137417,30302338,30302346,8
channel-143,128371,30302340,30302352,12
channel-1,408399,30302340,30302393,53
channel-208,1490258,30302343,30302356,13
channel-0,4038673,30302345,30302355,10
channel-326,538048,30302348,30302355,7
channel-750,682907,30302351,30302359,8
channel-750,682908,30302351,30302363,12
channel-782,310202,30302355,30302363,8
channel-6994,1324705,30302361,30302409,48
channel-143,128372,30302370,30302392,22
channel-0,4038674,30302376,30302384,8
channel-122,668044,30302378,30302382,4
channel-0,4038675,30302387,30302409,22
channel-208,1490259,30302388,30302400,12
channel-184,137418,30302390,30302400,10
channel-79703,4448,30302396,30302409,13
channel-6994,1324706,30302400,30302414,14
channel-143,128373,30302409,30302437,28
channel-326,538049,30302413,30302423,10
channel-184,137419,30302413,30302429,16
channel-208,1490260,30302417,30302428,11
channel-750,682909,30302420,30302444,24
channel-6994,1324707,30302423,30302471,48
channel-0,4038676,30302423,30302433,10
channel-72,516428,30302429,30302480,51
channel-750,682910,30302443,30302454,11
channel-0,4038677,30302444,30302478,34
channel-143,128374,30302445,30302521,76
channel-0,4038678,30302478,30302490,12
channel-750,682911,30302479,30302494,15
channel-208,1490261,30302482,30302493,11
channel-6994,1324708,30302484,30302527,43
channel-208,1490262,30302485,30302498,13
channel-143,128375,30302487,30302521,34
channel-208,1490263,30302488,30302498,10
channel-0,4038679,30302490,30302497,7
channel-750,682912,30302491,30302496,5
channel-208,1490264,30302491,30302503,12
channel-98451,41,30302503,30302517,14
channel-232,49200,30302511,30302517,6
channel-750,682913,30302513,30302525,12
channel-143,128376,30302517,30302540,23
channel-6994,1324709,30302518,30302531,13
channel-0,4038680,30302533,30302545,12
channel-326,538050,30302539,30302545,6
channel-204,670807,30302541,30305009,2468
channel-6994,1324710,30302541,30302600,59
channel-85077,60223,30302551,30302561,10
channel-412,64589,30302556,30302566,10
channel-0,4038681,30302558,30302580,22
channel-21113,25334,30302560,30302567,7
channel-0,4038682,30302566,30302574,8
channel-251,85235,30302568,30302581,13
channel-0,4038683,30302585,30302593,8
channel-6994,1324711,30302591,30302606,15
channel-6994,1324712,30302606,30302616,10
channel-0,4038684,30302612,30302622,10
channel-6994,1324713,30302623,30302636,13
channel-750,682914,30302624,30302629,5
channel-0,4038685,30302635,30302664,29
channel-208,1490265,30302638,30302651,13
channel-0,4038686,30302650,30302659,9
channel-412,64590,30302650,30302661,11
channel-6994,1324714,30302657,30302666,9
channel-208,1490266,30302667,30302678,11
channel-0,4038687,30302667,30302677,10
channel-0,4038688,30302667,30302677,10
channel-750,682915,30302675,30302679,4
channel-750,682916,30302676,30302692,16
channel-0,4038689,30302686,30302713,27
channel-85077,60224,30302692,30302703,11
channel-208,1490267,30302694,30302704,10
channel-1,408400,30302696,30302712,16
channel-0,4038690,30302697,30302710,13
channel-208,1490268,30302703,30302713,10
channel-750,682917,30302707,30302712,5
channel-1,408401,30302712,30302723,11
channel-0,4038691,30302738,30302763,25
channel-208,1490269,30302741,30302754,13
channel-1429,140729,30302754,30302762,8
channel-216,94237,30302755,30302841,86
channel-75,845034,30302767,30302774,7
channel-122,668045,30302787,30302791,4
channel-85077,60225,30302795,30302807,12
channel-0,4038692,30302796,30302804,8
channel-113,301333,30302805,30302840,35
channel-122,668046,30302810,30302814,4
channel-19774,345976,30302811,30302821,10
channel-85077,60226,30302812,30302821,9
channel-85077,60227,30302819,30302829,10
channel-0,4038693,30302819,30302827,8
channel-259,314321,30302823,30302829,6
channel-85077,60228,30302830,30302836,6
channel-750,682918,30302832,30302851,19
channel-259,314322,30302838,30302844,6
channel-750,682919,30302843,30302847,4
channel-0,4038694,30302844,30302856,12
channel-4,166971,30302855,30302876,21
channel-4,166972,30302855,30302876,21
channel-1,408402,30302888,30302934,46
channel-6994,1324715,30302906,30302920,14
channel-6994,1324716,30302908,30302920,12
channel-750,682920,30302917,30302934,17
channel-113,301334,30302950,30302979,29
channel-6994,1324717,30302953,30302964,11
channel-251,85236,30302971,30302977,6
channel-326,538051,30302987,30302996,9
channel-89298,18670,30303004,30303011,7
channel-6994,1324718,30303008,30303044,36
channel-0,4038695,30303032,30303054,22
channel-115,20407,30303044,30303053,9
channel-2188,43694,30303044,30303049,5
channel-2188,43695,30303046,30303050,4
channel-1,408403,30303054,30303066,12
channel-259,314323,30303062,30303068,6
channel-6994,1324719,30303068,30303092,24
channel-6994,1324720,30303070,30303114,44
channel-2188,43696,30303071,30303076,5
channel-750,682921,30303074,30303078,4
channel-251,85237,30303086,30303096,10
channel-122,668047,30303088,30303091,3
channel-1429,140730,30303092,30303104,12
channel-6994,1324721,30303103,30303114,11
channel-4,166973,30303121,30303148,27
channel-0,4038696,30303122,30303133,11
channel-0,4038697,30303122,30303144,22
channel-6994,1324722,30303134,30303193,59
channel-326,538052,30303145,30303156,11
channel-0,4038698,30303149,30303173,24
channel-0,4038699,30303155,30303165,10
channel-6994,1324723,30303160,30303172,12
channel-47,198640,30303175,30303189,14
channel-750,682922,30303177,30303188,11
channel-6994,1324724,30303198,30303241,43
channel-19774,345977,30303201,30303222,21
channel-38946,124193,30303204,30303214,10
channel-73755,5834,30303204,30303211,7
channel-750,682923,30303215,30303223,8
channel-122,668048,30303217,30303221,4
channel-6994,1324725,30303218,30303231,13
channel-326,538053,30303222,30303229,7
channel-75,845035,30303224,30303233,9
channel-208,1490270,30303225,30303234,9
channel-199,132741,30303244,30303256,12
channel-6994,1324726,30303267,30303313,46
channel-208,1490271,30303273,30303286,13
channel-208,1490272,30303277,30303290,13
channel-21113,25335,30303299,30303306,7
channel-85077,60229,30303309,30303318,9
channel-2494,31937,30303312,30303321,9
channel-6994,1324727,30303315,30303326,11
channel-6994,1324728,30303325,30303336,11
channel-6994,1324729,30303328,30303351,23
channel-6994,1324730,30303339,30303380,41
channel-6994,1324731,30303365,30303374,9
channel-75,845036,30303369,30303377,8
channel-85077,60230,30303371,30303381,10
channel-874,293129,30303372,30303378,6
channel-750,682924,30303378,30303385,7
channel-144,86690,30303385,30303394,9
channel-1429,140731,30303388,30303394,6
channel-326,538054,30303392,30303398,6
channel-85077,60231,30303399,30303408,9
channel-79703,4449,30303401,30303415,14
channel-6994,1324732,30303406,30303453,47
channel-0,4038700,30303406,30303418,12
channel-143,128377,30303431,30303444,13
channel-15464,2659,30303440,30303453,13
channel-75,845037,30303443,30303450,7
channel-165,71445,30303450,30303458,8
channel-750,682925,30303465,30303484,19
channel-6994,1324733,30303475,30303518,43
channel-98451,42,30303481,30303497,16
channel-229,55028,30303507,30303519,12
channel-208,1490273,30303509,30303519,10
channel-165,71446,30303510,30303519,9
channel-143,128378,30303511,30303523,12
channel-750,682926,30303513,30303526,13
channel-750,682927,30303525,30303530,5
channel-6994,1324734,30303535,30303573,38
channel-6994,1324735,30303536,30303550,14
channel-6994,1324736,30303538,30303550,12
channel-750,682928,30303538,30303543,5
channel-165,71447,30303544,30303555,11
channel-0,4038701,30303550,30303563,13
channel-1,408404,30303556,30303570,14
channel-2494,31938,30303557,30303565,8
channel-326,538055,30303560,30303565,5
channel-85077,60232,30303563,30303571,8
channel-750,682929,30303565,30303585,20
channel-320,119203,30303570,30303598,28
channel-1,408405,30303571,30303615,44
channel-251,85238,30303573,30303585,12
channel-0,4038702,30303573,30303581,8
channel-259,314324,30303587,30303592,5
channel-85077,60233,30303588,30303597,9
channel-750,682930,30303592,30303598,6
channel-91017,2851,30303596,30303603,7
channel-0,4038703,30303607,30303616,9
channel-0,4038704,30303632,30303644,12
channel-122,668049,30303639,30303642,3
channel-1,408406,30303647,30303676,29
channel-1,408407,30303648,30303676,28
channel-85077,60234,30303650,30303661,11
channel-750,682931,30303674,30303687,13
channel-6994,1324737,30303677,30303688,11
channel-0,4038705,30303687,30303706,19
channel-208,1490274,30303689,30303700,11
channel-750,682932,30303696,30303714,18
channel-165,71448,30303696,30303708,12
channel-208,1490275,30303697,30303710,13
channel-750,682933,30303714,30303727,13
channel-6994,1324738,30303727,30303763,36
channel-42,1490016,30303748,30303756,8
channel-6994,1324739,30303776,30303787,11
channel-0,4038706,30303777,30303804,27
channel-6994,1324740,30303778,30303792,14
channel-6994,1324741,30303793,30303836,43
channel-6994,1324742,30303796,30303811,15
channel-2188,43697,30303796,30303801,5
channel-783,104249,30303805,30303814,9
channel-0,4038707,30303821,30303829,8
channel-89298,18671,30303826,30303834,8
channel-0,4038708,30303833,30303843,10
channel-412,64591,30303836,30303847,11
channel-89298,18672,30303846,30303857,11
channel-412,64592,30303846,30303857,11
channel-42,1490017,30303848,30303861,13
channel-6994,1324743,30303857,30303902,45
channel-6787,166711,30303863,30303867,4
channel-89321,19454,30303866,30303874,8
channel-122,668050,30303870,30303873,3
channel-94814,3768,30303874,30303885,11
channel-5,184297,30303879,30303891,12
channel-0,4038709,30303879,30303888,9
channel-5485,1714,30303897,30303907,10
channel-326,538056,30303899,30303905,6
channel-1,408408,30303907,30303937,30
channel-22172,2618,30303913,30303928,15
channel-0,4038710,30303919,30303931,12
channel-5,184298,30303927,30303937,10
channel-208,1490276,30303937,30303947,10
channel-0,4038711,30303962,30303972,10
channel-6994,1324744,30303968,30303982,14
channel-89298,18673,30303982,30303992,10
channel-6994,1324745,30303982,30303991,9
channel-42,1490018,30304003,30304011,8
channel-750,682934,30304010,30304030,20
channel-89298,18674,30304016,30304021,5
channel-750,682935,30304022,30304030,8
channel-2,130641,30304030,30304044,14
channel-340,3180,30304032,30304046,14
channel-143,128379,30304038,30304049,11
channel-85077,60235,30304041,30304049,8
channel-85077,60236,30304073,30304080,7
channel-0,4038712,30304078,30304088,10
channel-326,538057,30304079,30304094,15
channel-326,538058,30304079,30304094,15
channel-326,538059,30304079,30304094,15
channel-326,538060,30304079,30304094,15
channel-750,682936,30304081,30304099,18
channel-750,682937,30304103,30304109,6
channel-0,4038713,30304108,30304119,11
channel-6994,1324746,30304119,30304135,16
channel-6994,1324747,30304149,30304159,10
channel-208,1490277,30304150,30304160,10
channel-2188,43698,30304158,30304162,4
channel-0,4038714,30304164,30304173,9
channel-85077,60237,30304164,30304172,8
channel-97998,54,30304165,30304170,5
channel-0,4038715,30304165,30304173,8
channel-6994,1324748,30304174,30304188,14
channel-85077,60238,30304175,30304184,9
channel-75030,1173,30304182,30304193,11
channel-122,668051,30304190,30304194,4
channel-6994,1324749,30304193,30304204,11
channel-6994,1324750,30304211,30304225,14
channel-782,310203,30304212,30304220,8
channel-19774,345978,30304230,30304249,19
channel-85077,60239,30304234,30304244,10
channel-85077,60240,30304237,30304249,12
channel-874,293130,30304248,30304254,6
channel-73,51338,30304248,30304258,10
channel-85077,60241,30304280,30304289,9
channel-6994,1324751,30304290,30304322,32
channel-6994,1324752,30304290,30304303,13
channel-0,4038716,30304331,30304341,10
channel-320,119204,30304342,30304356,14
channel-0,4038717,30304345,30304355,10
channel-874,293131,30304348,30304354,6
channel-6994,1324753,30304358,30304383,25
channel-320,119205,30304364,30304372,8
channel-6994,1324754,30304373,30304411,38
channel-750,682938,30304374,30304378,4
channel-85077,60242,30304377,30304399,22
channel-229,55029,30304380,30304391,11
channel-6994,1324755,30304418,30304428,10
channel-75,845038,30304427,30304434,7
channel-6994,1324756,30304430,30304472,42
channel-5485,1715,30304431,30304444,13
channel-75,845039,30304464,30304472,8
channel-0,4038718,30304482,30304494,12
channel-0,4038719,30304486,30304498,12
channel-6994,1324757,30304493,30304530,37
channel-75,845040,30304498,30304505,7
channel-75,845041,30304506,30304511,5
channel-326,538061,30304521,30304528,7
channel-75,845042,30304532,30304541,9
channel-91017,2852,30304532,30304547,15
channel-6994,1324758,30304553,30304598,45
channel-6994,1324759,30304574,30304589,15
channel-6994,1324760,30304582,30304594,12
channel-0,4038720,30304600,30304609,9
channel-85077,60243,30304602,30304621,19
channel-89298,18675,30304603,30304614,11
channel-0,4038721,30304613,30304623,10
channel-6994,1324761,30304624,30304634,10
channel-208,1490278,30304627,30304637,10
channel-0,4038722,30304643,30304653,10
channel-6994,1324762,30304645,30304654,9
channel-75,845043,30304656,30304671,15
channel-750,682939,30304657,30304674,17
channel-1,408409,30304661,30304688,27
channel-2,130642,30304675,30304689,14
channel-19774,345979,30304704,30304715,11
channel-0,4038723,30304707,30304718,11
channel-6994,1324763,30304707,30304717,10
channel-6994,1324764,30304713,30304726,13
channel-2,130643,30304733,30304746,13
channel-750,682940,30304745,30304750,5
channel-19774,345980,30304757,30304769,12
channel-85077,60244,30304773,30304784,11
channel-208,1490279,30304776,30304785,9
channel-85077,60245,30304784,30304793,9
channel-85077,60246,30304789,30304800,11
channel-0,4038724,30304793,30304803,10
channel-6994,1324765,30304807,30304819,12
channel-874,293132,30304811,30304818,7
channel-2188,43699,30304817,30304822,5
channel-38946,124194,30304818,30304842,24
channel-6994,1324766,30304842,30304852,10
channel-85077,60247,30304868,30304877,9
channel-6994,1324767,30304892,30304902,10
channel-122,668052,30304895,30304899,4
channel-72,516429,30304908,30304961,53
channel-0,4038725,30304921,30304931,10
channel-326,538062,30304926,30304934,8
channel-326,538063,30304926,30304934,8
channel-0,4038726,30304933,30304945,12
channel-89298,18676,30304937,30304946,9
channel-42,1490019,30304946,30304955,9
channel-522,40438,30304978,30304986,8
channel-0,4038727,30304985,30304997,12
channel-522,40439,30304997,30305006,9
channel-6994,1324768,30305004,30305011,7
channel-0,4038728,30305020,30305029,9
channel-750,682941,30305039,30305047,8
channel-642,126511,30305046,30305077,31
channel-326,538064,30305055,30305061,6
channel-326,538065,30305055,30305061,6
channel-0,4038729,30305058,30305066,8
channel-750,682942,30305064,30305079,15
channel-783,104250,30305064,30305075,11
channel-85077,60248,30305077,30305087,10
channel-42,1490020,30305077,30305091,14
channel-42,1490021,30305079,30305091,12
channel-85077,60249,30305081,30305096,15
channel-0,4038730,30305081,30305091,10
channel-0,4038731,30305089,30305101,12
channel-0,4038732,30305096,30305120,24
channel-750,682943,30305102,30305116,14
channel-259,314325,30305103,30305110,7
channel-874,293133,30305114,30305121,7
channel-85077,60250,30305127,30305150,23
channel-750,682944,30305142,30305159,17
channel-0,4038733,30305146,30305154,8
channel-6994,1324769,30305147,30305157,10
channel-750,682945,30305153,30305170,17
channel-0,4038734,30305157,30305168,11
channel-750,682946,30305158,30305173,15
channel-0,4038735,30305163,30305173,10
channel-750,682947,30305163,30305168,5
channel-412,64593,30305168,30305180,12
channel-1,408410,30305175,30305187,12
channel-750,682948,30305176,30305189,13
channel-6994,1324770,30305177,30305187,10
channel-320,119206,30305181,30305221,40
channel-85077,60251,30305186,30305197,11
channel-750,682949,30305201,30305213,12
channel-88,467128,30305206,30305222,16
channel-362,86681,30305218,30305228,10
channel-89298,18677,30305257,30305264,7
channel-6787,166712,30305259,30305263,4
channel-0,4038736,30305265,30305275,10
channel-75,845044,30305271,30305277,6
channel-6787,166713,30305276,30305280,4
channel-208,1490280,30305276,30305288,12
channel-113,301335,30305277,30305324,47
channel-6994,1324771,30305277,30305288,11
channel-2188,43700,30305288,30305292,4
channel-783,104251,30305288,30305296,8
channel-85077,60252,30305288,30305304,16
channel-750,682950,30305309,30305319,10
channel-85077,60253,30305328,30305338,10
channel-0,4038737,30305347,30305356,9
channel-750,682951,30305347,30305361,14
channel-750,682952,30305350,30305354,4
channel-1429,140732,30305360,30305369,9
channel-6994,1324772,30305361,30305373,12
channel-208,1490281,30305363,30305373,10
channel-232,49201,30305366,30305375,9
channel-750,682953,30305367,30305377,10
channel-0,4038738,30305373,30305381,8
channel-750,682954,30305379,30305385,6
channel-0,4038739,30305385,30305396,11
channel-750,682955,30305407,30305419,12
channel-19774,345981,30305408,30305420,12
channel-94814,3769,30305418,30305427,9
channel-0,4038740,30305425,30305452,27
channel-0,4038741,30305436,30305447,11
channel-6787,166714,30305448,30305452,4
channel-0,4038742,30305450,30305462,12
channel-85077,60254,30305451,30305462,11
channel-0,4038743,30305452,30305462,10
channel-750,682956,30305456,30305461,5
channel-38946,124195,30305457,30305475,18
channel-750,682957,30305465,30305475,10
channel-750,682958,30305474,30305486,12
channel-750,682959,30305477,30305482,5
channel-750,682960,30305478,30305492,14
channel-85077,60255,30305488,30305498,10
channel-89298,18678,30305503,30305514,11
channel-85077,60256,30305505,30305512,7
channel-122,668053,30305508,30305511,3
channel-0,4038744,30305537,30305549,12
channel-750,682961,30305540,30305549,9
channel-6994,1324773,30305554,30305567,13
channel-91017,2853,30305559,30305571,12
channel-85077,60257,30305566,30305576,10
channel-85077,60258,30305568,30305590,22
channel-750,682962,30305572,30305581,9
channel-75,845045,30305577,30305584,7
channel-216,94239,30305582,30305679,97
channel-750,682963,30305596,30305603,7
channel-750,682964,30305600,30305614,14
channel-750,682965,30305601,30305612,11
channel-750,682966,30305603,30305609,6
channel-750,682967,30305604,30305609,5
channel-6994,1324774,30305612,30305626,14
channel-208,1490282,30305614,30305623,9
channel-522,40440,30305616,30305624,8
channel-0,4038745,30305622,30305634,12
channel-95,331596,30305625,30305639,14
channel-750,682968,30305636,30305654,18
channel-89298,18679,30305639,30305651,12
channel-2188,43701,30305652,30305656,4
channel-2,130644,30305667,30305679,12
channel-326,538066,30305673,30305679,6
channel-326,538067,30305682,30305687,5
channel-522,40441,30305689,30305701,12
channel-0,4038746,30305694,30305706,12
channel-251,85239,30305698,30305708,10
channel-184,137420,30305699,30305710,11
channel-6994,1324775,30305699,30305712,13
channel-251,85240,30305700,30305712,12
channel-251,85241,30305709,30305722,13
channel-750,682969,30305720,30305726,6
channel-2494,31939,30305720,30305731,11
channel-88,467129,30305721,30305734,13
channel-0,4038747,30305722,30305732,10
channel-0,4038748,30305726,30305737,11
channel-6994,1324776,30305739,30305749,10
channel-0,4038749,30305743,30305752,9
channel-750,682970,30305748,30305761,13
channel-115,20408,30305757,30305766,9
channel-85077,60259,30305758,30305767,9
channel-0,4038750,30305760,30305769,9
channel-750,682971,30305761,30305764,3
channel-6994,1324777,30305763,30305773,10
channel-2494,31940,30305763,30305774,11
channel-122,668054,30305765,30305768,3
channel-75,845046,30305766,30305773,7
channel-0,4038751,30305776,30305788,12
channel-1,408411,30305783,30305825,42
channel-2,130645,30305787,30305798,11
channel-2494,31941,30305792,30305801,9
channel-6994,1324778,30305798,30305807,9
channel-0,4038752,30305802,30305812,10
channel-208,1490283,30305802,30305812,10
channel-0,4038753,30305805,30305816,11
channel-0,4038754,30305805,30305816,11
channel-146,20033,30305808,30305825,17
channel-2494,31942,30305808,30305820,12
channel-0,4038755,30305808,30305822,14
channel-208,1490284,30305809,30305820,11
channel-122,668055,30305822,30305826,4
channel-2494,31943,30305824,30305833,9
channel-750,682972,30305834,30305846,12
channel-251,85242,30305838,30305847,9
channel-208,1490285,30305849,30305861,12
channel-750,682973,30305849,30305861,12
channel-2494,31944,30305857,30305870,13
channel-6994,1324779,30305865,30305878,13
channel-750,682974,30305881,30305894,13
channel-0,4038756,30305887,30305898,11
channel-0,4038757,30305895,30305903,8
channel-94814,3770,30305901,30305912,11
channel-232,49202,30305932,30305944,12
channel-143,128380,30305933,30305956,23
channel-75,845047,30305968,30305976,8
channel-750,682975,30305976,30305990,14
channel-0,4038758,30305993,30306005,12
channel-0,4038759,30305996,30306005,9
channel-208,1490286,30306001,30306009,8
channel-75,845048,30306020,30306029,9
channel-208,1490287,30306031,30306043,12
channel-783,104252,30306051,30306058,7
channel-0,4038760,30306057,30306068,11
channel-20082,9881,30306067,30306075,8
channel-783,104253,30306074,30306081,7
channel-6994,1324780,30306090,30306098,8
channel-750,682976,30306097,30306111,14
channel-232,49203,30306099,30306107,8
channel-750,682977,30306103,30306117,14
channel-783,104254,30306104,30306113,9
channel-1279,67131,30306108,30306118,10
channel-115,20409,30306108,30306116,8
channel-85077,60260,30306121,30306131,10
channel-6994,1324781,30306130,30306140,10
channel-874,293134,30306136,30306141,5
channel-750,682978,30306136,30306152,16
channel-208,1490288,30306142,30306154,12
channel-6787,166715,30306155,30306161,6
channel-750,682979,30306155,30306161,6
channel-750,682980,30306164,30306168,4
channel-89321,19455,30306205,30306218,13
channel-6994,1324782,30306232,30306243,11
channel-783,104255,30306234,30306241,7
channel-85077,60261,30306248,30306258,10
channel-6994,1324783,30306249,30306261,12
channel-522,40442,30306252,30306261,9
channel-412,64594,30306277,30306286,9
channel-89298,18680,30306285,30306296,11
channel-91017,2854,30306288,30306301,13
channel-0,4038761,30306303,30306311,8
channel-85077,60262,30306329,30306338,9
channel-326,538068,30306336,30306343,7
channel-0,4038762,30306349,30306362,13
channel-208,1490289,30306377,30306389,12
channel-42,1490022,30306383,30306390,7
channel-208,1490290,30306394,30306408,14
channel-85077,60263,30306394,30306403,9
channel-85077,60264,30306403,30306412,9
channel-782,310204,30306405,30306412,7
channel-208,1490291,30306405,30306415,10
channel-0,4038763,30306409,30306433,24
channel-1,408412,30306410,30306423,13
channel-750,682981,30306413,30306418,5
channel-19774,345982,30306422,30306432,10
channel-750,682982,30306422,30306428,6
channel-0,4038764,30306429,30306437,8
channel-783,104256,30306431,30306437,6
channel-6994,1324784,30306432,30306442,10
channel-208,1490292,30306454,30306465,11
channel-1,408413,30306458,30306470,12
channel-85077,60265,30306466,30306476,10
channel-1,408414,30306473,30306496,23
channel-6994,1324785,30306475,30306485,10
channel-0,4038765,30306504,30306514,10
channel-97998,55,30306506,30306513,7
channel-6994,1324786,30306522,30306532,10
channel-412,64595,30306527,30306538,11
channel-6994,1324787,30306528,30306541,13
channel-85186,859,30306547,30306558,11
channel-85077,60266,30306550,30306557,7
channel-89298,18681,30306557,30306568,11
channel-750,682983,30306561,30306579,18
channel-0,4038766,30306572,30306583,11
channel-19774,345983,30306578,30306583,5
channel-85791,3768,30306592,30306602,10
channel-1,408415,30306604,30306620,16
channel-85077,60267,30306604,30306615,11
channel-6994,1324788,30306618,30306627,9
channel-184,137421,30306630,30306640,10
channel-113,301336,30306634,30306686,52
channel-6994,1324789,30306647,30306661,14
channel-750,682984,30306654,30306678,24
channel-750,682985,30306678,30306683,5
channel-0,4038767,30306679,30306691,12
channel-75,845049,30306687,30306694,7
channel-750,682986,30306703,30306728,25
channel-85077,60268,30306715,30306723,8
channel-208,1490293,30306716,30306723,7
channel-874,293135,30306719,30306728,9
channel-184,137422,30306722,30306731,9
channel-874,293136,30306725,30306731,6
channel-750,682987,30306725,30306729,4
channel-2494,31945,30306731,30306743,12
channel-0,4038768,30306743,30306754,11
channel-750,682988,30306743,30306758,15
channel-6994,1324790,30306750,30306763,13
channel-143,128381,30306754,30306794,40
channel-85077,60269,30306768,30306777,9
channel-750,682989,30306770,30306789,19
channel-1,408416,30306772,30306783,11
channel-89298,18682,30306778,30306787,9
channel-750,682990,30306782,30306789,7
channel-783,104257,30306787,30306796,9
channel-783,104258,30306795,30306802,7
channel-0,4038769,30306807,30306817,10
channel-0,4038770,30306811,30306822,11
channel-750,682991,30306821,30306827,6
channel-783,104259,30306824,30306830,6
channel-94814,3771,30306825,30306834,9
channel-750,682992,30306826,30306834,8
channel-750,682993,30306827,30306844,17
channel-0,4038771,30306836,30306846,10
channel-750,682994,30306861,30306870,9
channel-0,4038772,30306866,30306872,6
channel-75,845050,30306868,30306874,6
channel-75,845051,30306872,30306880,8
channel-0,4038773,30306872,30306882,10
channel-85077,60270,30306874,30306883,9
channel-208,1490294,30306874,30306884,10
channel-6994,1324791,30306903,30306913,10
channel-0,4038774,30306906,30306916,10
channel-750,682995,30306920,30306935,15
channel-750,682996,30306923,30306933,10
channel-85077,60271,30306932,30306942,10
channel-89298,18683,30306933,30306944,11
channel-85077,60272,30306933,30306942,9
channel-85077,60273,30306936,30306945,9
channel-85077,60274,30306940,30306951,11
channel-783,104260,30306943,30307009,66
channel-85077,60275,30306947,30306956,9
channel-85077,60276,30306957,30306965,8
channel-0,4038775,30306958,30306969,11
channel-750,682997,30306963,30306972,9
channel-2188,43702,30306964,30307005,41
channel-750,682998,30306967,30306980,13
channel-20082,9882,30306979,30306991,12
channel-0,4038776,30306980,30306994,14
channel-0,4038777,30306995,30307003,8
channel-20082,9883,30307017,30307026,9
channel-75,845052,30307019,30307025,6
channel-783,104261,30307028,30307034,6
channel-259,314326,30307037,30307048,11
channel-750,682999,30307040,30307051,11
channel-259,314327,30307043,30307049,6
channel-85077,60277,30307045,30307056,11
channel-6994,1324792,30307047,30307058,11
channel-6994,1324793,30307054,30307062,8
channel-874,293137,30307063,30307066,3
channel-750,683000,30307063,30307066,3
channel-0,4038778,30307063,30307068,5
channel-259,314328,30307064,30307104,40
channel-259,314329,30307068,30307074,6
channel-259,314331,30307072,30307078,6
channel-85077,60278,30307075,30307085,10
channel-0,4038779,30307085,30307097,12
channel-0,4038780,30307088,30307102,14
channel-20082,9884,30307089,30307101,12
channel-783,104262,30307095,30307105,10
channel-783,104263,30307095,30307105,10
channel-259,314332,30307098,30307104,6
channel-1279,67132,30307111,30307121,10
channel-259,314333,30307120,30307125,5
channel-750,683001,30307122,30307139,17
channel-6994,1324794,30307124,30307134,10
channel-0,4038781,30307125,30307136,11
channel-85077,60279,30307132,30307139,7
channel-750,683002,30307135,30307144,9
channel-6994,1324795,30307136,30307145,9
channel-0,4038782,30307142,30307154,12
channel-750,683003,30307144,30307149,5
channel-642,126512,30307148,30307185,37
channel-85077,60280,30307157,30307165,8
channel-199,132742,30307170,30307182,12
channel-0,4038783,30307192,30307201,9
channel-2188,43703,30307201,30307205,4
channel-6994,1324796,30307201,30307216,15
channel-204,670810,30307206,30307216,10
channel-85791,3769,30307208,30307215,7
channel-85077,60281,30307214,30307225,11
channel-6994,1324797,30307219,30307229,10
channel-20082,9885,30307222,30307231,9
channel-208,1490295,30307234,30307247,13
channel-0,4038784,30307236,30307248,12
channel-874,293138,30307253,30307262,9
channel-75,845053,30307259,30307273,14
channel-75,845054,30307266,30307273,7
channel-750,683004,30307269,30307278,9
channel-0,4038785,30307276,30307286,10
channel-750,683005,30307288,30307293,5
channel-0,4038786,30307297,30307304,7
channel-6994,1324798,30307302,30307313,11
channel-750,683006,30307310,30307326,16
channel-340,3181,30307325,30307333,8
channel-6994,1324799,30307326,30307337,11
channel-750,683007,30307334,30307344,10
channel-0,4038787,30307336,30307359,23
channel-750,683008,30307343,30307347,4
channel-750,683009,30307354,30307368,14
channel-6994,1324800,30307364,30307373,9
channel-72,516430,30307365,30307406,41
channel-6994,1324801,30307368,30307378,10
channel-750,683010,30307378,30307383,5
channel-6994,1324802,30307381,30307392,11
channel-85077,60282,30307394,30307404,10
channel-874,293139,30307396,30307400,4
channel-6994,1324803,30307400,30307416,16
channel-6994,1324804,30307416,30307450,34
channel-750,683011,30307428,30307433,5
channel-750,683012,30307428,30307433,5
channel-2188,43704,30307430,30307435,5
channel-6994,1324805,30307430,30307442,12
channel-122,668056,30307436,30307439,3
channel-85077,60283,30307449,30307456,7
channel-72,516431,30307452,30307478,26
channel-874,293140,30307477,30307486,9
channel-874,293141,30307480,30307486,6
channel-874,293142,30307487,30307491,4
channel-0,4038788,30307498,30307509,11
channel-750,683013,30307501,30307506,5
channel-85077,60284,30307517,30307526,9
channel-259,314334,30307529,30307535,6
channel-85077,60285,30307534,30307540,6
channel-19774,345984,30307539,30307548,9
channel-75,845055,30307550,30307557,7
channel-122,668057,30307550,30307554,4
channel-750,683014,30307560,30307575,15
channel-6994,1324806,30307571,30307583,12
channel-1575,15194,30307574,30307582,8
channel-750,683015,30307586,30307591,5
channel-6994,1324807,30307586,30307598,12
channel-85077,60286,30307588,30307598,10
channel-208,1490296,30307591,30307601,10
channel-85077,60287,30307598,30307609,11
channel-184,137423,30307599,30307620,21
channel-20082,9886,30307601,30307613,12
channel-4,166974,30307602,30307645,43
channel-122,668058,30307615,30307619,4
channel-874,293143,30307621,30307629,8
channel-259,314335,30307626,30307631,5
channel-75,845056,30307632,30307638,6
channel-6787,166716,30307649,30307654,5
channel-6994,1324808,30307650,30307702,52
channel-326,538069,30307651,30307675,24
channel-122,668059,30307652,30307656,4
channel-2694,3300,30307657,30307695,38
channel-0,4038789,30307662,30307673,11
channel-259,314336,30307675,30307682,7
channel-6994,1324809,30307678,30307689,11
channel-1,408417,30307678,30307689,11
channel-750,683016,30307683,30307699,16
channel-204,670811,30307687,30307696,9
channel-184,137424,30307690,30307702,12
channel-19774,345985,30307698,30307707,9
channel-874,293144,30307703,30307709,6
channel-0,4038790,30307704,30307716,12
channel-19774,345986,30307705,30307717,12
channel-750,683017,30307706,30307711,5
channel-874,293145,30307708,30307723,15
channel-0,4038791,30307711,30307732,21
channel-6994,1324810,30307722,30307761,39
channel-750,683018,30307723,30307739,16
channel-0,4038792,30307725,30307734,9
channel-0,4038793,30307728,30307745,17
channel-85077,60288,30307732,30307741,9
channel-0,4038794,30307733,30307745,12
channel-85077,60289,30307735,30307744,9
channel-259,314337,30307739,30307744,5
channel-259,314338,30307745,30307754,9
channel-75,845057,30307748,30307757,9
channel-85077,60290,30307753,30307758,5
channel-199,132743,30307754,30307779,25
channel-85077,60291,30307757,30307766,9
channel-85077,60292,30307761,30307769,8
channel-874,293146,30307762,30307771,9
channel-259,314339,30307769,30307776,7
channel-208,1490297,30307770,30307783,13
channel-85077,60293,30307772,30307782,10
channel-165,71449,30307797,30307806,9
channel-85077,60294,30307800,30307810,10
channel-85077,60295,30307803,30307813,10
channel-259,314340,30307808,30307814,6
channel-750,683019,30307815,30307828,13
channel-208,1490298,30307826,30307836,10
channel-85077,60296,30307831,30307838,7
channel-874,293147,30307838,30307845,7
channel-750,683020,30307851,30307856,5
channel-750,683021,30307864,30307874,10
channel-750,683022,30307869,30307891,22
channel-6994,1324811,30307875,30307890,15
channel-6994,1324812,30307882,30307924,42
channel-0,4038795,30307885,30307895,10
channel-750,683023,30307894,30307900,6
channel-0,4038796,30307897,30307910,13
channel-85077,60297,30307915,30307923,8
channel-122,668060,30307939,30307944,5
channel-750,683024,30307940,30307957,17
channel-6994,1324813,30307949,30307985,36
channel-750,683025,30307955,30307959,4
channel-2,130646,30307968,30307977,9
channel-750,683026,30307970,30307972,2
channel-259,314341,30307972,30307978,6
channel-85077,60298,30307975,30307983,8
channel-85077,60299,30307977,30307985,8
channel-85077,60300,30307977,30307985,8
channel-6994,1324814,30307980,30307990,10
channel-6994,1324815,30307981,30308011,30
channel-874,293148,30307991,30307997,6
channel-208,1490299,30308011,30308020,9
channel-85077,60301,30308013,30308022,9
channel-874,293149,30308019,30308038,19
channel-85077,60302,30308032,30308040,8
channel-6994,1324816,30308042,30308057,15
channel-2,130647,30308042,30308056,14
channel-750,683027,30308043,30308049,6
channel-85077,60303,30308057,30308065,8
channel-85077,60304,30308065,30308074,9
channel-6994,1324817,30308074,30308085,11
channel-874,293150,30308076,30308085,9
channel-19774,345987,30308090,30308102,12
channel-122,668061,30308092,30308096,4
channel-85077,60305,30308104,30308113,9
channel-6994,1324818,30308121,30308133,12
channel-6994,1324819,30308127,30308137,10
channel-0,4038797,30308129,30308138,9
channel-750,683028,30308139,30308149,10
channel-0,4038798,30308151,30308162,11
channel-122,668062,30308152,30308156,4
channel-85077,60306,30308154,30308163,9
channel-0,4038799,30308165,30308175,10
channel-2188,43705,30308166,30308171,5
channel-750,683029,30308168,30308175,7
channel-750,683030,30308172,30308182,10
channel-6994,1324820,30308175,30308187,12
channel-85077,60307,30308175,30308186,11
channel-0,4038800,30308177,30308187,10
channel-85077,60308,30308179,30308188,9
channel-0,4038801,30308185,30308197,12
channel-750,683031,30308186,30308199,13
channel-2188,43706,30308192,30308196,4
channel-75,845058,30308194,30308200,6
channel-6994,1324821,30308197,30308209,12
channel-750,683032,30308203,30308210,7
channel-783,104264,30308221,30308230,9
channel-229,55030,30308224,30308236,12
channel-6994,1324822,30308227,30308238,11
channel-208,1490300,30308229,30308239,10
channel-19774,345988,30308229,30308237,8
channel-2,130648,30308238,30308248,10
channel-85077,60309,30308241,30308260,19
channel-19774,345989,30308242,30308253,11
channel-0,4038802,30308259,30308270,11
channel-85077,60310,30308263,30308270,7
channel-0,4038803,30308290,30308303,13
channel-208,1490301,30308294,30308305,11
channel-208,1490302,30308308,30308319,11
channel-208,1490303,30308350,30308359,9
channel-42,1490023,30308353,30308365,12
channel-208,1490304,30308374,30308383,9
channel-42,1490024,30308375,30308382,7
channel-750,683033,30308377,30308381,4
channel-6994,1324823,30308383,30308390,7
channel-42,1490025,30308385,30308390,5
channel-0,4038804,30308387,30308395,8
channel-6994,1324824,30308395,30308445,50
channel-750,683034,30308397,30308411,14
channel-0,4038805,30308402,30308412,10
channel-782,310205,30308403,30308410,7
channel-122,668063,30308408,30308411,3
channel-88,467130,30308416,30308429,13
channel-259,314342,30308418,30308424,6
channel-6994,1324825,30308425,30308445,20
channel-6994,1324826,30308426,30308445,19
channel-85077,60311,30308441,30308451,10
channel-783,104265,30308445,30308454,9
channel-1,408418,30308453,30308470,17
channel-85077,60312,30308459,30308467,8
channel-0,4038806,30308459,30308478,19
channel-6994,1324827,30308460,30308500,40
channel-0,4038807,30308461,30308472,11
channel-750,683035,30308463,30308469,6
channel-85077,60313,30308469,30308479,10
channel-85077,60314,30308472,30308482,10
channel-0,4038808,30308481,30308492,11
channel-750,683036,30308481,30308495,14
channel-750,683037,30308481,30308492,11
channel-0,4038809,30308494,30308507,13
channel-0,4038810,30308504,30308515,11
channel-38946,124196,30308508,30308525,17
channel-2,130649,30308511,30308521,10
channel-783,104266,30308524,30308534,10
channel-6994,1324828,30308549,30308591,42
channel-89321,19456,30308554,30308560,6
channel-216,94240,30308560,30308661,101
channel-750,683038,30308577,30308588,11
channel-85077,60315,30308579,30308588,9
channel-874,293151,30308579,30308584,5
channel-750,683039,30308580,30308594,14
channel-2188,43707,30308582,30308587,5
channel-874,293152,30308588,30308593,5
channel-38946,124197,30308588,30308600,12
channel-259,314343,30308591,30308597,6
channel-143,128382,30308593,30308615,22
channel-38946,124198,30308594,30308614,20
channel-6994,1324829,30308595,30308608,13
channel-2188,43708,30308596,30308601,5
channel-85077,60316,30308597,30308605,8
channel-85791,3770,30308598,30308604,6
channel-783,104267,30308610,30308618,8
channel-85077,60317,30308610,30308624,14
channel-75,845059,30308610,30308619,9
channel-750,683040,30308610,30308625,15
channel-38946,124199,30308616,30308633,17
channel-259,314344,30308619,30308626,7
channel-750,683041,30308621,30308636,15
channel-750,683042,30308622,30308636,14
channel-0,4038811,30308628,30308654,26
channel-750,683043,30308631,30308646,15
channel-85077,60318,30308636,30308650,14
channel-216,94241,30308636,30308706,70
channel-38946,124200,30308638,30308651,13
channel-6994,1324830,30308641,30308682,41
channel-750,683044,30308652,30308663,11
channel-6994,1324831,30308657,30308667,10
channel-750,683045,30308664,30308668,4
channel-750,683046,30308674,30308688,14
channel-326,538070,30308680,30308686,6
channel-0,4038812,30308689,30308698,9
channel-750,683047,30308699,30308709,10
channel-85077,60319,30308699,30308706,7
channel-750,683048,30308701,30308712,11
channel-6994,1324832,30308702,30308726,24
channel-75,845060,30308703,30308710,7
channel-38946,124201,30308703,30308717,14
channel-6994,1324833,30308708,30308751,43
channel-85077,60320,30308721,30308730,9
channel-750,683049,30308727,30308750,23
channel-750,683050,30308731,30308760,29
channel-75,845061,30308733,30308749,16
channel-6994,1324834,30308738,30308751,13
channel-0,4038813,30308740,30308749,9
channel-750,683051,30308756,30308760,4
channel-6994,1324835,30308773,30308811,38
channel-122,668064,30308774,30308777,3
channel-6994,1324836,30308790,30308800,10
channel-874,293153,30308797,30308803,6
channel-6994,1324837,30308800,30308807,7
channel-85077,60321,30308801,30308809,8
channel-199,132744,30308803,30308808,5
channel-122,668065,30308804,30308808,4
channel-750,683052,30308805,30308821,16
channel-750,683053,30308808,30308812,4
channel-216,94242,30308808,30308933,125
channel-874,293154,30308818,30308840,22
channel-750,683054,30308824,30308846,22
channel-6994,1324838,30308831,30308872,41
channel-0,4038814,30308843,30308852,9
channel-0,4038815,30308843,30308852,9
channel-750,683055,30308843,30308858,15
channel-89321,19457,30308852,30308878,26
channel-208,1490305,30308853,30308865,12
channel-85077,60322,30308854,30308866,12
channel-750,683056,30308857,30308869,12
channel-0,4038816,30308860,30308873,13
channel-85077,60323,30308862,30308879,17
channel-259,314345,30308865,30308869,4
channel-85077,60324,30308870,30308879,9
channel-6994,1324839,30308877,30308888,11
channel-2188,43709,30308880,30308886,6
channel-0,4038817,30308897,30308907,10
channel-6994,1324840,30308898,30308950,52
channel-208,1490306,30308899,30308910,11
channel-85077,60325,30308901,30308913,12
channel-6994,1324841,30308903,30308959,56
channel-122,668066,30308915,30308920,5
channel-8,43460,30308919,30308946,27
channel-0,4038818,30308920,30308930,10
channel-0,4038819,30308930,30308941,11
channel-750,683057,30308934,30308947,13
channel-1,408419,30308943,30308969,26
channel-199,132745,30308946,30308964,18
channel-143,128383,30308953,30308967,14
channel-208,1490307,30308957,30308970,13
channel-199,132746,30308998,30309007,9
channel-85077,60326,30309002,30309022,20
channel-750,683058,30309011,30309021,10
channel-750,683059,30309012,30309027,15
channel-0,4038820,30309023,30309035,12
channel-85077,60327,30309035,30309047,12
channel-85077,60328,30309036,30309047,11
channel-229,55031,30309036,30309045,9
channel-6994,1324842,30309037,30309062,25
channel-783,104268,30309038,30309048,10
channel-750,683060,30309040,30309053,13
channel-199,132747,30309041,30309052,11
channel-326,538071,30309045,30309054,9
channel-0,4038821,30309059,30309071,12
channel-19774,345990,30309071,30309085,14
channel-85791,3771,30309077,30309091,14
channel-750,683061,30309087,30309104,17
channel-750,683062,30309097,30309102,5
channel-85077,60329,30309099,30309107,8
channel-2188,43710,30309099,30309105,6
channel-2494,31946,30309104,30309114,10
channel-85077,60330,30309118,30309125,7
channel-2188,43711,30309120,30309125,5
channel-1,408420,30309120,30309132,12
channel-2494,31947,30309137,30309146,9
channel-750,683063,30309145,30309155,10
channel-5,184299,30309148,30309157,9
channel-85077,60331,30309152,30309170,18
channel-750,683064,30309166,30309177,11
channel-1,408421,30309171,30309207,36
channel-0,4038822,30309174,30309191,17
channel-750,683065,30309178,30309183,5
channel-85077,60332,30309181,30309191,10
channel-6994,1324843,30309181,30309190,9
channel-750,683066,30309187,30309197,10
channel-750,683067,30309196,30309212,16
channel-750,683068,30309196,30309210,14
channel-2188,43712,30309199,30309204,5
channel-85077,60333,30309202,30309210,8
channel-122,668067,30309206,30309209,3
channel-750,683069,30309210,30309231,21
channel-21113,25336,30309211,30309221,10
channel-85077,60334,30309222,30309231,9
channel-750,683070,30309227,30309235,8
channel-122,668068,30309232,30309236,4
channel-6787,166717,30309233,30309237,4
channel-0,4038823,30309234,30309242,8
channel-85077,60335,30309239,30309248,9
channel-122,668069,30309241,30309244,3
channel-750,683071,30309249,30309260,11
channel-122,668070,30309251,30309255,4
channel-85077,60336,30309257,30309268,11
channel-165,71450,30309268,30309279,11
channel-75,845062,30309270,30309278,8
channel-98451,44,30309270,30309283,13
channel-6994,1324844,30309272,30309284,12
channel-750,683072,30309272,30309284,12
channel-85077,60337,30309274,30309288,14
channel-0,4038824,30309277,30309295,18
channel-122,668071,30309286,30309291,5
channel-6994,1324845,30309291,30309301,10
channel-0,4038825,30309294,30309304,10
channel-0,4038826,30309301,30309314,13
channel-2188,43713,30309303,30309308,5
channel-0,4038827,30309314,30309325,11
channel-750,683073,30309325,30309337,12
channel-85077,60338,30309325,30309333,8
channel-122,668072,30309329,30309332,3
channel-874,293155,30309329,30309334,5
channel-750,683074,30309330,30309341,11
channel-6994,1324846,30309330,30309341,11
channel-85077,60339,30309348,30309358,10
channel-6994,1324847,30309350,30309362,12
channel-122,668073,30309357,30309363,6
channel-0,4038828,30309358,30309378,20
channel-85077,60340,30309363,30309375,12
channel-89321,19458,30309363,30309375,12
channel-85077,60341,30309365,30309375,10
channel-750,683075,30309366,30309371,5
channel-750,683076,30309372,30309378,6
channel-85077,60342,30309374,30309382,8
channel-85077,60343,30309378,30309387,9
channel-750,683077,30309381,30309392,11
channel-750,683078,30309383,30309392,9
channel-122,668074,30309383,30309388,5
channel-2188,43714,30309387,30309391,4
channel-750,683079,30309387,30309402,15
channel-750,683080,30309397,30309406,9
channel-0,4038829,30309401,30309407,6
channel-85077,60344,30309404,30309412,8
channel-750,683081,30309411,30309422,11
channel-6994,1324848,30309416,30309425,9
channel-85077,60345,30309416,30309425,9
channel-750,683082,30309416,30309427,11
channel-85077,60346,30309420,30309427,7
channel-6994,1324849,30309420,30309429,9
channel-326,538072,30309424,30309430,6
channel-4,166975,30309426,30309464,38
channel-750,683083,30309431,30309449,18
channel-750,683084,30309435,30309446,11
channel-2494,31948,30309437,30309449,12
channel-750,683085,30309440,30309449,9
channel-6994,1324850,30309441,30309456,15
channel-89298,18684,30309446,30309452,6
channel-0,4038830,30309446,30309454,8
channel-6994,1324851,30309450,30309460,10
channel-2716,2666,30309452,30309503,51
channel-2188,43715,30309460,30309465,5
channel-0,4038831,30309463,30309470,7
channel-85077,60347,30309468,30309477,9
channel-75,845063,30309471,30309477,6
channel-750,683086,30309476,30309488,12
channel-326,538073,30309482,30309508,26
channel-2188,43716,30309487,30309497,10
channel-85077,60348,30309487,30309498,11
channel-750,683087,30309492,30309505,13
channel-750,683088,30309508,30309524,16
channel-6994,1324852,30309517,30309527,10
channel-750,683089,30309531,30309548,17
channel-874,293156,30309532,30309538,6
channel-750,683090,30309539,30309554,15
channel-85077,60349,30309541,30309559,18
channel-85077,60350,30309545,30309559,14
channel-85077,60351,30309546,30309559,13
channel-750,683091,30309548,30309553,5
channel-6994,1324853,30309548,30309562,14
channel-750,683092,30309560,30309572,12
channel-2716,2667,30309572,30309605,33
channel-750,683093,30309572,30309581,9
channel-75,845064,30309575,30309582,7
channel-199,132748,30309582,30309593,11
channel-750,683094,30309584,30309595,11
channel-85077,60352,30309595,30309607,12
channel-750,683095,30309595,30309600,5
channel-6994,1324854,30309597,30309610,13
channel-750,683096,30309601,30309616,15
channel-750,683097,30309611,30309624,13
channel-750,683098,30309614,30309627,13
channel-750,683099,30309622,30309633,11
channel-750,683100,30309627,30309639,12
channel-88,467131,30309630,30309645,15
channel-750,683101,30309633,30309639,6
channel-85077,60353,30309636,30309644,8
channel-85077,60354,30309636,30309644,8
channel-750,683102,30309638,30309652,14
channel-85077,60355,30309638,30309650,12
channel-6994,1324855,30309639,30309648,9
channel-75,845065,30309642,30309649,7
channel-750,683103,30309643,30309655,12
channel-5,184300,30309643,30309653,10
channel-750,683104,30309644,30309657,13
channel-750,683105,30309650,30309663,13
channel-75,845066,30309651,30309657,6
channel-85077,60356,30309651,30309661,10
channel-750,683106,30309660,30309677,17
channel-85077,60357,30309671,30309683,12
channel-6994,1324856,30309671,30309681,10
channel-89321,19459,30309676,30309687,11
channel-85077,60358,30309680,30309692,12
channel-750,683107,30309681,30309695,14
channel-85077,60359,30309681,30309702,21
channel-89321,19460,30309691,30309700,9
channel-85077,60360,30309691,30309709,18
channel-750,683108,30309694,30309699,5
channel-85077,60361,30309695,30309709,14
channel-85077,60362,30309702,30309720,18
channel-750,683109,30309712,30309716,4
channel-89321,19461,30309714,30309721,7
channel-42,1490026,30309719,30309726,7
channel-750,683110,30309721,30309735,14
channel-750,683111,30309725,30309730,5
channel-204,670812,30309728,30309738,10
channel-0,4038832,30309733,30309758,25
channel-6994,1324857,30309736,30309748,12
channel-750,683112,30309742,30309751,9
channel-208,1490308,30309752,30309763,11
channel-1,408422,30309753,30309781,28
channel-199,132749,30309756,30309770,14
channel-750,683113,30309758,30309766,8
channel-113,301337,30309762,30309803,41
channel-204,670813,30309769,30309777,8
channel-750,683114,30309784,30309796,12
channel-19774,345991,30309784,30309796,12
channel-0,4038833,30309787,30309804,17
channel-204,670814,30309787,30309795,8
channel-85077,60363,30309797,30309807,10
channel-0,4038834,30309797,30309809,12
channel-750,683115,30309809,30309822,13
channel-0,4038835,30309809,30309819,10
channel-2188,43717,30309813,30309816,3
channel-0,4038836,30309817,30309829,12
channel-6994,1324858,30309819,30309831,12
channel-85077,60364,30309831,30309842,11
channel-6994,1324859,30309832,30309844,12
channel-0,4038837,30309833,30309844,11
channel-85077,60365,30309836,30309845,9
channel-122,668075,30309838,30309841,3
channel-874,293157,30309841,30309847,6
channel-0,4038838,30309848,30309859,11
channel-6994,1324860,30309851,30309890,39
channel-19774,345992,30309854,30309879,25
channel-204,670815,30309855,30309862,7
channel-85077,60366,30309856,30309864,8
channel-6994,1324861,30309860,30309871,11
channel-6994,1324862,30309861,30309886,25
channel-750,683116,30309861,30309868,7
channel-85077,60367,30309861,30309874,13
channel-8945,17750,30309862,30309870,8
channel-85077,60368,30309865,30309874,9
channel-85077,60369,30309869,30309880,11
channel-6994,1324863,30309873,30309886,13
channel-412,64596,30309875,30309884,9
channel-85077,60370,30309875,30309885,10
channel-750,683117,30309878,30309884,6
channel-85077,60371,30309879,30309888,9
channel-0,4038839,30309885,30309906,21
channel-874,293158,30309887,30309894,7
channel-199,132750,30309887,30309896,9
channel-6994,1324864,30309890,30309912,22
channel-204,670816,30309891,30309899,8
channel-89321,19462,30309892,30309922,30
channel-0,4038840,30309893,30309922,29
channel-6994,1324865,30309894,30309923,29
channel-750,683118,30309894,30309913,19
channel-320,119207,30309907,30309918,11
channel-750,683119,30309912,30309922,10
channel-6994,1324866,30309915,30309979,64
channel-19774,345993,30309917,30309941,24
channel-750,683120,30309918,30309927,9
channel-750,683121,30309922,30309936,14
channel-750,683122,30309922,30309936,14
channel-2188,43718,30309923,30309927,4
channel-750,683123,30309925,30309929,4
channel-73755,5835,30309926,30309934,8
channel-750,683124,30309927,30309939,12
channel-6787,166718,30309932,30309938,6
channel-320,119208,30309933,30309947,14
channel-204,670817,30309934,30309947,13
channel-6994,1324867,30309944,30309955,11
channel-0,4038841,30309948,30309970,22
channel-492,20119,30309950,30309959,9
channel-75,845067,30309951,30309956,5
channel-6994,1324869,30309952,30309979,27
channel-6994,1324870,30309953,30309979,26
channel-2188,43719,30309957,30309961,4
channel-75,845068,30309964,30309971,7
channel-19774,345994,30309965,30309987,22
channel-0,4038842,30309965,30309974,9
channel-412,64597,30309966,30309975,9
channel-326,538074,30309967,30309971,4
channel-6994,1324871,30309970,30309984,14
channel-750,683125,30309985,30309996,11
channel-85077,60372,30309985,30309996,11
channel-750,683126,30309989,30309999,10
channel-750,683127,30309995,30310000,5
